-40.0 190.95264176902936
-39.9 189.91407580756305
-39.8 188.88177241922108
-39.7 187.85569049608262
-39.6 186.8357892200319
-39.5 185.82202806058535
-39.4 184.81436677274309
-39.3 183.8127653948454
-39.2 182.81718424645865
-39.1 181.82758392626863
-39.0 180.84392530999557
-38.9 179.86616954832203
-38.8 178.89427806484133
-38.7 177.9282125540192
-38.6 176.96793497916929
-38.5 176.0134075704517
-38.4 175.06459282287872
-38.3 174.12145349434425
-38.2 173.18395260366162
-38.1 172.2520534286215
-38.0 171.32571950406287
-37.9 170.40491461996206
-37.8 169.48960281953
-37.7 168.57974839733424
-37.6 167.67531589742748
-37.5 166.7762701114921
-37.4 165.8825760770046
-37.3 164.99419907540806
-37.2 164.1111046303025
-37.1 163.23325850564748
-37.0 162.36062670397925
-36.9 161.49317546464465
-36.8 160.63087126204383
-36.7 159.77368080388888
-36.6 158.92157102947985
-36.5 158.07450910798673
-36.4 157.23246243675126
-36.3 156.3953986395989
-36.2 155.56328556516436
-36.1 154.73609128523165
-36.0 153.9137840930846
-35.9 153.09633250187142
-35.8 152.28370524298478
-35.7 151.47587126444697
-35.6 150.67279972931712
-35.5 149.87446001410459
-35.4 149.08082170719496
-35.3 148.29185460729113
-35.2 147.50752872186456
-35.1 146.72781426561795
-35.0 145.95268165896331
-34.9 145.18210152650624
-34.8 144.4160446955476
-34.7 143.65448219459373
-34.6 142.89738525187755
-34.5 142.14472529389377
-34.4 141.39647394394427
-34.3 140.65260302069206
-34.2 139.91308453673193
-34.1 139.17789069716838
-34.0 138.4469938982038
-33.9 137.7203667257405
-33.8 136.99798195399083
-33.7 136.2798125441024
-33.6 135.56583164278595
-33.5 134.85601258096352
-33.4 134.1503288724183
-33.3 133.4487542124614
-33.2 132.75126247660657
-33.1 132.05782771925274
-33.0 131.36842417238
-32.9 130.68302624425525
-32.8 130.00160851814573
-32.7 129.32414575104522
-32.6 128.6506128724069
-32.5 127.98098498288904
-32.4 127.31523735310923
-32.3 126.65334542240673
-32.2 125.99528479761591
-32.1 125.34103125184953
-32.0 124.69056072328934
-31.9 124.04384931398768
-31.8 123.40087328867888
-31.7 122.76160907359647
-31.6 122.12603325530436
-31.5 121.49412257953159
-31.4 120.8658539500203
-31.3 120.2412044273808
-31.2 119.62015122795599
-31.1 119.00267172269196
-31.0 118.38874343602133
-30.9 117.7783440447527
-30.8 117.17145137696852
-30.7 116.56804341093218
-30.6 115.96809827400301
-30.5 115.37159424155867
-30.4 114.77850973592948
-30.3 114.18882332533455
-30.2 113.60251372283233
-30.1 113.01955978527583
-30.0 112.43994051227628
-29.9 111.86363504517374
-29.8 111.29062266601811
-29.7 110.72088279655686
-29.6 110.15439499722864
-29.5 109.59113896616554
-29.4 109.03109453820534
-29.3 108.4742416839084
-29.2 107.92056050858177
-29.1 107.3700312513137
-29.0 106.82263428401177
-28.9 106.27835011045208
-28.8 105.73715936533206
-28.7 105.19904281333294
-28.6 104.66398134818866
-28.5 104.1319559917614
-28.4 103.60294789312398
-28.3 103.07693832765074
-28.2 102.55390869611385
-28.1 102.03384052378541
-28.0 101.51671545955072
-27.9 101.00251527502186
-27.8 100.49122186366385
-27.7 99.98281723992395
-27.6 99.47728353836904
-27.5 98.97460301282814
-27.4 98.4747580355432
-27.3 97.97773109632543
-27.2 97.48350480171689
-27.1 96.99206187416036
-27.0 96.50338515117414
-26.9 96.01745758453382
-26.8 95.53426223945975
-26.7 95.05378229381066
-26.6 94.57600103728282
-26.5 94.10090187061753
-26.4 93.6284683048106
-26.3 93.15868396033248
-26.2 92.69153256634982
-26.1 92.22699795995524
-26.0 91.76506408540392
-25.9 91.30571499335291
-25.8 90.84893484010819
-25.7 90.3947078868773
-25.6 89.94301849902719
-25.5 89.49385114534714
-25.4 89.04719039731742
-25.3 88.60302092838515
-25.2 88.16132751324294
-25.1 87.72209502711416
-25.0 87.28530844504411
-24.9 86.8509528411955
-24.8 86.41901338814966
-24.7 85.98947535621271
-24.6 85.56232411272748
-24.5 85.13754512139006
-24.4 84.71512394157126
-24.3 84.29504622764384
-24.2 83.87729772831428
-24.1 83.46186428595911
-24.0 83.04873183596808
-23.9 82.63788640608874
-23.8 82.22931411577987
-23.7 81.8230011755666
-23.6 81.4189338864023
-23.5 81.01709863903416
-23.4 80.61748191337341
-23.3 80.2200702778721
-23.2 79.82485038890054
-23.1 79.43180899013433
-23.0 79.0409329119419
-22.9 78.65220907077867
-22.8 78.26562446858509
-22.7 77.88116619218924
-22.6 77.49882141271378
-22.5 77.11857738498728
-22.4 76.74042144696037
-22.3 76.3643410191256
-22.2 75.99032360394125
-22.1 75.61835678526063
-22.0 75.24842822776516
-21.9 74.88052567640067
-21.8 74.51463695581887
-21.7 74.15074996982287
-21.6 73.78885270081642
-21.5 73.4289332092575
-21.4 73.07097963311568
-21.3 72.7149801873332
-21.2 72.36092316329234
-21.1 72.008796928282
-21.0 71.65858992497301
-20.9 71.31029067089493
-20.8 70.96388775791686
-20.7 70.61936985173207
-20.6 70.27672569134756
-20.5 69.93594408857511
-20.4 69.5970139275288
-20.3 69.25992416412359
-20.2 68.92466382558001
-20.1 68.59122200993065
-20.0 68.25958788553046
-19.9 67.92975069057222
-19.8 67.60169973260344
-19.7 67.27542438804855
-19.6 66.95091410173322
-19.5 66.62815838641319
-19.4 66.30714682230607
-19.3 65.98786905662656
-19.2 65.67031480312491
-19.1 65.35447384162927
-19.0 65.04033601759161
-18.9 64.72789124163515
-18.8 64.41712948910744
-18.7 64.10804079963523
-18.6 63.80061527668333
-18.5 63.49484308711588
-18.4 63.190714460761555
-18.3 62.88821968998184
-18.2 62.58734912924195
-18.1 62.28809319468518
-18.0 61.99044236371146
-17.9 61.69438717455585
-17.8 61.39991822587404
-17.7 61.107026176328226
-17.6 60.81570174417666
-17.5 60.52593570686613
-17.4 60.23771890062808
-17.3 59.95104222007664
-17.2 59.665896617810525
-17.1 59.382273104016704
-17.0 59.10016274607771
-16.9 58.81955666818245
-16.8 58.54044605093772
-16.7 58.26282213098524
-16.6 57.98667620061898
-16.5 57.71199960740703
-16.4 57.43878375381502
-16.3 57.167020096833205
-16.2 56.89670014760571
-16.1 56.62781547106209
-16.0 56.360357685552884
-15.9 56.09431846248608
-15.8 55.8296895259675
-15.7 55.56646265244298
-15.6 55.30462967034442
-15.5 55.0441824597359
-15.4 54.785112951964926
-15.3 54.52741312931574
-15.2 54.27107502466231
-15.1 54.016090721128506
-15.0 53.762452351746774
-14.9 53.51015209912134
-14.8 53.259182195093075
-14.7 53.00953492040634
-14.6 52.76120260438016
-14.5 52.514177624579084
-14.4 52.26845240648828
-14.3 52.02401942319051
-14.2 51.78087119504537
-14.1 51.53900028937012
-14.0 51.29839932012422
-13.9 51.059060947595015
-13.8 50.820977878086175
-13.7 50.58414286360761
-13.6 50.348548701569364
-13.5 50.11418823447542
-13.4 49.881054349621195
-13.3 49.64913997879296
-13.2 49.418438097969165
-13.1 49.188941727023824
-13.0 48.96064392943218
-12.9 48.73353781197884
-12.8 48.50761652446703
-12.7 48.28287325943084
-12.6 48.05930125184963
-12.5 47.83689377886252
-12.4 47.615644159488475
-12.3 47.39554575434455
-12.2 47.17659196536908
-12.1 46.958776235544725
-12.0 46.742092048625295
-11.9 46.526532928863205
-11.8 46.312092440738965
-11.7 46.09876418869391
-11.6 45.88654181686257
-11.5 45.67541900880938
-11.4 45.465389487265455
-11.3 45.256447013867906
-11.2 45.048585388901124
-11.1 44.84179845103932
-11.0 44.636080077092366
-10.9 44.4314241817509
-10.8 44.22782471733588
-10.7 44.025275673547974
-10.6 43.823771077220044
-10.5 43.62330499207009
-10.4 43.423871518457716
-10.3 43.225464793140205
-10.2 43.02807898903213
-10.1 42.83170831496498
-10.0 42.63634701545061
-9.9 42.44198937044441
-9.8 42.24862969511047
-9.7 42.05626233959008
-9.6 41.86488168876921
-9.5 41.674482162049955
-9.4 41.48505821312209
-9.3 41.296604329737065
-9.2 41.10911503348319
-9.1 40.92258487956226
-9.0 40.7370084565687
-8.9 40.55238038626886
-8.8 40.36869532338252
-8.7 40.18594795536679
-8.6 40.00413300219933
-8.5 39.823245216166164
-8.4 39.64327938164765
-8.3 39.46423031490856
-8.2 39.28609286388826
-8.1 39.10886190799264
-8.0 38.93253235788817
-7.9 38.75709915529592
-7.8 38.58255727278867
-7.7 38.408901713588484
-7.6 38.23612751136557
-7.5 38.064229730039465
-7.4 37.89320346358013
-7.3 37.72304383581233
-7.2 37.553746000219824
-7.1 37.38530513975122
-7.0 37.217716466628204
-6.9 37.05097522215318
-6.8 36.88507667652059
-6.7 36.72001612862762
-6.6 36.555788905887
-6.5 36.392390364041255
-6.4 36.22981588697789
-6.3 36.06806088654624
-6.2 35.90712080237505
-6.1 35.74699110169175
-6.0 35.587667279143005
-5.9 35.429144856616126
-5.8 35.27141938306232
-5.7 35.11448643432042
-5.6 34.95834161294232
-5.5 34.80298054801988
-5.4 34.64839889501209
-5.3 34.49459233557445
-5.2 34.34155657738898
-5.1 34.189287353995354
-5.0 34.03778042462371
-4.9 33.88703157402774
-4.8 33.73703661232022
-4.7 33.58779137480787
-4.6 33.43929172182954
-4.5 33.291533538593605
-4.4 33.1445127350173
-4.3 32.99822524556766
-4.2 32.852667029102115
-4.1 32.707834068711925
-4.0 32.56372237156551
-3.9 32.42032796875275
-3.8 32.27764691513174
-3.7 32.13567528917449
-3.6 31.99440919281596
-3.5 31.85384475130238
-3.4 31.71397811304111
-3.3 31.57480544945227
-3.2 31.43632295482017
-3.1 31.298526846146775
-3.0 31.161413363005742
-2.9 31.02497876739709
-2.8 30.88921934360386
-2.7 30.754131398048617
-2.6 30.619711259151856
-2.5 30.48595527719085
-2.4 30.352859824159427
-2.3 30.220421293629343
-2.2 30.08863610061153
-2.1 29.957500681419628
-2.0 29.827011493533135
-1.9 29.697165015462126
-1.8 29.56795774661346
-1.7 29.439386207156353
-1.6 29.311446937890615
-1.5 29.184136500114757
-1.4 29.05745147549465
-1.3 28.931388465934585
-1.2 28.80594409344757
-1.1 28.681115000027383
-1.0 28.556897847521544
-0.9 28.433289317504528
-0.8 28.310286111152692
-0.7 28.187884949119017
-0.6 28.066082571409915
-0.5 27.944875737261835
-0.4 27.824261225019086
-0.3 27.704235832012827
-0.2 27.584796374440085
-0.1 27.46593968724457
0.0 27.34766262399755
0.1 27.2299620567795
0.2 27.112834876063427
0.3 26.996277990597875
0.4 26.880288327291417
0.5 26.764862831097922
0.6 26.649998464901913
0.7 26.535692209405866
0.8 26.421941063016813
0.9 26.308742041735357
1.0 26.19609217904406
1.1 26.08398852579695
1.2 25.972428150110552
1.3 25.861408137254298
1.4 25.75092558954298
1.5 25.64097762622919
1.6 25.53156138339633
1.7 25.422674013853094
1.8 25.31431268702796
1.9 25.20647458886471
2.0 25.099156921718706
2.1 24.99235690425344
2.2 24.886071771338635
2.3 24.78029877394766
2.4 24.67503517905742
2.5 24.570278269547178
2.6 24.466025344099197
2.7 24.3622737170996
2.8 24.259020718539904
2.9 24.156263693919442
3.0 24.054000004148286
3.1 23.952227025450348
3.2 23.85094214926836
3.3 23.75014278216804
3.4 23.649826345743907
3.5 23.54999027652557
3.6 23.450632025883777
3.7 23.351749059938683
3.8 23.253338859467195
3.9 23.155398919811653
4.0 23.057926750789395
4.1 22.96091987660206
4.2 22.864375835746472
4.3 22.768292180925208
4.4 22.67266647895851
4.5 22.577496310696475
4.6 22.482779270931452
4.7 22.388512968311883
4.8 22.294695025255837
4.9 22.201323077865762
5.0 22.108394775843497
5.1 22.015907782405638
5.2 21.92385977420015
5.3 21.832248441222685
5.4 21.74107148673426
5.5 21.650326627178874
5.6 21.560011592101837
5.7 21.47012412406886
5.8 21.380661978585344
5.9 21.29162292401665
6.0 21.20300474150833
6.1 21.11480522490719
6.2 21.02702218068316
6.3 20.93965342785091
6.4 20.852696797892897
6.5 20.76615013468228
6.6 20.680011294406405
6.7 20.594278145491174
6.8 20.508948568525472
6.9 20.424020456186405
7.0 20.339491713164872
7.1 20.255360256091585
7.2 20.171624013463823
7.3 20.08828092557226
7.4 20.00532894442877
7.5 19.922766033694295
7.6 19.840590168607317
7.7 19.758799335912947
7.8 19.677391533792207
7.9 19.596364771792132
8.0 19.515717070755738
8.1 19.43544646275334
8.2 19.355550991013487
8.3 19.276028709854614
8.4 19.196877684617522
8.5 19.118095991597606
8.6 19.03968171797817
8.7 18.961632961763865
8.8 18.883947831714437
8.9 18.80662444727928
9.0 18.729660938532106
9.1 18.653055446106116
9.2 18.57680612112982
9.3 18.500911125162727
9.4 18.425368630132194
9.5 18.350176818269993
9.6 18.275333882049814
9.7 18.200838024124867
9.8 18.12668745726588
9.9 18.05288040429989
10.0 17.97941509804873
10.1 17.906289781268775
10.2 17.83350270659036
10.3 17.761052136457813
10.4 17.688936343070246
10.5 17.617153608321978
10.6 17.545702223744236
10.7 17.474580490446375
10.8 17.403786719058218
10.9 17.33331922967227
11.0 17.263176351786342
11.1 17.193356424246968
11.2 17.12385779519265
11.3 17.05467882199785
11.4 16.985817871217275
11.5 16.91727331853009
11.6 16.84904354868544
11.7 16.781126955447085
11.8 16.713521941539714
11.9 16.64622691859443
12.0 16.579240307095233
12.1 16.512560536325957
12.2 16.446186044316892
12.3 16.380115277792545
12.4 16.314346692119127
12.5 16.24887875125262
12.6 16.18370992768732
12.7 16.118838702404283
12.8 16.054263564820705
12.9 15.989983012739101
13.0 15.925995552296895
13.1 15.862299697916773
13.2 15.798893972256696
13.3 15.73577690616076
13.4 15.67294703861016
13.5 15.610402916674369
13.6 15.548143095462908
13.7 15.486166138077065
13.8 15.424470615562344
13.9 15.363055106860845
14.0 15.301918198764072
14.1 15.241058485866239
14.2 15.180474570517493
14.3 15.120165062777808
14.4 15.060128580370936
14.5 15.000363748638765
14.6 14.940869200495934
14.7 14.88164357638461
14.8 14.822685524229987
14.9 14.763993699395307
15.0 14.705566764638087
15.1 14.647403390065874
15.2 14.589502253092585
15.3 14.53186203839526
15.4 14.474481437870747
15.5 14.417359150592993
15.6 14.360493882770465
15.7 14.303884347703685
15.8 14.247529265743427
15.9 14.191427364248641
16.0 14.135577377545342
16.1 14.079978046885046
16.2 14.024628120403868
16.3 13.969526353081884
16.4 13.914671506702566
16.5 13.86006234981262
16.6 13.805697657682135
16.7 13.75157621226463
16.8 13.697696802157832
16.9 13.644058222564443
17.0 13.590659275253044
17.1 13.537498768519582
17.2 13.484575517148736
17.3 13.4318883423759
17.4 13.379436071849009
17.5 13.327217539590842
17.6 13.27523158596164
17.7 13.223477057621784
17.8 13.17195280749466
17.9 13.120657694730015
18.0 13.069590584667305
18.1 13.018750348799413
18.2 12.968135864736526
18.3 12.917746016170202
18.4 12.86757969283779
18.5 12.817635790487058
18.6 12.767913210840772
18.7 12.718410861562
18.8 12.669127656219013
18.9 12.620062514251101
19.0 12.57121436093401
19.1 12.522582127345803
19.2 12.474164750333133
19.3 12.425961172477447
19.4 12.377970342061431
19.5 12.33019121303595
19.6 12.282622744986776
19.7 12.23526390310187
19.8 12.188113658138723
19.9 12.141170986391804
20.0 12.094434869660438
20.1 12.047904295216737
20.2 12.001578255773694
20.3 11.955455749453627
20.4 11.909535779756686
20.5 11.863817355529601
20.6 11.81829949093474
20.7 11.772981205418999
20.8 11.727861523683417
20.9 11.682939475652518
21.0 11.638214096444043
21.1 11.593684426338967
21.2 11.549349510751423
21.3 11.505208400199093
21.4 11.461260150273672
21.5 11.417503821611337
21.6 11.373938479863812
21.7 11.330563195669274
21.8 11.2873770446234
21.9 11.244379107250978
22.0 11.201568468977268
22.1 11.158944220099768
22.2 11.116505455760143
22.3 11.074251275916222
22.4 11.032180785314315
22.5 10.99029309346158
22.6 10.94858731459854
22.7 10.907062567671975
22.8 10.865717976307733
22.9 10.824552668783847
23.0 10.783565778003803
23.1 10.742756441469902
23.2 10.702123801256915
23.3 10.661667003985837
23.4 10.621385200797596
23.5 10.581277547327455
23.6 10.541343203678894
23.7 10.50158133439823
23.8 10.461991108449114
23.9 10.422571699187072
24.0 10.38332228433462
24.1 10.344242045956062
24.2 10.30533017043272
24.3 10.266585848438284
24.4 10.228008274914208
24.5 10.18959664904539
24.6 10.151350174235949
24.7 10.113268058085
24.8 10.075349512362902
24.9 10.037593752987409
25.0 9.999999999999863
25.1 9.962567477541969
25.2 9.925295413832204
25.3 9.888183041142737
25.4 9.851229595776317
25.5 9.814434318043302
25.6 9.777796452238912
25.7 9.741315246620623
25.8 9.704989953385494
25.9 9.668819828647973
26.0 9.632804132417517
26.1 9.596942128576597
26.2 9.561233084858674
26.3 9.525676272826301
26.4 9.490270967849515
26.5 9.455016449084294
26.6 9.419911999450928
26.7 9.38495690561295
26.8 9.350150457955767
26.9 9.31549195056572
27.0 9.280980681209122
27.1 9.246615951311407
27.2 9.212397065936598
27.3 9.1783233337666
27.4 9.14439406708089
27.5 9.110608581736185
27.6 9.076966197146234
27.7 9.043466236261855
27.8 9.010108025550903
27.9 8.976890894978526
28.0 8.943814177987417
28.1 8.910877211478367
28.2 8.878079335790604
28.3 8.845419894682689
28.4 8.8128982353131
28.5 8.780513708221271
28.6 8.748265667308553
28.7 8.716153469819274
28.8 8.68417647632211
28.9 8.65233405069138
29.0 8.620625560088412
29.1 8.589050374943325
29.2 8.557607868936538
29.3 8.526297418980644
29.4 8.495118405202366
29.5 8.464070210924428
29.6 8.433152222647854
29.7 8.402363830034101
29.8 8.371704425887375
29.9 8.341173406137193
30.0 8.310770169820746
30.1 8.2804941190658
30.2 8.250344659073242
30.3 8.220321198100036
30.4 8.19042314744218
30.5 8.160649921417784
30.6 8.131000937350198
30.7 8.10147561555134
30.8 8.072073379304989
30.9 8.042793654850353
31.0 8.01363587136556
31.1 7.98459946095131
31.2 7.955683858614732
31.3 7.926888502253157
31.4 7.898212832638109
31.5 7.8696562933993714
31.6 7.841218331009085
31.7 7.812898394766018
31.8 7.784695936779985
31.9 7.756610411956093
32.0 7.728641277979441
32.1 7.7007879952995975
32.2 7.673050027115441
32.3 7.6454268393598435
32.4 7.617917900684582
32.5 7.590522682445366
32.6 7.563240658686867
32.7 7.5360713061278535
32.8 7.509014104146454
32.9 7.482068534765533
33.0 7.455234082638001
33.1 7.428510235032431
33.2 7.4018964818185475
33.3 7.375392315452985
33.4 7.348997230965037
33.5 7.322710725942429
33.6 7.296532300517302
33.7 7.270461457352242
33.8 7.244497701626301
33.9 7.218640541021303
34.0 7.192889485707895
34.1 7.167244048332101
34.2 7.141703744001635
34.3 7.116268090272363
34.4 7.090936607134982
34.5 7.06570881700161
34.6 7.040584244692516
34.7 7.0155624174230065
34.8 6.9906428647902095
34.9 6.965825118760143
35.0 6.94110871365474
35.1 6.916493186138888
35.2 6.891978075207769
35.3 6.867562922173957
35.4 6.8432472706549765
35.5 6.819030666560537
35.6 6.794912658080099
35.7 6.770892795670501
35.8 6.746970632043509
35.9 6.7231457221535775
36.0 6.699417623185631
36.1 6.675785894542948
36.2 6.652250097834996
36.3 6.628809796865579
36.4 6.605464557620758
36.5 6.582213948257092
36.6 6.559057539089834
36.7 6.535994902581147
36.8 6.513025613328528
36.9 6.490149248053161
37.0 6.467365385588452
37.1 6.444673606868542
37.2 6.422073494916917
37.3 6.399564634835127
37.4 6.377146613791536
37.5 6.354819021010059
37.6 6.332581447759134
37.7 6.310433487340657
37.8 6.2883747350788815
37.9 6.266404788309654
38.0 6.244523246369403
38.1 6.2227297105844395
38.2 6.201023784260194
38.3 6.179405072670469
38.4 6.157873183046953
38.5 6.136427724568538
38.6 6.115068308350908
38.7 6.09379454743614
38.8 6.072606056782183
38.9 6.05150245325272
39.0 6.030483355606851
39.1 6.009548384488832
39.2 5.988697162418056
39.3 5.96792931377895
39.4 5.94724446481088
39.5 5.926642243598302
39.6 5.9061222800607815
39.7 5.885684205943207
39.8 5.86532765480598
39.9 5.8450522620152725
40.0 5.824857664733379
40.1 5.8047435019090745
40.2 5.784709414268075
40.3 5.76475504430353
40.4 5.744880036266553
40.5 5.725084036156815
40.6 5.7053666917132615
40.7 5.68572765240472
40.8 5.666166569420777
40.9 5.6466830956625165
41.0 5.627276885733391
41.1 5.607947595930213
41.2 5.58869488423404
41.3 5.569518410301244
41.4 5.55041783545464
41.5 5.531392822674467
41.6 5.512443036589746
41.7 5.493568143469353
41.8 5.474767811213422
41.9 5.456041709344619
42.0 5.437389508999478
42.1 5.41881088291991
42.2 5.400305505444681
42.3 5.381873052500821
42.4 5.36351320159535
42.5 5.345225631806826
42.6 5.327010023776972
42.7 5.308866059702518
42.8 5.290793423326843
42.9 5.272791799931841
43.0 5.254860876329822
43.1 5.237000340855313
43.2 5.219209883357111
43.3 5.201489195190225
43.4 5.183837969207942
43.5 5.1662558997539
43.6 5.148742682654223
43.7 5.131298015209705
43.8 5.113921596188062
43.9 5.096613125816131
44.0 5.079372305772225
44.1 5.062198839178493
44.2 5.045092430593299
44.3 5.02805278600367
44.4 5.0110796128177775
44.5 4.9941726198574505
44.6 4.977331517350788
44.7 4.960556016924711
44.8 4.943845831597676
44.9 4.927200675772288
45.0 4.910620265228117
45.1 4.8941043171144525
45.2 4.877652549943076
45.3 4.861264683581178
45.4 4.8449404392442235
45.5 4.828679539488895
45.6 4.812481708206063
45.7 4.796346670613857
45.8 4.780274153250607
45.9 4.764263883968085
46.0 4.748315591924513
46.1 4.732429007577806
46.2 4.7166038626788005
46.3 4.700839890264423
46.4 4.685136824651064
46.5 4.669494401427838
46.6 4.653912357450011
46.7 4.638390430832355
46.8 4.62292836094258
46.9 4.607525888394845
47.0 4.592182755043258
47.1 4.576898703975407
47.2 4.561673479505942
47.3 4.546506827170239
47.4 4.531398493717985
47.5 4.51634822710695
47.6 4.501355776496639
47.7 4.486420892242089
47.8 4.471543325887697
47.9 4.456722830160961
48.0 4.441959158966459
48.1 4.427252067379638
48.2 4.412601311640842
48.3 4.398006649149229
48.4 4.3834678384567605
48.5 4.368984639262295
48.6 4.354556812405604
48.7 4.340184119861471
48.8 4.325866324733884
48.9 4.311603191250137
49.0 4.297394484755049
49.1 4.283239971705227
49.2 4.26913941966327
49.3 4.255092597292136
49.4 4.241099274349432
49.5 4.227159221681725
49.6 4.213272211219043
49.7 4.1994380159691955
49.8 4.1856564100122835
49.9 4.171927168495153
50.0 4.158250067625925
50.1 4.1446248846685325
50.2 4.131051397937307
50.3 4.117529386791553
50.4 4.104058631630229
50.5 4.090638913886569
50.6 4.077270016022777
50.7 4.063951721524807
50.8 4.050683814897029
50.9 4.037466081657086
51.0 4.024298308330658
51.1 4.011180282446313
51.2 3.9981117925303953
51.3 3.9850926281018713
51.4 3.9721225796673045
51.5 3.9592014387157994
51.6 3.946328997713934
51.7 3.93350505010082
51.8 3.9207293902831326
51.9 3.90800181363012
52.0 3.8953221164687672
52.1 3.882690096078869
52.2 3.87010555068816
52.3 3.8575682794675243
52.4 3.845078082526163
52.5 3.832634760906836
52.6 3.820238116581088
52.7 3.80788795244453
52.8 3.7955840723121796
52.9 3.7833262809137063
53.0 3.771114383888875
53.1 3.7589481877828637
53.2 3.746827500041674
53.3 3.7347521290075787
53.4 3.7227218839145833
53.5 3.7107365748838386
53.6 3.698796012919241
53.7 3.6869000099028906
53.8 3.675048378590653
53.9 3.6632409326077617
54.0 3.6514774864443913
54.1 3.6397578554512986
54.2 3.6280818558354744
54.3 3.6164493046557755
54.4 3.604860019818699
54.5 3.593313820074004
54.6 3.581810525010533
54.7 3.5703499550519573
54.8 3.558931931452532
54.9 3.547556276292937
55.0 3.5362228124761255
55.1 3.5249313637231388
55.2 3.5136817545690304
55.3 3.502473810358741
55.4 3.491307357243016
55.5 3.480182222174381
55.6 3.4690982329030855
55.7 3.4580552179731066
55.8 3.447053006718157
55.9 3.436091429257715
56.0 3.425170316493085
56.1 3.414289500103466
56.2 3.403448812542053
56.3 3.3926480870321845
56.4 3.3818871575634115
56.5 3.3711658588877387
56.6 3.36048402651576
56.7 3.3498414967128642
56.8 3.339238106495464
56.9 3.328673693627255
57.0 3.3181480966154377
57.1 3.307661154707052
57.2 3.297212707885241
57.3 3.286802596865587
57.4 3.276430663092474
57.5 3.266096748735408
57.6 3.2558006966854576
57.7 3.2455423505515837
57.8 3.2353215546571374
57.9 3.225138154036252
58.0 3.2149919944303083
58.1 3.20488292228443
58.2 3.1948107847439693
58.3 3.184775429651019
58.4 3.1747767055409666
58.5 3.1648144616390375
58.6 3.1548885478568605
58.7 3.1449988147890653
58.8 3.1351451137098953
58.9 3.1253272965698304
59.0 3.115545215992238
59.1 3.105798725270016
59.2 3.096087678362308
59.3 3.0864119298911743
59.4 3.0767713351383157
59.5 3.067165750041828
59.6 3.057595031192907
59.7 3.048059035832662
59.8 3.038557621848908
59.9 3.0290906477729003
60.0 3.019657972776241
60.1 3.010259456667666
60.2 3.0008949598899033
60.3 2.991564343516564
60.4 2.9822674692490123
60.5 2.9730041994132685
60.6 2.9637743969569645
60.7 2.9545779254462112
60.8 2.9454146490626347
60.9 2.9362844326002704
61.0 2.9271871414626145
61.1 2.918122641659588
61.2 2.9090907998045408
61.3 2.90009148311133
61.4 2.8911245593913453
61.5 2.882189897050559
61.6 2.8732873650866346
61.7 2.8644168330860094
61.8 2.8555781712210053
61.9 2.846771250246959
62.0 2.8379959414993565
62.1 2.8292521168910065
62.2 2.820539648909196
62.3 2.811858410612886
62.4 2.803208275629907
62.5 2.79458911815419
62.6 2.7860008129429805
62.7 2.7774432353141005
62.8 2.768916261143186
62.9 2.760419766860994
63.0 2.751953629450674
63.1 2.743517726445057
63.2 2.735111935924013
63.3 2.726736136511746
63.4 2.718390207374161
63.5 2.710074028216214
63.6 2.701787479279285
63.7 2.6935304413385883
63.8 2.685302795700543
63.9 2.6771044242002
64.0 2.668935209198686
64.1 2.660795033580618
64.2 2.6526837807515893
64.3 2.644601334635621
64.4 2.6365475796726425
64.5 2.6285224008159873
64.6 2.620525683529915
64.7 2.6125573137871356
64.8 2.604617178066319
64.9 2.5967051633496507
65.0 2.5888211571204196
65.1 2.580965047360567
65.2 2.573136722548275
65.3 2.5653360716555498
65.4 2.557562984145885
65.5 2.5498173499718324
65.6 2.542099059572659
65.7 2.5344080038719876
65.8 2.5267440742754816
65.9 2.519107162668486
66.0 2.511497161413735
66.1 2.503913963349033
66.2 2.496357461784979
66.3 2.488827550502691
66.4 2.4813241237515142
66.5 2.4738470762467815
66.6 2.466396303167579
66.7 2.4589717001545086
66.8 2.4515731633074527
66.9 2.4442005891833793
67.0 2.436853874794152
67.1 2.4295329176043348
67.2 2.422237615529017
67.3 2.4149678669316423
67.4 2.4077235706218807
67.5 2.4005046258534772
67.6 2.393310932322104
67.7 2.3861423901632626
67.8 2.378998899950177
67.9 2.3718803626916936
68.0 2.364786679830189
68.1 2.3577177532394895
68.2 2.3506734852228344
68.3 2.343653778510799
68.4 2.336658536259254
68.5 2.329687662047332
68.6 2.3227410598754274
68.7 2.3158186341631652
68.8 2.308920289747388
68.9 2.3020459318801896
69.0 2.2951954662269323
69.1 2.2883687988642647
69.2 2.2815658362781677
69.3 2.2747864853620046
69.4 2.2680306534145753
69.5 2.2612982481382082
69.6 2.254589177636803
69.7 2.247903350413954
69.8 2.2412406753710417
69.9 2.2346010618053316
70.0 2.2279844194080978
70.1 2.2213906582627567
70.2 2.2148196888430087
70.3 2.208271422010979
70.4 2.2017457690153726
70.5 2.1952426414896395
70.6 2.1887619514501795
70.7 2.1823036112944862
70.8 2.1758675337993725
70.9 2.169453632119153
71.0 2.163061819783882
71.1 2.156692010697558
71.2 2.1503441191363577
71.3 2.144018059746882
71.4 2.137713747544406
71.5 2.131431097911132
71.6 2.1251700265944646
71.7 2.1189304497052732
71.8 2.1127122837161996
71.9 2.106515445459939
72.0 2.100339852127533
72.1 2.0941854212666944
72.2 2.0880520707801336
72.3 2.081939718923875
72.4 2.0758482843055894
72.5 2.069777685882945
72.6 2.063727842961979
72.7 2.0576986751954394
72.8 2.051690102581152
72.9 2.045702045460416
73.0 2.039734424516374
73.1 2.03378716077244
73.2 2.027860175590654
73.3 2.0219533906701255
73.4 2.016066728045462
73.5 2.010200110085168
73.6 2.0043534594901
73.7 1.9985266992918995
73.8 1.9927197528514582
73.9 1.9869325438573653
74.0 1.9811649963243771
74.1 1.9754170345918922
74.2 1.969688583322441
74.3 1.9639795675001677
74.4 1.9582899124293331
74.5 1.9526195437328082
74.6 1.9469683873506058
74.7 1.9413363695383978
74.8 1.9357234168660309
74.9 1.9301294562160594
75.0 1.9245544147823153
75.1 1.9189982200684377
75.2 1.9134607998864266
75.3 1.9079420823552116
75.4 1.9024419958992438
75.5 1.896960469247045
75.6 1.8914974314298119
75.7 1.886052811780004
75.8 1.8806265399299456
75.9 1.875218545810439
76.0 1.8698287596493666
76.1 1.864457111970317
76.2 1.8591035335912252
76.3 1.853767955622996
76.4 1.8484503094681453
76.5 1.8431505268194508
76.6 1.837868539658614
76.7 1.8326042802549285
76.8 1.8273576811639192
76.9 1.8221286752260455
77.0 1.8169171955653876
77.1 1.811723175588314
77.2 1.806546548982195
77.3 1.801387249714085
77.4 1.7962452120294594
77.5 1.791120370450908
77.6 1.7860126597768682
77.7 1.780922015080333
77.8 1.7758483717076194
77.9 1.7707916652770805
78.0 1.7657518316778646
78.1 1.760728807068657
78.2 1.7557225278764654
78.3 1.7507329307953559
78.4 1.7457599527852377
78.5 1.7408035310706464
78.6 1.7358636031395112
78.7 1.730940106741975
78.8 1.726032979889151
78.9 1.7211421608519513
79.0 1.7162675881598908
79.1 1.711409200599905
79.2 1.7065669372151504
79.3 1.7017407373038484
79.4 1.6969305404181132
79.5 1.6921362863627885
79.6 1.6873579151942817
79.7 1.6825953672194311
79.8 1.6778485829943433
79.9 1.673117503323264
80.0 1.668402069257429
80.1 1.663702222093959
80.2 1.659017903374716
80.3 1.654349054885199
80.4 1.6496956186534208
80.5 1.6450575369488047
80.6 1.6404347522811007
80.7 1.6358272073992646
80.8 1.6312348452903778
80.9 1.6266576091785627
81.0 1.6220954425239151
81.1 1.6175482890214086
81.2 1.6130160925998407
81.3 1.608498797420763
81.4 1.6039963478774233
81.5 1.599508688593723
81.6 1.5950357644231528
81.7 1.590577520447756
81.8 1.5861339019771001
81.9 1.5817048545472345
82.0 1.5772903239196603
82.1 1.5728902560803153
82.2 1.5685045972385625
82.3 1.5641332938261598
82.4 1.5597762924962681
82.5 1.5554335401224406
82.6 1.5511049837976276
82.7 1.546790570833192
82.8 1.5424902487579035
82.9 1.5382039653169728
83.0 1.5339316684710655
83.1 1.5296733063953325
83.2 1.5254288274784347
83.3 1.5211981803215828
83.4 1.5169813137375892
83.5 1.5127781767498942
83.6 1.5085887185916322
83.7 1.504412888704667
83.8 1.500250636738684
83.9 1.4961019125502215
84.0 1.4919666662017577
84.1 1.4878448479607729
84.2 1.4837364082988387
84.3 1.4796412978907008
84.4 1.4755594676133483
84.5 1.4714908685451202
84.6 1.4674354519647992
84.7 1.463393169350713
84.8 1.459363972379828
84.9 1.4553478129268629
85.0 1.4513446430634207
85.1 1.4473544150570739
85.2 1.443377081370507
85.3 1.439412594660639
85.4 1.4354609077777516
85.5 1.4315219737646225
85.6 1.4275957458556652
85.7 1.4236821774760735
85.8 1.4197812222409705
85.9 1.4158928339545507
86.0 1.4120169666092417
86.1 1.4081535743848645
86.2 1.4043026116477944
86.3 1.4004640329501294
86.4 1.3966377930288632
86.5 1.3928238468050496
86.6 1.3890221493830006
86.7 1.3852326560494592
86.8 1.381455322272785
86.9 1.3776901037021447
87.0 1.3739369561667159
87.1 1.370195835674884
87.2 1.3664666984134337
87.3 1.362749500746766
87.4 1.3590441992161146
87.5 1.355350750538746
87.6 1.351669111607186
87.7 1.347999239488433
87.8 1.344341091423205
87.9 1.3406946248251443
88.0 1.3370597972800624
88.1 1.333436566545173
88.2 1.329824890548343
88.3 1.326224727387324
88.4 1.3226360353290023
88.5 1.319058772808651
88.6 1.3154928984291954
88.7 1.3119383709604533
88.8 1.3083951493384107
88.9 1.3048631926644765
89.0 1.301342460204773
89.1 1.2978329113893812
89.2 1.2943345058116313
89.3 1.2908472032273801
89.4 1.2873709635543
89.5 1.283905746871155
89.6 1.2804515134170988
89.7 1.277008223590955
89.8 1.273575837950539
89.9 1.2701543172119332
90.0 1.2667436222487987
90.1 1.263343714091685
90.2 1.2599545539273387
90.3 1.2565761030980207
90.4 1.2532083231008067
90.5 1.2498511755869275
90.6 1.2465046223610796
90.7 1.2431686253807592
90.8 1.2398431467555797
90.9 1.236528148746614
91.0 1.233223593765735
91.1 1.2299294443749438
91.2 1.2266456632857154
91.3 1.223372213358343
91.4 1.2201090576012883
91.5 1.2168561591705445
91.6 1.213613481368962
91.7 1.2103809876456273
91.8 1.2071586415952305
91.9 1.2039464069574086
92.0 1.2007442476161219
92.1 1.1975521275990244
92.2 1.1943700110768392
92.3 1.191197862362728
92.4 1.1880356459116723
92.5 1.1848833263198515
92.6 1.1817408683240407
92.7 1.1786082368009798
92.8 1.1754853967667769
92.9 1.1723723133762924
93.0 1.1692689519225439
93.1 1.1661752778361032
93.2 1.1630912566844904
93.3 1.1600168541715852
93.4 1.156952036137034
93.5 1.1538967685556603
93.6 1.150851017536876
93.7 1.147814749324093
93.8 1.1447879302941528
93.9 1.1417705269567378
94.0 1.1387625059538016
94.1 1.1357638340589877
94.2 1.1327744781770643
94.3 1.1297944053433664
94.4 1.126823582723204
94.5 1.1238619776113237
94.6 1.1209095574313441
94.7 1.1179662897351899
94.8 1.1150321422025422
94.9 1.1121070826402844
95.0 1.10919107898196
95.1 1.1062840992872178
95.2 1.1033861117412662
95.3 1.1004970846543418
95.4 1.0976169864611567
95.5 1.094745785720371
95.6 1.0918834511140563
95.7 1.0890299514471622
95.8 1.086185255646988
95.9 1.0833493327626584
96.0 1.0805221519645931
96.1 1.0777036825439903
96.2 1.074893893912304
96.3 1.0720927556007358
96.4 1.0693002372597022
96.5 1.066516308658338
96.6 1.0637409396839805
96.7 1.0609741003416686
96.8 1.058215760753624
96.9 1.0554658911587564
97.0 1.0527244619121738
97.1 1.049991443484664
97.2 1.0472668064622102
97.3 1.0445505215454973
97.4 1.0418425595494225
97.5 1.039142891402601
97.6 1.0364514881468785
97.7 1.0337683209368542
97.8 1.0310933610393922
97.9 1.0284265798331518
98.0 1.025767948808089
98.1 1.0231174395650027
98.2 1.020475023815053
98.3 1.0178406733792902
98.4 1.0152143601881833
98.5 1.012596056281156
98.6 1.0099857338061256
98.7 1.0073833650190374
98.8 1.0047889222834008
98.9 1.0022023780698341
99.0 0.9996237049556128
99.1 0.9970528756242151
99.2 0.9944898628648606
99.3 0.9919346395720677
99.4 0.9893871787452112
99.5 0.9868474534880672
99.6 0.9843154370083754
99.7 0.9817911026173912
99.8 0.979274423729455
99.9 0.9767653738615549
100.0 0.9742639266328776
100.1 0.9717700557643923
100.2 0.969283735078407
100.3 0.9668049384981507
100.4 0.9643336400473284
100.5 0.9618698138497184
100.6 0.9594134341287254
100.7 0.9569644752069822
100.8 0.9545229115059086
100.9 0.952088717545309
101.0 0.9496618679429486
101.1 0.9472423374141457
101.2 0.9448301007713513
101.3 0.9424251329237467
101.4 0.9400274088768336
101.5 0.9376369037320254
101.6 0.9352535926862453
101.7 0.93287745103152
101.8 0.9305084541545845
101.9 0.9281465775364806
102.0 0.9257917967521566
102.1 0.9234440874700784
102.2 0.9211034254518298
102.3 0.918769786551725
102.4 0.9164431467164188
102.5 0.9141234819845139
102.6 0.9118107684861787
102.7 0.9095049824427662
102.8 0.9072061001664209
102.9 0.9049140980597065
103.0 0.9026289526152236
103.1 0.9003506404152348
103.2 0.8980791381312819
103.3 0.8958144225238179
103.4 0.8935564704418345
103.5 0.8913052588224891
103.6 0.889060764690736
103.7 0.8868229651589568
103.8 0.8845918374266025
103.9 0.8823673587798218
104.0 0.8801495065910999
104.1 0.8779382583188995
104.2 0.875733591507303
104.3 0.8735354837856533
104.4 0.8713439128681943
104.5 0.8691588565537203
104.6 0.8669802927252301
104.7 0.8648081993495633
104.8 0.8626425544770577
104.9 0.8604833362411973
