UNITS=MM
#Layer_Color=32896
#
#Feature symbol names
#
$0 r199.9996

#
#Feature attribute names
#

#
#Layer features
#
A -0.00002032 -1.60001966 -0.00002032 1.59997902 -0.00002032 -0.00002032 0 P 0 N
A -0.00002032 -2.40002314 -0.00002032 -5.60002182 -0.00002032 -4.00002248 0 P 0 N
A -0.00002032 -5.60002182 -0.00002032 -2.40002314 -0.00002032 -4.00002248 0 P 0 N
A -0.00002032 -6.40002022 -0.00002032 -9.6000189 -0.00002032 -8.00001956 0 P 0 N
A -0.00002032 -9.6000189 -0.00002032 -6.40002022 -0.00002032 -8.00001956 0 P 0 N
A -0.00002032 -10.39999698 -0.00002032 -13.59999566 -0.00002032 -11.99999632 0 P 0 N
A -0.00002032 -13.59999566 -0.00002032 -10.39999698 -0.00002032 -11.99999632 0 P 0 N
A -0.00002032 -14.40002454 -0.00002032 -17.60002322 -0.00002032 -16.00002388 0 P 0 N
A -0.00002032 -17.60002322 -0.00002032 -14.40002454 -0.00002032 -16.00002388 0 P 0 N
A -0.00002032 1.59997902 -0.00002032 -1.60001966 -0.00002032 -0.00002032 0 P 0 N
A -0.00002032 2.5000077 -0.00002032 5.70000638 -0.00002032 4.10000704 0 P 0 N
A -0.00002032 5.70000638 -0.00002032 2.5000077 -0.00002032 4.10000704 0 P 0 N
A -0.00002032 6.3999745 -0.00002032 9.59997318 -0.00002032 7.99997384 0 P 0 N
A -0.00002032 9.59997318 -0.00002032 6.3999745 -0.00002032 7.99997384 0 P 0 N
A -0.00002032 10.50000186 -0.00002032 13.70000054 -0.00002032 12.1000012 0 P 0 N
A -0.00002032 13.70000054 -0.00002032 10.50000186 -0.00002032 12.1000012 0 P 0 N
A -0.00002032 14.39997882 -0.00002032 17.5999775 -0.00002032 15.99997816 0 P 0 N
A -0.00002032 17.5999775 -0.00002032 14.39997882 -0.00002032 15.99997816 0 P 0 N
A -4.00002248 -1.60001966 -4.00002248 1.59997902 -4.00002248 -0.00002032 0 P 0 N
A -4.00002248 -2.40002314 -4.00002248 -5.60002182 -4.00002248 -4.00002248 0 P 0 N
A -4.00002248 -5.60002182 -4.00002248 -2.40002314 -4.00002248 -4.00002248 0 P 0 N
A -4.00002248 -6.40002022 -4.00002248 -9.6000189 -4.00002248 -8.00001956 0 P 0 N
A -4.00002248 -9.6000189 -4.00002248 -6.40002022 -4.00002248 -8.00001956 0 P 0 N
A -4.00002248 -10.30000226 -4.00002248 -13.50000094 -4.00002248 -11.9000016 0 P 0 N
A -4.00002248 -13.50000094 -4.00002248 -10.30000226 -4.00002248 -11.9000016 0 P 0 N
A -4.00002248 -14.40002454 -4.00002248 -17.60002322 -4.00002248 -16.00002388 0 P 0 N
A -4.00002248 -17.60002322 -4.00002248 -14.40002454 -4.00002248 -16.00002388 0 P 0 N
A -4.00002248 1.59997902 -4.00002248 -1.60001966 -4.00002248 -0.00002032 0 P 0 N
A -4.00002248 2.29999794 -4.00002248 5.49999662 -4.00002248 3.89999728 0 P 0 N
A -4.00002248 5.49999662 -4.00002248 2.29999794 -4.00002248 3.89999728 0 P 0 N
A -4.00002248 6.3999745 -4.00002248 9.59997318 -4.00002248 7.99997384 0 P 0 N
A -4.00002248 9.59997318 -4.00002248 6.3999745 -4.00002248 7.99997384 0 P 0 N
A -4.00002248 10.30000226 -4.00002248 13.50000094 -4.00002248 11.9000016 0 P 0 N
A -4.00002248 13.50000094 -4.00002248 10.30000226 -4.00002248 11.9000016 0 P 0 N
A -4.00002248 14.39997882 -4.00002248 17.5999775 -4.00002248 15.99997816 0 P 0 N
A -4.00002248 17.5999775 -4.00002248 14.39997882 -4.00002248 15.99997816 0 P 0 N
A -8.00001448 -1.60001966 -8.00001448 1.59997902 -8.00001448 -0.00002032 0 P 0 N
A -8.00001448 -2.40002314 -8.00001448 -5.60002182 -8.00001448 -4.00002248 0 P 0 N
A -8.00001448 -5.60002182 -8.00001448 -2.40002314 -8.00001448 -4.00002248 0 P 0 N
A -8.00001448 -6.40002022 -8.00001448 -9.6000189 -8.00001448 -8.00001956 0 P 0 N
A -8.00001448 -9.6000189 -8.00001448 -6.40002022 -8.00001448 -8.00001956 0 P 0 N
A -8.00001448 -10.30000226 -8.00001448 -13.50000094 -8.00001448 -11.9000016 0 P 0 N
A -8.00001448 -13.50000094 -8.00001448 -10.30000226 -8.00001448 -11.9000016 0 P 0 N
A -8.00001448 1.59997902 -8.00001448 -1.60001966 -8.00001448 -0.00002032 0 P 0 N
A -8.00002464 2.29999794 -8.00002464 5.49999662 -8.00002464 3.89999728 0 P 0 N
A -8.00002464 5.49999662 -8.00002464 2.29999794 -8.00002464 3.89999728 0 P 0 N
A -8.00002464 6.3999745 -8.00002464 9.59997318 -8.00002464 7.99997384 0 P 0 N
A -8.00002464 9.59997318 -8.00002464 6.3999745 -8.00002464 7.99997384 0 P 0 N
A -8.00002464 10.30000226 -8.00002464 13.50000094 -8.00002464 11.9000016 0 P 0 N
A -8.00002464 13.50000094 -8.00002464 10.30000226 -8.00002464 11.9000016 0 P 0 N
A -12.00001664 -1.60001966 -12.00001664 1.59997902 -12.00001664 -0.00002032 0 P 0 N
A -12.00001664 -2.40002314 -12.00001664 -5.60002182 -12.00001664 -4.00002248 0 P 0 N
A -12.00001664 -5.60002182 -12.00001664 -2.40002314 -12.00001664 -4.00002248 0 P 0 N
A -12.00001664 -6.40002022 -12.00001664 -9.6000189 -12.00001664 -8.00001956 0 P 0 N
A -12.00001664 -9.6000189 -12.00001664 -6.40002022 -12.00001664 -8.00001956 0 P 0 N
A -12.00001664 -10.30000226 -12.00001664 -13.50000094 -12.00001664 -11.9000016 0 P 0 N
A -12.00001664 -13.50000094 -12.00001664 -10.30000226 -12.00001664 -11.9000016 0 P 0 N
A -12.00001664 1.59997902 -12.00001664 -1.60001966 -12.00001664 -0.00002032 0 P 0 N
A -12.00002172 2.29999794 -12.00002172 5.49999662 -12.00002172 3.89999728 0 P 0 N
A -12.00002172 5.49999662 -12.00002172 2.29999794 -12.00002172 3.89999728 0 P 0 N
A -12.00002172 6.3999745 -12.00002172 9.59997318 -12.00002172 7.99997384 0 P 0 N
A -12.00002172 9.59997318 -12.00002172 6.3999745 -12.00002172 7.99997384 0 P 0 N
A -12.00002172 10.30000226 -12.00002172 13.50000094 -12.00002172 11.9000016 0 P 0 N
A -12.00002172 13.50000094 -12.00002172 10.30000226 -12.00002172 11.9000016 0 P 0 N
A -16.0000188 -1.60001966 -16.0000188 1.59997902 -16.0000188 -0.00002032 0 P 0 N
A -16.0000188 -2.40002314 -16.0000188 -5.60002182 -16.0000188 -4.00002248 0 P 0 N
A -16.0000188 -5.60002182 -16.0000188 -2.40002314 -16.0000188 -4.00002248 0 P 0 N
A -16.0000188 1.59997902 -16.0000188 -1.60001966 -16.0000188 -0.00002032 0 P 0 N
A -16.00002388 2.29999794 -16.00002388 5.49999662 -16.00002388 3.89999728 0 P 0 N
A -16.00002388 5.49999662 -16.00002388 2.29999794 -16.00002388 3.89999728 0 P 0 N
A 3.9999793 -1.60001966 3.9999793 1.59997902 3.9999793 -0.00002032 0 P 0 N
A 3.9999793 1.59997902 3.9999793 -1.60001966 3.9999793 -0.00002032 0 P 0 N
A 3.99998184 -2.40002314 3.99998184 -5.60002182 3.99998184 -4.00002248 0 P 0 N
A 3.99998184 -5.60002182 3.99998184 -2.40002314 3.99998184 -4.00002248 0 P 0 N
A 3.99998184 -6.40002022 3.99998184 -9.6000189 3.99998184 -8.00001956 0 P 0 N
A 3.99998184 -9.6000189 3.99998184 -6.40002022 3.99998184 -8.00001956 0 P 0 N
A 3.99998184 -10.39999698 3.99998184 -13.59999566 3.99998184 -11.99999632 0 P 0 N
A 3.99998184 -13.59999566 3.99998184 -10.39999698 3.99998184 -11.99999632 0 P 0 N
A 3.99998184 -14.40002454 3.99998184 -17.60002322 3.99998184 -16.00002388 0 P 0 N
A 3.99998184 -17.60002322 3.99998184 -14.40002454 3.99998184 -16.00002388 0 P 0 N
A 3.99998184 2.3999825 3.99998184 5.59998118 3.99998184 3.99998184 0 P 0 N
A 3.99998184 5.59998118 3.99998184 2.3999825 3.99998184 3.99998184 0 P 0 N
A 3.99998184 6.3999745 3.99998184 9.59997318 3.99998184 7.99997384 0 P 0 N
A 3.99998184 9.59997318 3.99998184 6.3999745 3.99998184 7.99997384 0 P 0 N
A 3.99998184 10.39997666 3.99998184 13.59997534 3.99998184 11.999976 0 P 0 N
A 3.99998184 13.59997534 3.99998184 10.39997666 3.99998184 11.999976 0 P 0 N
A 3.99998184 14.39997882 3.99998184 17.5999775 3.99998184 15.99997816 0 P 0 N
A 3.99998184 17.5999775 3.99998184 14.39997882 3.99998184 15.99997816 0 P 0 N
A 7.99997384 2.3999825 7.99997384 5.59998118 7.99997384 3.99998184 0 P 0 N
A 7.99997384 5.59998118 7.99997384 2.3999825 7.99997384 3.99998184 0 P 0 N
A 7.99997384 6.3999745 7.99997384 9.59997318 7.99997384 7.99997384 0 P 0 N
A 7.99997384 9.59997318 7.99997384 6.3999745 7.99997384 7.99997384 0 P 0 N
A 7.99997384 10.39997666 7.99997384 13.59997534 7.99997384 11.999976 0 P 0 N
A 7.99997384 13.59997534 7.99997384 10.39997666 7.99997384 11.999976 0 P 0 N
A 7.999984 -2.40002314 7.999984 -5.60002182 7.999984 -4.00002248 0 P 0 N
A 7.999984 -5.60002182 7.999984 -2.40002314 7.999984 -4.00002248 0 P 0 N
A 7.999984 -6.40002022 7.999984 -9.6000189 7.999984 -8.00001956 0 P 0 N
A 7.999984 -9.6000189 7.999984 -6.40002022 7.999984 -8.00001956 0 P 0 N
A 7.999984 -10.39999698 7.999984 -13.59999566 7.999984 -11.99999632 0 P 0 N
A 7.999984 -13.59999566 7.999984 -10.39999698 7.999984 -11.99999632 0 P 0 N
A 7.99998908 -1.60001966 7.99998908 1.59997902 7.99998908 -0.00002032 0 P 0 N
A 7.99998908 1.59997902 7.99998908 -1.60001966 7.99998908 -0.00002032 0 P 0 N
A 11.999976 -1.60001966 11.999976 1.59997902 11.999976 -0.00002032 0 P 0 N
A 11.999976 -2.40002314 11.999976 -5.60002182 11.999976 -4.00002248 0 P 0 N
A 11.999976 -5.60002182 11.999976 -2.40002314 11.999976 -4.00002248 0 P 0 N
A 11.999976 -6.40002022 11.999976 -9.6000189 11.999976 -8.00001956 0 P 0 N
A 11.999976 -9.6000189 11.999976 -6.40002022 11.999976 -8.00001956 0 P 0 N
A 11.999976 -10.4000173 11.999976 -13.60001598 11.999976 -12.00001664 0 P 0 N
A 11.999976 -13.60001598 11.999976 -10.4000173 11.999976 -12.00001664 0 P 0 N
A 11.999976 1.59997902 11.999976 -1.60001966 11.999976 -0.00002032 0 P 0 N
A 11.999976 2.3999825 11.999976 5.59998118 11.999976 3.99998184 0 P 0 N
A 11.999976 5.59998118 11.999976 2.3999825 11.999976 3.99998184 0 P 0 N
A 11.999976 6.3999745 11.999976 9.59997318 11.999976 7.99997384 0 P 0 N
A 11.999976 9.59997318 11.999976 6.3999745 11.999976 7.99997384 0 P 0 N
A 11.999976 10.39997666 11.999976 13.59997534 11.999976 11.999976 0 P 0 N
A 11.999976 13.59997534 11.999976 10.39997666 11.999976 11.999976 0 P 0 N
A 15.99997816 -1.60001966 15.99997816 1.59997902 15.99997816 -0.00002032 0 P 0 N
A 15.99997816 -2.40002314 15.99997816 -5.60002182 15.99997816 -4.00002248 0 P 0 N
A 15.99997816 -5.60002182 15.99997816 -2.40002314 15.99997816 -4.00002248 0 P 0 N
A 15.99997816 1.59997902 15.99997816 -1.60001966 15.99997816 -0.00002032 0 P 0 N
A 15.99997816 2.3999825 15.99997816 5.59998118 15.99997816 3.99998184 0 P 0 N
A 15.99997816 5.59998118 15.99997816 2.3999825 15.99997816 3.99998184 0 P 0 N
L -26.69999994 -22.0750003 -26.69999994 -0.92499942 0 P 0
L -26.69999994 0.92499942 -26.69999994 22.0750003 0 P 0
L -31.1000013 -0.92499942 -26.69999994 -0.92499942 0 P 0
L -31.1000013 -22.0750003 -26.69999994 -22.0750003 0 P 0
L -31.1000013 -22.0750003 -31.1000013 -0.92499942 0 P 0
L -31.1000013 0.92499942 -26.69999994 0.92499942 0 P 0
L -31.1000013 0.92499942 -31.1000013 22.0750003 0 P 0
L -31.1000013 22.0750003 -26.69999994 22.0750003 0 P 0
L 26.69999994 -0.92499942 31.1000013 -0.92499942 0 P 0
L 26.69999994 -22.0750003 26.69999994 -0.92499942 0 P 0
L 26.69999994 -22.0750003 31.1000013 -22.0750003 0 P 0
L 26.69999994 0.92500196 26.69999994 22.07500284 0 P 0
L 26.69999994 0.92500196 31.1000013 0.92500196 0 P 0
L 26.69999994 22.07500284 31.1000013 22.07500284 0 P 0
L 31.1000013 -22.0750003 31.1000013 -0.92499942 0 P 0
L 31.1000013 0.92500196 31.1000013 22.07500284 0 P 0
