#Layer_Color=32768
#
#Feature symbol names
#
$0 r7.874
$1 r3.937
$2 r1.9685
$3 r6

#
#Feature attribute names
#
@0 .nomenclature
@1 .string
@2 .string_angle

#
#Feature attribute text strings
#
&0 K

#
#Layer features
#
A 0.4663956 1.4550952 0.5741852 1.4558661 0.5208553 1.376492 0 P 0 N
L -0.035433 1.1023622 -0.035433 1.6417323 2 P 0
L -0.035433 1.1023622 0.3818898 1.1023622 2 P 0
L -0.035433 1.6417323 0.3818898 1.6417323 2 P 0
L -0.043307 1.2125984 -0.043307 1.5669291 1 P 0
L -0.0933071 -0.1935827 -0.0933071 0.0164173 2 P 0
L -0.0942913 -0.6197638 -0.0942913 -0.4097638 2 P 0
L -0.0962598 0.1538583 -0.0962598 0.3638583 2 P 0
L -0.0962599 0.7310237 -0.0962599 0.9410237 2 P 0
L -0.1683071 -0.1082677 -0.1683071 -0.0688977 1 P 0
L -0.1692913 -0.5344488 -0.1692913 -0.4950788 1 P 0
L -0.1712598 0.2391733 -0.1712598 0.2785433 1 P 0
L -0.1712599 0.8163387 -0.1712599 0.8557087 1 P 0
L -0.1879922 -0.0885827 -0.1486221 -0.0885827 1 P 0
L -0.1889764 -0.5147638 -0.1496063 -0.5147638 1 P 0
L -0.1909449 0.2588583 -0.1515748 0.2588583 1 P 0
L -0.190945 0.8360237 -0.1515749 0.8360237 1 P 0
L -0.2433071 -0.1935827 -0.0933071 -0.1935827 2 P 0
L -0.2433071 -0.1935827 -0.2433071 0.0164173 2 P 0
L -0.2433071 0.0164173 -0.0933071 0.0164173 2 P 0
L -0.2442913 -0.4097638 -0.0942913 -0.4097638 2 P 0
L -0.2442913 -0.6197638 -0.0942913 -0.6197638 2 P 0
L -0.2442913 -0.6197638 -0.2442913 -0.4097638 2 P 0
L -0.2462598 0.1538583 -0.0962598 0.1538583 2 P 0
L -0.2462598 0.1538583 -0.2462598 0.3638583 2 P 0
L -0.2462598 0.3638583 -0.0962598 0.3638583 2 P 0
L -0.2462599 0.7310237 -0.0962599 0.7310237 2 P 0
L -0.2462599 0.7310237 -0.2462599 0.9410237 2 P 0
L -0.2462599 0.9410237 -0.0962599 0.9410237 2 P 0
L -0.3671259 -1.351181 -0.3671259 -1.2291338 2 P 0
L -0.3976378 1.2125984 -0.043307 1.2125984 1 P 0
L -0.3976378 1.2125984 -0.3976378 1.5669291 1 P 0
L -0.3976378 1.5669291 -0.043307 1.5669291 1 P 0
L -0.4281929 1.0332362 -0.4281929 1.1222362 3 P 0
L -0.4291929 1.0152362 -0.4291929 1.0332362 3 P 0
L -0.4291929 1.0332362 -0.4281929 1.0332362 3 P 0
L -0.4291929 1.1222362 -0.4281929 1.1222362 3 P 0
L -0.4291929 1.1222362 -0.4291929 1.1402362 3 P 0
L -0.4616142 -1.1929134 -0.4616142 -1.1259842 2 P 0
L -0.4655432 -1.2221495 -0.4655432 -1.1341495 3 P 0
L -0.4841929 1.0152362 -0.4291929 1.0152362 3 P 0
L -0.4841929 1.0152362 -0.4841929 1.0332362 3 P 0
L -0.4841929 1.1222362 -0.4841929 1.1402362 3 P 0
L -0.4841929 1.1402362 -0.4291929 1.1402362 3 P 0
L -0.4851929 1.0332362 -0.4841929 1.0332362 3 P 0
L -0.4851929 1.0332362 -0.4851929 1.1222362 3 P 0
L -0.4851929 1.1222362 -0.4841929 1.1222362 3 P 0
L -0.4940432 -1.1341495 -0.4655432 -1.1341495 3 P 0
L -0.4940432 -1.1341495 -0.4940432 -1.1286495 3 P 0
L -0.4940432 -1.2221495 -0.4655432 -1.2221495 3 P 0
L -0.4940432 -1.2276495 -0.4940432 -1.2221495 3 P 0
L -0.5118544 1.1995947 -0.5118544 1.2885947 3 P 0
L -0.5128544 1.1815947 -0.5128544 1.1995947 3 P 0
L -0.5128544 1.1995947 -0.5118544 1.1995947 3 P 0
L -0.5128544 1.2885947 -0.5118544 1.2885947 3 P 0
L -0.5128544 1.2885947 -0.5128544 1.3065947 3 P 0
L -0.5285432 -1.301181 -0.5285432 -1.261811 1 P 0
L -0.5285433 -1.1791338 -0.5285433 -1.1397638 1 P 0
L -0.5328741 -0.1912272 -0.5328741 -0.0612272 2 P 0
L -0.5328741 -0.7255192 -0.5328741 -0.5955192 2 P 0
L -0.5328741 0.2976305 -0.5328741 0.4276305 2 P 0
L -0.5328741 0.7899673 -0.5328741 0.9199673 2 P 0
L -0.5482282 -1.281496 -0.5088582 -1.281496 1 P 0
L -0.5482284 -1.1594488 -0.5088583 -1.1594488 1 P 0
L -0.5630432 -1.1286495 -0.4940432 -1.1286495 3 P 0
L -0.5630432 -1.1341495 -0.5630432 -1.1286495 3 P 0
L -0.5630432 -1.2276495 -0.4940432 -1.2276495 3 P 0
L -0.5630432 -1.2276495 -0.5630432 -1.2221495 3 P 0
L -0.5678544 1.1815947 -0.5128544 1.1815947 3 P 0
L -0.5678544 1.1815947 -0.5678544 1.1995947 3 P 0
L -0.5678544 1.2885947 -0.5678544 1.3065947 3 P 0
L -0.5678544 1.3065947 -0.5128544 1.3065947 3 P 0
L -0.5688544 1.1995947 -0.5678544 1.1995947 3 P 0
L -0.5688544 1.1995947 -0.5688544 1.2885947 3 P 0
L -0.5688544 1.2885947 -0.5678544 1.2885947 3 P 0
L -0.5826773 1.1702756 -0.5826773 1.3100394 2 P 0
L -0.5915432 -1.1341495 -0.5630432 -1.1341495 3 P 0
L -0.5915432 -1.2221495 -0.5630432 -1.2221495 3 P 0
L -0.5915432 -1.2221495 -0.5915432 -1.1341495 3 P 0
L -0.5954724 -1.1259842 -0.4616142 -1.1259842 2 P 0
L -0.5954724 -1.1929134 -0.4616142 -1.1929134 2 P 0
L -0.5954724 -1.1929134 -0.5954724 -1.1259842 2 P 0
L -0.6328741 -0.1459122 -0.6328741 -0.1065421 1 P 0
L -0.6328741 -0.6802042 -0.6328741 -0.6408341 1 P 0
L -0.6328741 0.3429455 -0.6328741 0.3823156 1 P 0
L -0.6328741 0.8352823 -0.6328741 0.8746524 1 P 0
L -0.6525591 -0.1262272 -0.613189 -0.1262272 1 P 0
L -0.6525591 -0.6605192 -0.613189 -0.6605192 1 P 0
L -0.6525591 0.3626305 -0.613189 0.3626305 1 P 0
L -0.6525591 0.8549673 -0.613189 0.8549673 1 P 0
L -0.6899605 -1.2291338 -0.3671259 -1.2291338 2 P 0
L -0.6899605 -1.351181 -0.3671259 -1.351181 2 P 0
L -0.6899605 -1.351181 -0.6899605 -1.2291338 2 P 0
L -0.7328741 -0.0612272 -0.5328741 -0.0612272 2 P 0
L -0.7328741 -0.1912272 -0.5328741 -0.1912272 2 P 0
L -0.7328741 -0.1912272 -0.7328741 -0.0612272 2 P 0
L -0.7328741 -0.5955192 -0.5328741 -0.5955192 2 P 0
L -0.7328741 -0.7255192 -0.5328741 -0.7255192 2 P 0
L -0.7328741 -0.7255192 -0.7328741 -0.5955192 2 P 0
L -0.7328741 0.2976305 -0.5328741 0.2976305 2 P 0
L -0.7328741 0.2976305 -0.7328741 0.4276305 2 P 0
L -0.7328741 0.4276305 -0.5328741 0.4276305 2 P 0
L -0.7328741 0.7899673 -0.5328741 0.7899673 2 P 0
L -0.7328741 0.7899673 -0.7328741 0.9199673 2 P 0
L -0.7328741 0.9199673 -0.5328741 0.9199673 2 P 0
L -0.7480317 1.1702756 -0.5826773 1.1702756 2 P 0
L -0.7480317 1.1702756 -0.7480317 1.3100394 2 P 0
L -0.7480317 1.3100394 -0.5826773 1.3100394 2 P 0
L 0.0542191 0.9644066 0.0542191 1.0790574 0 P 0
L 0.0542191 0.9644066 0.1098149 0.9644066 0 P 0
L 0.0542191 1.0790574 0.1098149 1.0790574 0 P 0
L 0.1098149 0.9644066 0.1098149 1.0790574 0 P 0
L 0.1156208 -0.1589763 0.2656208 -0.1589763 2 P 0
L 0.1156208 -0.3689763 0.1156208 -0.1589763 2 P 0
L 0.1156208 -0.3689763 0.2656208 -0.3689763 2 P 0
L 0.1156208 0.1542443 0.1156208 0.3642443 2 P 0
L 0.1156208 0.1542443 0.2656208 0.1542443 2 P 0
L 0.1156208 0.3642443 0.2656208 0.3642443 2 P 0
L 0.1156208 0.4522759 0.1156208 0.6622759 2 P 0
L 0.1156208 0.4522759 0.2656208 0.4522759 2 P 0
L 0.1156208 0.6622759 0.2656208 0.6622759 2 P 0
L 0.1195578 -0.6325984 0.2695578 -0.6325984 2 P 0
L 0.1195578 -0.8425984 0.1195578 -0.6325984 2 P 0
L 0.1195578 -0.8425984 0.2695578 -0.8425984 2 P 0
L 0.1299212 0.9548027 0.1299212 1.088661 2 P 0
L 0.1299212 0.9548027 0.2933071 0.9548027 2 P 0
L 0.1299212 1.088661 0.2933071 1.088661 2 P 0
L 0.1555118 -0.7677166 0.273622 -0.7677166 2 P 0
L 0.1555118 -0.9586614 0.1555118 -0.7677166 2 P 0
L 0.1555118 -0.9586614 0.273622 -0.9586614 2 P 0
L 0.1709358 -0.2639763 0.2103059 -0.2639763 1 P 0
L 0.1709358 0.2592443 0.2103059 0.2592443 1 P 0
L 0.1709358 0.5572759 0.2103059 0.5572759 1 P 0
L 0.1748728 -0.7375984 0.2142429 -0.7375984 1 P 0
L 0.1906208 -0.2836613 0.1906208 -0.2442913 1 P 0
L 0.1906208 0.2395593 0.1906208 0.2789293 1 P 0
L 0.1906208 0.5375909 0.1906208 0.5769609 1 P 0
L 0.1919291 1.0217319 0.2312992 1.0217319 1 P 0
L 0.1945578 -0.7572834 0.1945578 -0.7179134 1 P 0
L 0.1948819 -0.863189 0.234252 -0.863189 1 P 0
L 0.2116141 1.0020468 0.2116141 1.0414169 1 P 0
L 0.2145669 -0.882874 0.2145669 -0.843504 1 P 0
L 0.2656208 -0.3689763 0.2656208 -0.1589763 2 P 0
L 0.2656208 0.1542443 0.2656208 0.3642443 2 P 0
L 0.2656208 0.4522759 0.2656208 0.6622759 2 P 0
L 0.2695578 -0.8425984 0.2695578 -0.6325984 2 P 0
L 0.273622 -0.9586614 0.273622 -0.7677166 2 P 0
L 0.2822415 -1.0036982 0.3378373 -1.0036982 0 P 0
L 0.2822415 -1.118349 0.2822415 -1.0036982 0 P 0
L 0.2822415 -1.118349 0.3378373 -1.118349 0 P 0
L 0.292189 -1.1850668 0.410748 -1.1850668 3 P 0
L 0.292189 -1.2440668 0.292189 -1.1850668 3 P 0
L 0.292189 -1.2440668 0.410748 -1.2440668 3 P 0
L 0.2933071 0.9548027 0.2933071 1.088661 2 P 0
L 0.3378373 -1.118349 0.3378373 -1.0036982 0 P 0
L 0.3543307 -1.0048427 0.5177166 -1.0048427 2 P 0
L 0.3543307 -1.138701 0.3543307 -1.0048427 2 P 0
L 0.3543307 -1.138701 0.5177166 -1.138701 2 P 0
L 0.3818898 1.1023622 0.3818898 1.6417323 2 P 0
L 0.410748 -1.2440668 0.410748 -1.1850668 3 P 0
L 0.4163386 -1.0717718 0.4557087 -1.0717718 1 P 0
L 0.4360237 -1.0914569 0.4360237 -1.0520868 1 P 0
L 0.4664507 1.4558661 0.5741852 1.4558661 0 P 0
L 0.4703386 -1.1850669 0.5888976 -1.1850669 3 P 0
L 0.4703386 -1.2440669 0.4703386 -1.1850669 3 P 0
L 0.4703386 -1.2440669 0.5888976 -1.2440669 3 P 0
L 0.4707365 1.4708661 0.4807333 1.4708661 3 P 0 ;0,1=0,2=270.000000
L 0.4807333 1.4708661 0.5007268 1.4908596 3 P 0 ;0,1=0,2=270.000000
L 0.4857317 1.4758645 0.4707365 1.4908596 3 P 0 ;0,1=0,2=270.000000
L 0.5007268 1.4708661 0.4707365 1.4708661 3 P 0 ;0,1=0,2=270.000000
L 0.5007268 1.4908596 0.4857317 1.4758645 3 P 0 ;0,1=0,2=270.000000
L 0.5177166 -1.138701 0.5177166 -1.0048427 2 P 0
L 0.5840551 -0.0612205 0.7840551 -0.0612205 2 P 0
L 0.5840551 -0.1912205 0.5840551 -0.0612205 2 P 0
L 0.5840551 -0.1912205 0.7840551 -0.1912205 2 P 0
L 0.5840551 -0.5954331 0.7840551 -0.5954331 2 P 0
L 0.5840551 -0.7254331 0.5840551 -0.5954331 2 P 0
L 0.5840551 -0.7254331 0.7840551 -0.7254331 2 P 0
L 0.5840551 0.2976378 0.5840551 0.4276378 2 P 0
L 0.5840551 0.2976378 0.7840551 0.2976378 2 P 0
L 0.5840551 0.4276378 0.7840551 0.4276378 2 P 0
L 0.5840551 0.7899606 0.5840551 0.9199606 2 P 0
L 0.5840551 0.7899606 0.7840551 0.7899606 2 P 0
L 0.5840551 0.9199606 0.7840551 0.9199606 2 P 0
L 0.5888976 -1.2440669 0.5888976 -1.1850669 3 P 0
L 0.6129502 -1.0410997 0.668546 -1.0410997 0 P 0
L 0.6129502 -1.1557505 0.6129502 -1.0410997 0 P 0
L 0.6129502 -1.1557505 0.668546 -1.1557505 0 P 0
L 0.66437 -0.1262205 0.7037401 -0.1262205 1 P 0
L 0.66437 -0.6604331 0.7037401 -0.6604331 1 P 0
L 0.66437 0.3626378 0.7037401 0.3626378 1 P 0
L 0.66437 0.8549606 0.7037401 0.8549606 1 P 0
L 0.668546 -1.1557505 0.668546 -1.0410997 0 P 0
L 0.6840551 -0.1459055 0.6840551 -0.1065354 1 P 0
L 0.6840551 -0.6801181 0.6840551 -0.640748 1 P 0
L 0.6840551 0.3429528 0.6840551 0.3823229 1 P 0
L 0.6840551 0.8352756 0.6840551 0.8746457 1 P 0
L 0.7450786 1.1250001 0.7450786 1.2588584 2 P 0
L 0.7450786 1.1250001 0.9084645 1.1250001 2 P 0
L 0.7450786 1.2588584 0.9084645 1.2588584 2 P 0
L 0.7840551 -0.1912205 0.7840551 -0.0612205 2 P 0
L 0.7840551 -0.7254331 0.7840551 -0.5954331 2 P 0
L 0.7840551 0.2976378 0.7840551 0.4276378 2 P 0
L 0.7840551 0.7899606 0.7840551 0.9199606 2 P 0
L 0.8070865 1.1919292 0.8464566 1.1919292 1 P 0
L 0.8267716 1.1722442 0.8267716 1.2116143 1 P 0
L 0.9084645 1.1250001 0.9084645 1.2588584 2 P 0
L 0.9308635 1.1326352 0.9308635 1.247286 0 P 0
L 0.9308635 1.1326352 0.9864593 1.1326352 0 P 0
L 0.9308635 1.247286 0.9864593 1.247286 0 P 0
L 0.9864593 1.1326352 0.9864593 1.247286 0 P 0
S P 0
OB -0.4291929 1.1222362 I
OS -0.4281929 1.1222362
OS -0.4281929 1.0332362
OS -0.4291929 1.0332362
OS -0.4291929 1.0152362
OS -0.4841929 1.0152362
OS -0.4841929 1.0332362
OS -0.4851929 1.0332362
OS -0.4851929 1.1222362
OS -0.4841929 1.1222362
OS -0.4841929 1.1402362
OS -0.4291929 1.1402362
OS -0.4291929 1.1222362
OE
SE
S P 0
OB -0.4940432 -1.1341495 I
OS -0.4655432 -1.1341495
OS -0.4655432 -1.2221495
OS -0.4940432 -1.2221495
OS -0.4940432 -1.2276495
OS -0.5630432 -1.2276495
OS -0.5630432 -1.2221495
OS -0.5915432 -1.2221495
OS -0.5915432 -1.1341495
OS -0.5630432 -1.1341495
OS -0.5630432 -1.1286495
OS -0.4940432 -1.1286495
OS -0.4940432 -1.1341495
OE
SE
S P 0
OB -0.5128544 1.2885947 I
OS -0.5118544 1.2885947
OS -0.5118544 1.1995947
OS -0.5128544 1.1995947
OS -0.5128544 1.1815947
OS -0.5678544 1.1815947
OS -0.5678544 1.1995947
OS -0.5688544 1.1995947
OS -0.5688544 1.2885947
OS -0.5678544 1.2885947
OS -0.5678544 1.3065947
OS -0.5128544 1.3065947
OS -0.5128544 1.2885947
OE
SE
S P 0
OB 0.410748 -1.2440668 I
OS 0.292189 -1.2440668
OS 0.292189 -1.1850668
OS 0.410748 -1.1850668
OS 0.410748 -1.2440668
OE
SE
S P 0
OB 0.5888976 -1.2440669 I
OS 0.4703386 -1.2440669
OS 0.4703386 -1.1850669
OS 0.5888976 -1.1850669
OS 0.5888976 -1.2440669
OE
SE
