Iteration	CPUTime	PhysTime	Travels
1	29	0.0162367046	0.00525420424
2	31	0.0324781022	0.0105084085
3	33	0.0487542881	0.0157626127
4	36	0.0652875332	0.021016817
5	38	0.0837201606	0.0262710212
6	40	0.132420249	0.0315252254
7	42	0.336429492	0.0367794297
8	46	1.67553863	0.0420336339
9	50	10.7473596	0.0472878381
10	55	44.8039731	0.0525420424
11	58	45.6867102	0.0577962466
12	61	46.3795552	0.0630504509
13	64	46.8586132	0.0683046551
14	66	47.2647115	0.0735588593
15	69	47.6243691	0.0788130636
16	72	48.1363147	0.0840672678
17	74	48.6168349	0.0893214721
18	77	49.0827006	0.0945756763
19	79	49.5540243	0.0998298805
20	82	50.047109	0.105084085
21	85	50.8057684	0.110338289
22	87	51.5990821	0.115592493
23	90	52.4251184	0.120846697
24	93	53.2727271	0.126100902
25	95	54.130989	0.131355106
26	98	55.4182895	0.13660931
27	101	56.6950026	0.141863514
28	104	57.9460995	0.147117719
29	107	59.1662014	0.152371923
30	110	60.355004	0.157626127
31	113	61.8847727	0.162880331
32	116	63.379911	0.168134536
33	119	64.8470579	0.17338874
34	122	66.2896594	0.178642944
35	124	67.7108526	0.183897148
36	128	69.1116691	0.189151353
37	131	70.4936093	0.194405557
38	133	71.8566672	0.199659761
39	136	73.2023027	0.204913965
40	139	74.5301983	0.21016817
41	142	75.8411404	0.215422374
42	145	77.1354356	0.220676578
43	148	78.4134466	0.225930782
44	151	79.6755359	0.231184986
45	154	80.9223344	0.236439191
46	157	82.1541264	0.241693395
47	160	83.3718609	0.246947599
48	162	84.5752894	0.252201803
49	165	85.7659717	0.257456008
50	168	86.9434252	0.262710212
51	171	88.1093756	0.267964416
52	174	89.2629975	0.27321862
53	176	90.4060462	0.278472825
54	179	91.5377194	0.283727029
55	182	92.6598196	0.288981233
56	185	93.7715015	0.294235437
57	188	94.8744384	0.299489642
58	190	95.9676129	0.304743846
59	193	97.0527481	0.30999805
60	196	98.1287847	0.315252254
61	199	99.1976554	0.320506459
62	202	100.258183	0.325760663
63	204	101.311257	0.331014867
64	207	102.357164	0.336269071
65	210	103.395719	0.341523275
66	212	104.427781	0.34677748
67	215	105.453104	0.352031684
68	218	106.47211	0.357285888
69	221	107.484994	0.362540092
70	223	108.491859	0.367794297
71	226	109.493136	0.373048501
72	229	110.48873	0.378302705
73	231	111.478853	0.383556909
74	234	112.464077	0.388811114
75	237	113.443263	0.394065318
76	240	114.417958	0.399319522
77	242	115.386896	0.404573726
78	245	116.351776	0.409827931
79	248	117.311409	0.415082135
80	251	118.267444	0.420336339
81	253	119.218561	0.425590543
82	256	120.16619	0.430844748
83	258	121.109036	0.436098952
84	261	122.048265	0.441353156
85	264	122.983322	0.44660736
86	267	123.91461	0.451861564
87	270	124.842341	0.457115769
88	273	125.765674	0.462369973
89	276	126.685654	0.467624177
90	278	127.600797	0.472878381
91	281	128.512689	0.478132586
92	284	129.420043	0.48338679
93	286	130.32358	0.488640994
94	289	131.223462	0.493895198
95	292	132.118622	0.499149403
96	295	133.010281	0.504403607
97	298	133.897049	0.509657811
98	300	134.779986	0.514912015
99	303	135.658406	0.52016622
100	306	136.532588	0.525420424
101	309	137.403119	0.530674628
102	312	138.268708	0.535928832
103	314	139.130761	0.541183037
104	317	139.988093	0.546437241
105	320	140.842276	0.551691445
106	322	141.692186	0.556945649
107	325	142.53944	0.562199853
108	328	143.382779	0.567454058
109	330	144.223358	0.572708262
110	333	145.060041	0.577962466
111	335	145.892958	0.58321667
112	338	146.722343	0.588470875
113	341	147.548949	0.593725079
114	343	148.371499	0.598979283
115	346	149.191393	0.604233487
116	348	150.007513	0.609487692
117	351	150.821518	0.614741896
118	354	151.631739	0.6199961
119	356	152.440835	0.625250304
120	359	153.245536	0.630504509
121	361	154.049107	0.635758713
122	364	154.848083	0.641012917
123	367	155.646418	0.646267121
124	369	156.443696	0.651521326
125	372	157.240514	0.65677553
126	374	158.035365	0.662029734
127	377	158.827885	0.667283938
128	379	159.617132	0.672538143
129	382	160.404378	0.677792347
130	384	161.188516	0.683046551
131	387	161.97083	0.688300755
132	390	162.747933	0.693554959
133	392	163.535396	0.698809164
134	395	164.311637	0.704063368
135	397	165.092032	0.709317572
136	399	165.858274	0.714571776
137	402	166.639231	0.719825981
138	404	167.407477	0.725080185
139	407	168.182998	0.730334389
140	409	168.939097	0.735588593
141	412	169.71173	0.740842798
142	414	170.46465	0.746097002
143	417	171.233429	0.751351206
144	419	171.98159	0.75660541
145	422	172.746519	0.761859615
146	424	173.490658	0.767113819
147	426	174.251597	0.772368023
148	429	174.991797	0.777622227
149	431	175.748755	0.782876432
150	434	176.485066	0.788130636
151	436	177.237932	0.79338484
152	439	177.970544	0.798639044
153	441	178.7196	0.803893248
154	443	179.449263	0.809147453
155	446	180.194906	0.814401657
156	448	180.921696	0.819655861
157	451	181.664345	0.824910065
158	453	182.38801	0.83016427
159	456	183.127942	0.835418474
160	459	183.848217	0.840672678
161	461	184.585145	0.845926882
162	464	185.301945	0.851181087
163	466	186.035498	0.856435291
164	469	186.748391	0.861689495
165	471	187.478604	0.866943699
166	474	188.187669	0.872197904
167	476	188.914413	0.877452108
168	479	189.620192	0.882706312
169	481	190.343207	0.887960516
170	484	191.045551	0.893214721
171	487	191.765119	0.898468925
172	489	192.463852	0.903723129
173	491	193.180126	0.908977333
174	494	193.8754	0.914231537
175	496	194.588091	0.919485742
176	499	195.279719	0.924739946
177	501	195.989061	0.92999415
178	504	196.676677	0.935248354
179	506	197.382426	0.940502559
180	509	198.066794	0.945756763
181	511	198.768919	0.951010967
182	514	199.450243	0.956265171
183	517	200.149165	0.961519376
184	519	200.827531	0.96677358
185	521	201.523257	0.972027784
186	524	202.198439	0.977281988
187	526	202.89099	0.982536193
188	529	203.563001	0.987790397
189	531	204.252351	0.993044601
190	534	204.9211	0.998298805
191	536	205.607491	1.00355301
192	539	206.273191	1.00880721
193	541	206.956641	1.01406142
194	544	207.619536	1.01931562
195	546	208.299755	1.02456983
196	549	208.959801	1.02982403
197	551	209.636941	1.03507823
198	554	210.294379	1.04033244
199	556	210.968644	1.04558664
200	559	211.623549	1.05084085
201	562	212.295389	1.05609505
202	564	212.947526	1.06134926
203	567	213.61693	1.06660346
204	569	214.266368	1.07185766
205	572	214.933131	1.07711187
206	574	215.57996	1.08236607
207	576	216.244082	1.08762028
208	579	216.888495	1.09287448
209	581	217.550156	1.09812869
210	584	218.191919	1.10338289
211	586	218.851333	1.10863709
212	589	219.490515	1.1138913
213	591	220.147705	1.1191455
214	594	220.784634	1.12439971
215	596	221.439106	1.12965391
216	598	222.073834	1.13490812
217	601	222.725681	1.14016232
218	603	223.358369	1.14541652
219	606	224.007905	1.15067073
220	608	224.638372	1.15592493
221	611	225.285751	1.16117914
222	613	225.913901	1.16643334
223	616	226.559322	1.17168755
224	618	227.185205	1.17694175
225	620	227.828458	1.18219595
226	623	228.452279	1.18745016
227	625	229.093319	1.19270436
228	628	229.715262	1.19795857
229	630	230.353941	1.20321277
230	632	230.973836	1.20846697
231	635	231.610483	1.21372118
232	637	232.228511	1.21897538
233	640	232.863238	1.22422959
234	642	233.479548	1.22948379
235	645	234.112221	1.234738
236	647	234.726528	1.2399922
237	649	235.357203	1.2452464
238	652	235.969665	1.25050061
239	654	236.598192	1.25575481
240	657	237.208788	1.26100902
241	659	237.835358	1.26626322
242	661	238.444025	1.27151743
243	664	239.068774	1.27677163
244	666	239.675689	1.28202583
245	669	240.298631	1.28728004
246	671	240.903761	1.29253424
247	674	241.524949	1.29778845
248	676	242.128416	1.30304265
249	679	242.748015	1.30829686
250	681	243.349732	1.31355106
251	684	243.967796	1.31880526
252	686	244.567764	1.32405947
253	689	245.184859	1.32931367
254	691	245.783159	1.33456788
255	694	246.399695	1.33982208
256	696	246.9964	1.34507629
257	699	247.612088	1.35033049
258	701	248.207087	1.35558469
259	704	248.821689	1.3608389
260	706	249.41572	1.3660931
261	709	250.029162	1.37134731
262	711	250.621859	1.37660151
263	714	251.234262	1.38185571
264	716	251.828142	1.38710992
265	719	252.439574	1.39236412
266	721	253.033342	1.39761833
267	724	253.643952	1.40287253
268	726	254.235578	1.40812674
269	729	254.845577	1.41338094
270	731	255.435307	1.41863514
271	734	256.044616	1.42388935
272	736	256.63481	1.42914355
273	739	257.24339	1.43439776
274	741	257.833535	1.43965196
275	744	258.441225	1.44490617
276	746	259.030098	1.45016037
277	748	259.636298	1.45541457
278	751	260.222841	1.46066878
279	753	260.828128	1.46592298
280	756	261.414697	1.47117719
281	758	262.019333	1.47643139
282	761	262.605403	1.4816856
283	763	263.208977	1.4869398
284	765	263.795253	1.492194
285	768	264.39756	1.49744821
286	770	264.98103	1.50270241
287	773	265.582259	1.50795662
288	775	266.163879	1.51321082
289	777	266.764428	1.51846502
290	780	267.346126	1.52371923
291	782	267.945797	1.52897343
292	785	268.527045	1.53422764
293	787	269.125456	1.53948184
294	790	269.70695	1.54473605
295	792	270.304368	1.54999025
296	794	270.883235	1.55524445
297	797	271.479687	1.56049866
298	800	272.058616	1.56575286
299	802	272.654112	1.57100707
300	804	273.231767	1.57626127
301	808	273.826268	1.58151548
302	810	274.403918	1.58676968
303	812	274.997369	1.59202388
304	815	275.572247	1.59727809
305	817	276.165263	1.60253229
306	820	276.740921	1.6077865
307	822	277.333104	1.6130407
308	824	277.907029	1.61829491
309	827	278.498155	1.62354911
310	829	279.072202	1.62880331
311	832	279.66218	1.63405752
312	834	280.233785	1.63931172
313	837	280.822933	1.64456593
314	839	281.395206	1.64982013
315	841	281.983653	1.65507434
316	844	282.555151	1.66032854
317	847	283.142924	1.66558274
318	851	283.713708	1.67083695
319	855	284.300545	1.67609115
320	858	284.868435	1.68134536
321	860	285.45431	1.68659956
322	863	286.023159	1.69185376
323	865	286.608424	1.69710797
324	868	287.176652	1.70236217
325	870	287.761304	1.70761638
326	872	288.328513	1.71287058
327	875	288.912405	1.71812479
328	877	289.47708	1.72337899
329	880	290.060399	1.72863319
330	882	290.625968	1.7338874
331	884	291.208334	1.7391416
332	887	291.772902	1.74439581
333	889	292.354136	1.74965001
334	892	292.918126	1.75490422
335	894	293.498571	1.76015842
336	896	294.061683	1.76541262
337	899	294.641015	1.77066683
338	901	295.203062	1.77592103
339	903	295.781525	1.78117524
340	906	296.342865	1.78642944
341	908	296.92058	1.79168365
342	910	297.481028	1.79693785
343	913	298.057665	1.80219205
344	915	298.617143	1.80744626
345	918	299.194285	1.81270046
346	920	299.751495	1.81795467
347	923	300.327288	1.82320887
348	925	300.885475	1.82846307
349	928	301.460325	1.83371728
350	930	302.017737	1.83897148
351	933	302.591764	1.84422569
352	935	303.148727	1.84947989
353	938	303.721981	1.8547341
354	940	304.277983	1.8599883
355	943	304.85021	1.8652425
356	945	305.40537	1.87049671
357	948	305.976981	1.87575091
358	950	306.531555	1.88100512
359	953	307.102389	1.88625932
360	955	307.656073	1.89151353
361	958	308.226113	1.89676773
362	960	308.779346	1.90202193
363	963	309.349214	1.90727614
364	965	309.902291	1.91253034
365	968	310.471763	1.91778455
366	970	311.024078	1.92303875
367	972	311.592654	1.92829296
368	975	312.144263	1.93354716
369	978	312.712461	1.93880136
370	981	313.26391	1.94405557
371	983	313.831916	1.94930977
372	985	314.3829	1.95456398
373	988	314.950246	1.95981818
374	990	315.500549	1.96507239
375	993	316.067347	1.97032659
376	995	316.617253	1.97558079
377	998	317.183679	1.980835
378	1000	317.733092	1.9860892
379	1002	318.298958	1.99134341
380	1005	318.847874	1.99659761
381	1007	319.413385	2.00185181
382	1009	319.962064	2.00710602
383	1012	320.527309	2.01236022
384	1014	321.075651	2.01761443
385	1017	321.640539	2.02286863
386	1019	322.188637	2.02812284
387	1021	322.753339	2.03337704
388	1024	323.301187	2.03863124
389	1026	323.865446	2.04388545
390	1028	324.412621	2.04913965
391	1031	324.976183	2.05439386
392	1033	325.522837	2.05964806
393	1035	326.086185	2.06490227
394	1038	326.632823	2.07015647
395	1040	327.19596	2.07541067
396	1042	327.742325	2.08066488
397	1045	328.304155	2.08591908
398	1047	328.847924	2.09117329
399	1049	329.408894	2.09642749
400	1052	329.952171	2.1016817
401	1055	330.512675	2.1069359
402	1058	331.057441	2.1121901
403	1060	331.61732	2.11744431
404	1062	332.161801	2.12269851
405	1065	332.720881	2.12795272
406	1067	333.262984	2.13320692
407	1070	333.821712	2.13846112
408	1072	334.36275	2.14371533
409	1074	334.921078	2.14896953
410	1077	335.462474	2.15422374
411	1079	336.020202	2.15947794
412	1081	336.562652	2.16473215
413	1084	337.119663	2.16998635
414	1086	337.659578	2.17524055
415	1088	338.216552	2.18049476
416	1091	338.75599	2.18574896
417	1093	339.312621	2.19100317
418	1095	339.85252	2.19625737
419	1098	340.40888	2.20151158
420	1100	340.949576	2.20676578
421	1102	341.505336	2.21201998
422	1105	342.043648	2.21727419
423	1107	342.599169	2.22252839
424	1109	343.13728	2.2277826
425	1112	343.692422	2.2330368
426	1114	344.230839	2.23829101
427	1117	344.785697	2.24354521
428	1119	345.324994	2.24879941
429	1121	345.879119	2.25405362
430	1124	346.416312	2.25930782
431	1126	346.970339	2.26456203
432	1128	347.506922	2.26981623
433	1131	348.060686	2.27507044
434	1133	348.597483	2.28032464
435	1135	349.150842	2.28557884
436	1138	349.688922	2.29083305
437	1140	350.241622	2.29608725
438	1142	350.777251	2.30134146
439	1145	351.330017	2.30659566
440	1147	351.865089	2.31184986
441	1149	352.417538	2.31710407
442	1152	352.953231	2.32235827
443	1154	353.505437	2.32761248
444	1156	354.042107	2.33286668
445	1159	354.593585	2.33812089
446	1161	355.127894	2.34337509
447	1163	355.679068	2.34862929
448	1166	356.213099	2.3538835
449	1168	356.764078	2.3591377
450	1170	357.298436	2.36439191
451	1173	357.849248	2.36964611
452	1175	358.384453	2.37490032
453	1177	358.934618	2.38015452
454	1180	359.4676	2.38540872
455	1182	360.01773	2.39066293
456	1185	360.552463	2.39591713
457	1187	361.102012	2.40117134
458	1190	361.636358	2.40642554
459	1192	362.185433	2.41167975
460	1194	362.719747	2.41693395
461	1197	363.268301	2.42218815
462	1199	363.800081	2.42744236
463	1202	364.348979	2.43269656
464	1204	364.882464	2.43795077
465	1207	365.43073	2.44320497
466	1209	365.964172	2.44845918
467	1212	366.512187	2.45371338
468	1214	367.045234	2.45896758
469	1217	367.593029	2.46422179
470	1219	368.125837	2.46947599
471	1222	368.673328	2.4747302
472	1224	369.206057	2.4799844
473	1227	369.753514	2.4852386
474	1229	370.2859	2.49049281
475	1231	370.833349	2.49574701
476	1234	371.365543	2.50100122
477	1236	371.912767	2.50625542
478	1239	372.444999	2.51150963
479	1241	372.992047	2.51676383
480	1244	373.524111	2.52201803
481	1246	374.071133	2.52727224
482	1249	374.603183	2.53252644
483	1251	375.150194	2.53778065
484	1253	375.682193	2.54303485
485	1256	376.229021	2.54828906
486	1258	376.76078	2.55354326
487	1261	377.307699	2.55879746
488	1263	377.839414	2.56405167
489	1265	378.386174	2.56930587
490	1268	378.917952	2.57456008
491	1270	379.464608	2.57981428
492	1272	379.996121	2.58506849
493	1275	380.542904	2.59032269
494	1277	381.074442	2.59557689
495	1279	381.621024	2.6008311
496	1282	382.152744	2.6060853
497	1284	382.699284	2.61133951
498	1286	383.230704	2.61659371
499	1289	383.777335	2.62184791
500	1291	384.308743	2.62710212
501	1294	384.855212	2.63235632
502	1297	385.386846	2.63761053
503	1299	385.933504	2.64286473
504	1301	386.464799	2.64811894
505	1304	387.011463	2.65337314
506	1306	387.542766	2.65862734
507	1308	388.089211	2.66388155
508	1310	388.620592	2.66913575
509	1313	389.166984	2.67438996
510	1315	389.697999	2.67964416
511	1318	390.244287	2.68489837
512	1320	390.775418	2.69015257
513	1322	391.32169	2.69540677
514	1324	391.852824	2.70066098
515	1327	392.39915	2.70591518
516	1329	392.93001	2.71116939
517	1331	393.476329	2.71642359
518	1334	394.007406	2.7216778
519	1336	394.55359	2.726932
520	1338	395.084753	2.7321862
521	1341	395.630905	2.73744041
522	1343	396.161774	2.74269461
523	1345	396.708072	2.74794882
524	1348	397.239099	2.75320302
525	1350	397.78519	2.75845723
526	1352	398.316416	2.76371143
527	1354	398.862608	2.76896563
528	1357	399.393465	2.77421984
529	1359	399.939735	2.77947404
530	1361	400.470671	2.78472825
531	1364	401.016618	2.78998245
532	1366	401.547725	2.79523665
533	1368	402.093823	2.80049086
534	1371	402.624535	2.80574506
535	1373	403.170578	2.81099927
536	1375	403.701382	2.81625347
537	1378	404.247116	2.82150768
538	1380	404.775981	2.82676188
