Iteration	CPUTime	PhysTime	Travels	Value	AvValue	MinValue	MaxValue	Delta	Criteria	PrevAvRefValue	Progress	CriteriaType	CriteriaVarType	CriteriaPercentage
1	29	0.0162367046	0.00525420424	298.153577	298.153577	298.153577	298.153577	0	0	0	0	0	0	3
2	31	0.0324781022	0.0105084085	298.157203	298.15539	298.153577	298.157203	0.00181337702	0	0	0	0	0	3
3	33	0.0487542881	0.0157626127	298.160872	298.15722	298.153577	298.160872	0.00364361646	0	0	0	0	0	3
4	36	0.0652875332	0.021016817	298.16462	298.159094	298.153577	298.16462	0.00551751235	0	0	0	0	0	3
5	38	0.0837201606	0.0262710212	298.168813	298.161234	298.153577	298.168813	0.0076572709	0	0	0	0	0	3
6	40	0.132420249	0.0315252254	298.179823	298.16807	298.153577	298.179823	0.0144938569	0	0	0	0	0	3
7	42	0.336429492	0.0367794297	298.224134	298.202067	298.153577	298.224134	0.0484907234	0	0	0	0	0	3
8	46	1.67553863	0.0420336339	298.456244	298.405208	298.153577	298.456244	0.251631581	0	0	0	0	0	3
9	50	10.7473596	0.0472878381	299.06557	298.962618	298.153577	299.06557	0.809041358	0	0	0	0	0	3
10	55	44.8039731	0.0525420424	299.600592	299.447558	298.153577	299.600592	1.29398107	0	0	0	0	0	3
11	58	45.6867102	0.0577962466	299.637904	299.451235	298.153577	299.637904	1.29765885	0	0	0	0	0	3
12	61	46.3795552	0.0630504509	299.66619	299.454447	298.153577	299.66619	1.30086997	0	0	0	0	0	3
13	64	46.8586132	0.0683046551	299.685069	299.456804	298.153577	299.685069	1.30322773	0	0	0	0	0	3
14	66	47.2647115	0.0735588593	299.70039	299.458897	298.153577	299.70039	1.30532062	0	0	0	0	0	3
15	69	47.6243691	0.0788130636	299.713718	299.460822	298.153577	299.713718	1.30724502	0	0	0	0	0	3
16	72	48.1363147	0.0840672678	299.731552	299.463701	298.153577	299.731552	1.31012432	0	0	0	0	0	3
17	74	48.6168349	0.0893214721	299.747552	299.466506	298.153577	299.747552	1.31292986	0	0	0	0	0	3
18	77	49.0827006	0.0945756763	299.762422	299.469315	298.153577	299.762422	1.31573853	0	0	0	0	0	3
19	79	49.5540243	0.0998298805	299.776816	299.47224	298.153577	299.776816	1.31866326	0	0	0	0	0	3
20	82	50.047109	0.105084085	299.791184	299.475382	298.153577	299.791184	1.32180563	0	0	0	0	0	3
21	85	50.8057684	0.110338289	299.811371	299.480399	298.153577	299.811371	1.32682279	0	0	0	0	0	3
22	87	51.5990821	0.115592493	299.830878	299.485788	298.153577	299.830878	1.33221125	0	0	0	0	0	3
23	90	52.4251184	0.120846697	299.849665	299.491521	298.153577	299.849665	1.33794468	0	0	0	0	0	3
24	93	53.2727271	0.126100902	299.867517	299.497504	298.153577	299.867517	1.34392705	0	0	0	0	0	3
25	95	54.130989	0.131355106	299.884263	299.503636	298.153577	299.884263	1.35005922	0	0	0	0	0	3
26	98	55.4182895	0.13660931	299.906267	299.512988	298.153577	299.906267	1.35941186	0	0	0	0	0	3
27	101	56.6950026	0.141863514	299.925966	299.522288	298.153577	299.925966	1.36871168	0	0	0	0	0	3
28	104	57.9460995	0.147117719	299.943594	299.531385	298.153577	299.943594	1.37780796	0	0	0	0	0	3
29	107	59.1662014	0.152371923	299.959407	299.540211	298.153577	299.959407	1.38663447	0	0	0	0	0	3
30	110	60.355004	0.157626127	299.99549	299.549179	298.153577	299.99549	1.39560201	0	0	0	0	0	3
31	113	61.8847727	0.162880331	300.10136	299.562828	298.153577	300.10136	1.40925173	0	0	0	0	0	3
32	116	63.379911	0.168134536	300.206358	299.578009	298.153577	300.206358	1.42443266	0	0	0	0	0	3
33	119	64.8470579	0.17338874	300.323196	299.594869	298.153577	300.323196	1.44129232	0	0	0	0	0	3
34	122	66.2896594	0.178642944	300.450719	299.613494	298.153577	300.450719	1.4599174	0	0	0	0	0	3
35	124	67.7108526	0.183897148	300.580314	299.633787	298.153577	300.580314	1.48021014	0	0	0	0	0	3
36	128	69.1116691	0.189151353	300.707316	299.655546	298.153577	300.707316	1.50196939	0	0	0	0	0	3
37	131	70.4936093	0.194405557	300.827252	299.678516	298.153577	300.827252	1.52493925	0	0	0	0	0	3
38	133	71.8566672	0.199659761	300.938698	299.70242	298.153577	300.938698	1.5488438	0	0	0	0	0	3
39	136	73.2023027	0.204913965	301.040325	299.727014	298.153577	301.040325	1.57343772	0	0	0	0	0	3
40	139	74.5301983	0.21016817	301.132685	299.752059	298.153577	301.132685	1.5984824	0	0	0	0	0	3
41	142	75.8411404	0.215422374	301.216442	299.777371	298.153577	301.216442	1.6237948	0	0	0	0	0	3
42	145	77.1354356	0.220676578	301.291483	299.802777	298.153577	301.291483	1.64920086	0	0	0	0	0	3
43	148	78.4134466	0.225930782	301.359427	299.828148	298.153577	301.359427	1.6745717	0	0	0	0	0	3
44	151	79.6755359	0.231184986	301.420678	299.853375	298.153577	301.420678	1.69979795	0	0	0	0	0	3
45	154	80.9223344	0.236439191	301.475886	299.878373	298.153577	301.475886	1.72479656	0	0	0	0	0	3
46	157	82.1541264	0.241693395	301.525821	299.903074	298.153577	301.525821	1.74949785	0	0	0	0	0	3
47	160	83.3718609	0.246947599	301.571177	299.927439	298.153577	301.571177	1.77386225	0	0	0	0	0	3
48	162	84.5752894	0.252201803	301.612573	299.951417	298.153577	301.612573	1.79784017	0	0	0	0	0	3
49	165	85.7659717	0.257456008	301.650415	299.975004	298.153577	301.650415	1.82142723	0	0	0	0	0	3
50	168	86.9434252	0.262710212	301.685224	299.998165	298.153577	301.685224	1.84458831	0	0	0	0	0	3
51	171	88.1093756	0.267964416	301.717271	300.020914	298.153577	301.717271	1.86733723	0	0	0	0	0	3
52	174	89.2629975	0.27321862	301.746972	300.043221	298.153577	301.746972	1.88964455	0	0	0	0	0	3
53	176	90.4060462	0.278472825	301.774495	300.065111	298.153577	301.774495	1.9115339	0	0	0	0	0	3
54	179	91.5377194	0.283727029	301.800155	300.086561	298.153577	301.800155	1.93298412	0	0	0	0	0	3
55	182	92.6598196	0.288981233	301.824151	300.107603	298.153577	301.824151	1.95402615	0	0	0	0	0	3
56	185	93.7715015	0.294235437	301.846675	300.12822	298.153577	301.846675	1.97464323	0	0	0	0	0	3
57	188	94.8744384	0.299489642	301.867864	300.148444	298.153577	301.867864	1.994867	0	0	0	0	0	3
58	190	95.9676129	0.304743846	301.887861	300.168257	298.153577	301.887861	2.01468084	0	0	0	0	0	3
59	193	97.0527481	0.30999805	301.906822	300.187696	298.153577	301.906822	2.03411953	0	0	0	0	0	3
60	196	98.1287847	0.315252254	301.924832	300.206745	298.153577	301.924832	2.05316818	0	0	0	0	0	3
61	199	99.1976554	0.320506459	301.941973	300.225442	298.153577	301.941973	2.07186554	0	0	0	0	0	3
62	202	100.258183	0.325760663	301.95829	300.243772	298.153577	301.95829	2.09019554	0	0	0	0	0	3
63	204	101.311257	0.331014867	301.973921	300.261756	298.153577	301.973921	2.10817948	0	0	0	0	0	3
64	207	102.357164	0.336269071	301.988916	300.279405	298.153577	301.988916	2.12582797	0	0	0	0	0	3
65	210	103.395719	0.341523275	302.003305	300.29672	298.153577	302.003305	2.14314362	0	0	0	0	0	3
66	212	104.427781	0.34677748	302.017172	300.313723	298.153577	302.017172	2.16014688	0	0	0	0	0	3
67	215	105.453104	0.352031684	302.030561	300.330416	298.153577	302.030561	2.17683974	0	0	0	0	0	3
68	218	106.47211	0.357285888	302.043511	300.346812	298.153577	302.043511	2.19323514	0	0	0	0	0	3
69	221	107.484994	0.362540092	302.056053	300.362919	298.153577	302.056053	2.20934217	0	0	0	0	0	3
70	223	108.491859	0.367794297	302.068206	300.378745	298.153577	302.068206	2.22516818	0	0	0	0	0	3
71	226	109.493136	0.373048501	302.080035	300.394303	298.153577	302.080035	2.2407259	0	0	0	0	0	3
72	229	110.48873	0.378302705	302.091547	300.409596	298.153577	302.091547	2.25601947	0	0	0	0	0	3
73	231	111.478853	0.383556909	302.102763	300.424634	298.153577	302.102763	2.27105768	0	0	0	0	0	3
74	234	112.464077	0.388811114	302.113722	300.439431	298.153577	302.113722	2.28585468	0	0	0	0	0	3
75	237	113.443263	0.394065318	302.124441	300.453975	298.153577	302.124441	2.30039884	0	0	0	0	0	3
76	240	114.417958	0.399319522	302.134928	300.468295	298.153577	302.134928	2.3147184	0	0	0	0	0	3
77	242	115.386896	0.404573726	302.145212	300.482377	298.153577	302.145212	2.32879998	0	0	0	0	0	3
78	245	116.351776	0.409827931	302.155307	300.49625	298.153577	302.155307	2.34267323	0	0	0	0	0	3
79	248	117.311409	0.415082135	302.165211	300.509902	298.153577	302.165211	2.35632569	0	0	0	0	0	3
80	251	118.267444	0.420336339	302.174949	300.523362	298.153577	302.174949	2.36978538	0	0	0	0	0	3
81	253	119.218561	0.425590543	302.184522	300.536615	298.153577	302.184522	2.38303799	0	0	0	0	0	3
82	256	120.16619	0.430844748	302.203705	300.549761	298.153577	302.203705	2.39618465	0	0	0	0	0	3
83	258	121.109036	0.436098952	302.2735	300.563181	298.153577	302.2735	2.40960411	0	0	0	0	0	3
84	261	122.048265	0.441353156	302.34597	300.5769	298.153577	302.34597	2.42332367	0	0	0	0	0	3
85	264	122.983322	0.44660736	302.431449	300.591001	298.153577	302.431449	2.43742401	0	0	0	0	0	3
86	267	123.91461	0.451861564	302.528175	300.60556	298.153577	302.528175	2.45198298	0	0	0	0	0	3
87	270	124.842341	0.457115769	302.630684	300.620609	298.153577	302.630684	2.46703212	0	0	0	0	0	3
88	273	125.765674	0.462369973	302.735448	300.636135	298.153577	302.735448	2.48255862	0	0	0	0	0	3
89	276	126.685654	0.467624177	302.838471	300.652128	298.153577	302.838471	2.49855179	0	0	0	0	0	3
90	278	127.600797	0.472878381	302.937622	300.66852	298.153577	302.937622	2.51494318	0	0	0	0	0	3
91	281	128.512689	0.478132586	303.032175	300.685292	298.153577	303.032175	2.53171505	0	0	0	0	0	3
92	284	129.420043	0.48338679	303.120504	300.702365	298.153577	303.120504	2.54878814	0	0	0	0	0	3
93	286	130.32358	0.488640994	303.203087	300.719702	298.153577	303.203087	2.56612571	0	0	0	0	0	3
94	289	131.223462	0.493895198	303.27988	300.737259	298.153577	303.27988	2.58368247	0	0	0	0	0	3
95	292	132.118622	0.499149403	303.351223	300.75497	298.153577	303.351223	2.60139319	0	0	0	0	0	3
96	295	133.010281	0.504403607	303.417497	300.772819	298.153577	303.417497	2.61924194	0	0	0	0	0	3
97	298	133.897049	0.509657811	303.479043	300.791061	298.157203	303.479043	2.63567106	0	0	0	0	0	3
98	300	134.779986	0.514912015	303.536272	300.809367	298.160872	303.536272	2.65214636	0	0	0	0	0	3
99	303	135.658406	0.52016622	303.589485	300.827693	298.16462	303.589485	2.66859874	0	0	0	0	0	3
100	306	136.532588	0.525420424	303.638982	300.846024	298.168813	303.638982	2.68479017	0	0	0	0	0	3
101	309	137.403119	0.530674628	303.685148	300.864382	298.179823	303.685148	2.69631146	0	0	0	0	0	3
102	312	138.268708	0.535928832	303.728151	300.883273	298.224134	303.728151	2.68120598	0	0	0	0	0	3
103	314	139.130761	0.541183037	303.768383	300.905101	298.456244	303.768383	2.49989314	0	0	0	0	0	3
104	317	139.988093	0.546437241	303.806	300.946792	299.06557	303.806	1.98417387	0	0	0	0	0	3
105	320	140.842276	0.551691445	303.841307	301.096979	299.600592	303.841307	1.64942108	0	0	0	0	0	3
106	322	141.692186	0.556945649	303.874465	301.647329	299.637904	303.874465	2.1960939	0	0	0	0	0	3
107	325	142.53944	0.562199853	303.905712	301.6854	299.66619	303.905712	2.23095315	0	0	0	0	0	3
108	328	143.382779	0.567454058	303.935175	301.719381	299.685069	303.935175	2.26257697	0	0	0	0	0	3
109	330	144.223358	0.572708262	303.963052	301.748761	299.70039	303.963052	2.28986367	0	0	0	0	0	3
110	333	145.060041	0.577962466	303.989436	301.776437	299.713718	303.989436	2.31561518	0	0	0	0	0	3
111	335	145.892958	0.58321667	304.014516	301.802956	299.731552	304.014516	2.33925511	0	0	0	0	0	3
112	338	146.722343	0.588470875	304.038283	301.832518	299.747552	304.038283	2.36601151	0	0	0	0	0	3
113	341	147.548949	0.593725079	304.060939	301.861264	299.762422	304.060939	2.39194874	0	0	0	0	0	3
114	343	148.371499	0.598979283	304.082607	301.889514	299.776816	304.082607	2.41727437	0	0	0	0	0	3
115	346	149.191393	0.604233487	304.103291	301.917725	299.791184	304.103291	2.44234257	0	0	0	0	0	3
116	348	150.007513	0.609487692	304.123098	301.94622	299.811371	304.123098	2.46582082	0	0	0	0	0	3
117	351	150.821518	0.614741896	304.142155	301.980286	299.830878	304.142155	2.49449827	0	0	0	0	0	3
118	354	151.631739	0.6199961	304.160443	302.01499	299.849665	304.160443	2.52346915	0	0	0	0	0	3
119	356	152.440835	0.625250304	304.178105	302.050373	299.867517	304.178105	2.55286925	0	0	0	0	0	3
120	359	153.245536	0.630504509	304.195164	302.086144	299.884263	304.195164	2.58250804	0	0	0	0	0	3
121	361	154.049107	0.635758713	304.211678	302.122151	299.906267	304.211678	2.60916298	0	0	0	0	0	3
122	364	154.848083	0.641012917	304.227633	302.167759	299.925966	304.227633	2.64547059	0	0	0	0	0	3
123	367	155.646418	0.646267121	304.243179	302.213428	299.943594	304.243179	2.68204327	0	0	0	0	0	3
124	369	156.443696	0.651521326	304.258274	302.258811	299.959407	304.258274	2.71859953	0	0	0	0	0	3
125	372	157.240514	0.65677553	304.273025	302.303781	299.99549	304.273025	2.75460265	0	0	0	0	0	3
126	374	158.035365	0.662029734	304.287378	302.348015	300.10136	304.287378	2.78518668	0	0	0	0	0	3
127	377	158.827885	0.667283938	304.301395	302.399436	300.206358	304.301395	2.82142719	0	0	0	0	0	3
128	379	159.617132	0.672538143	304.315095	302.449218	300.323196	304.315095	2.85434955	0	0	0	0	0	3
129	382	160.404378	0.677792347	304.328482	302.497343	300.450719	304.328482	2.88384877	0	0	0	0	0	3
130	384	161.188516	0.683046551	304.341562	302.543693	300.580314	304.341562	2.90990626	0	0	0	0	0	3
131	387	161.97083	0.688300755	304.354393	302.588324	300.707316	304.354393	2.93277759	0	0	0	0	0	3
132	390	162.747933	0.693554959	304.36694	302.631225	300.827252	304.36694	2.952709	0	0	0	0	0	3
133	392	163.535396	0.698809164	304.379442	302.672815	300.938698	304.379442	2.97039477	0	0	0	0	0	3
134	395	164.311637	0.704063368	304.391622	302.712812	301.040325	304.391622	2.98579772	0	0	0	0	0	3
135	397	165.092032	0.709317572	304.403689	302.751664	301.132685	304.403689	2.99960517	0	0	0	0	0	3
136	399	165.858274	0.714571776	304.415394	302.789163	301.216442	304.415394	3.01179114	0	0	0	0	0	3
137	402	166.639231	0.719825981	304.427178	302.825958	301.291483	304.427178	3.02318063	0	0	0	0	0	3
138	404	167.407477	0.725080185	304.438658	302.861684	301.359427	304.438658	3.03353528	0	0	0	0	0	3
139	407	168.182998	0.730334389	304.45011	302.896793	301.420678	304.45011	3.02943203	0	0	0	0	0	3
140	409	168.939097	0.735588593	304.461198	302.930915	301.475886	304.461198	2.98531143	0	0	0	0	0	3
141	412	169.71173	0.740842798	304.472405	302.96476	301.525821	304.472405	2.94658404	0	0	0	0	0	3
142	414	170.46465	0.746097002	304.48324	302.997778	301.571177	304.48324	2.91206295	0	0	0	0	0	3
143	417	171.233429	0.751351206	304.494205	303.030644	301.612573	304.494205	2.88163174	0	0	0	0	0	3
144	419	171.98159	0.75660541	304.504814	303.062786	301.650415	304.504814	2.85439914	0	0	0	0	0	3
145	422	172.746519	0.761859615	304.515565	303.094896	301.685224	304.515565	2.83034118	0	0	0	0	0	3
146	424	173.490658	0.767113819	304.525973	303.126379	301.717271	304.525973	2.80870142	0	0	0	0	0	3
147	426	174.251597	0.772368023	304.536526	303.157908	301.746972	304.536526	2.7895545	0	0	0	0	0	3
148	429	174.991797	0.777622227	304.546744	303.188886	301.774495	304.546744	2.77224906	0	0	0	0	0	3
149	431	175.748755	0.782876432	304.557121	303.219966	301.800155	304.557121	2.75696512	0	0	0	0	0	3
150	434	176.485066	0.788130636	304.567176	303.250558	301.824151	304.567176	2.74302412	0	0	0	0	0	3
151	436	177.237932	0.79338484	304.57739	303.281293	301.846675	304.57739	2.73071551	0	0	0	0	0	3
152	439	177.970544	0.798639044	304.587301	303.311597	301.867864	304.587301	2.71943673	0	0	0	0	0	3
153	441	178.7196	0.803893248	304.597366	303.342076	301.887861	304.597366	2.7095042	0	0	0	0	0	3
154	443	179.449263	0.809147453	304.607141	303.372176	301.906822	304.607141	2.70031885	0	0	0	0	0	3
155	446	180.194906	0.814401657	304.628849	303.402571	301.924832	304.628849	2.70401784	0	0	0	0	0	3
156	448	180.921696	0.819655861	304.686299	303.433046	301.941973	304.686299	2.74432653	0	0	0	0	0	3
157	451	181.664345	0.824910065	304.748822	303.464221	301.95829	304.748822	2.79053253	0	0	0	0	0	3
158	453	182.38801	0.83016427	304.821509	303.495626	301.973921	304.821509	2.84758749	0	0	0	0	0	3
159	456	183.127942	0.835418474	304.905967	303.527967	301.988916	304.905967	2.91705045	0	0	0	0	0	3
160	459	183.848217	0.840672678	304.9955	303.560691	302.003305	304.9955	2.99219555	0	0	0	0	0	3
161	461	184.585145	0.845926882	305.089193	303.594487	302.017172	305.089193	3.07202135	0	0	0	0	0	3
162	464	185.301945	0.851181087	305.180683	303.628674	302.030561	305.180683	3.15012177	0	0	0	0	0	3
163	466	186.035498	0.856435291	305.272679	303.663974	302.043511	305.272679	3.22916798	0	0	0	0	0	3
164	469	186.748391	0.861689495	305.35873	303.699594	302.056053	305.35873	3.30267738	0	0	0	0	0	3
165	471	187.478604	0.866943699	305.442759	303.736317	302.068206	305.442759	3.35757211	0	0	0	0	0	3
166	474	188.187669	0.872197904	305.520527	303.773266	302.080035	305.520527	3.37896344	0	0	0	0	0	3
167	476	188.914413	0.877452108	305.596014	303.811292	302.091547	305.596014	3.40169576	0	0	0	0	0	3
168	479	189.620192	0.882706312	305.665618	303.849468	302.102763	305.665618	3.42483343	0	0	0	0	0	3
169	481	190.343207	0.887960516	305.732989	303.888665	302.113722	305.732989	3.44923368	0	0	0	0	0	3
170	484	191.045551	0.893214721	305.794975	303.927957	302.124441	305.794975	3.47398125	0	0	0	0	0	3
171	487	191.765119	0.898468925	305.854805	303.968207	302.134928	305.854805	3.49991193	0	0	0	0	0	3
172	489	192.463852	0.903723129	305.90985	304.008486	302.145212	305.90985	3.52610895	0	0	0	0	0	3
173	491	193.180126	0.908977333	305.963012	304.049689	302.155307	305.963012	3.55343945	0	0	0	0	0	3
174	494	193.8754	0.914231537	306.011878	304.090865	302.165211	306.011878	3.58096296	0	0	0	0	0	3
175	496	194.588091	0.919485742	306.059179	304.132931	302.174949	306.059179	3.60956928	0	0	0	0	0	3
176	499	195.279719	0.924739946	306.102702	304.174928	302.184522	306.102702	3.6383132	0	0	0	0	0	3
177	501	195.989061	0.92999415	306.144907	304.217789	302.203705	306.144907	3.66802803	0	0	0	0	0	3
178	504	196.676677	0.935248354	306.183783	304.260404	302.2735	306.183783	3.69722302	0	0	0	0	0	3
179	506	197.382426	0.940502559	306.221592	304.303111	302.34597	306.221592	3.72621104	0	0	0	0	0	3
180	509	198.066794	0.945756763	306.256493	304.344878	302.431449	306.256493	3.7538773	0	0	0	0	0	3
181	511	198.768919	0.951010967	306.290517	304.386512	302.528175	306.290517	3.76234225	0	0	0	0	0	3
182	514	199.450243	0.956265171	306.322033	304.426882	302.630684	306.322033	3.69134896	0	0	0	0	0	3
183	517	200.149165	0.961519376	306.352807	304.466884	302.735448	306.352807	3.61735962	0	0	0	0	0	3
184	519	200.827531	0.96677358	306.381408	304.505485	302.838471	306.381408	3.54293642	0	0	0	0	0	3
185	521	201.523257	0.972027784	306.409416	304.543677	302.937622	306.409416	3.47179365	0	0	0	0	0	3
186	524	202.198439	0.977281988	306.435517	304.580503	303.032175	306.435517	3.40334162	0	0	0	0	0	3
187	526	202.89099	0.982536193	306.46117	304.616997	303.120504	306.46117	3.34066595	0	0	0	0	0	3
188	529	203.563001	0.987790397	306.485139	304.652243	303.203087	306.485139	3.2820524	0	0	0	0	0	3
189	531	204.252351	0.993044601	306.508768	304.687266	303.27988	306.508768	3.22888763	0	0	0	0	0	3
190	534	204.9211	0.998298805	306.530922	304.72118	303.351223	306.530922	3.17969819	0	0	0	0	0	3
191	536	205.607491	1.00355301	306.552877	304.754976	303.417497	306.552877	3.13538065	0.251760152	0	8	0	0	3
192	539	206.273191	1.00880721	306.573447	304.787777	303.479043	306.573447	3.09440366	0.252377229	0	8.1	0	0	3
193	541	206.956641	1.01406142	306.593867	304.820557	303.536272	306.593867	3.05759489	0.252683533	0	8.2	0	0	3
194	544	207.619536	1.01931562	306.613117	304.852439	303.589485	306.613117	3.02363192	0.252940663	0	8.3	0	0	3
195	546	208.299755	1.02456983	306.632304	304.884378	303.638982	306.632304	2.99332249	0.253181685	0	8.4	0	0	3
196	549	208.959801	1.02982403	306.650461	304.915504	303.685148	306.650461	2.96531251	0.253369174	0	8.5	0	0	3
197	551	209.636941	1.03507823	306.668581	304.946766	303.728151	306.668581	2.9404308	0.253363214	0	8.6	0	0	3
198	554	210.294379	1.04033244	306.685679	304.977283	303.768383	306.685679	2.91729634	0.252437475	0	8.6	0	0	3
199	556	210.968644	1.04558664	306.702801	305.007986	303.806	306.702801	2.89680058	0.251760152	0	8.6	0	0	3
200	559	211.623549	1.05084085	306.719059	305.038014	303.841307	306.719059	2.87775237	0.251760152	0	8.7	0	0	3
201	562	212.295389	1.05609505	306.735355	305.068279	303.874465	306.735355	2.86088989	0.251760152	0	8.8	0	0	3
202	564	212.947526	1.06134926	306.750882	305.097918	303.905712	306.750882	2.84516941	0.251760152	0	8.8	0	0	3
203	567	213.61693	1.06660346	306.766474	305.127844	303.935175	306.766474	2.83129889	0.251760152	0	8.8	0	0	3
204	569	214.266368	1.07185766	306.781345	305.157183	303.963052	306.781345	2.81829251	0.251760152	0	8.9	0	0	3
205	572	214.933131	1.07711187	306.796307	305.186835	303.989436	306.796307	2.806871	0.251760152	0	8.9	0	0	3
206	574	215.57996	1.08236607	306.810588	305.215935	304.014516	306.810588	2.7960724	0.251760152	0	9	0	0	3
207	576	216.244082	1.08762028	306.825023	305.245349	304.038283	306.825023	2.78673998	0.251760152	0	9	0	0	3
208	579	216.888495	1.09287448	306.838817	305.274251	304.060939	306.838817	2.77787801	0.251760152	0	9	0	0	3
209	581	217.550156	1.09812869	306.852777	305.303499	304.082607	306.852777	2.77017026	0.251760152	0	9	0	0	3
210	584	218.191919	1.10338289	306.866162	305.332246	304.103291	306.866162	2.76287108	0.251760152	0	9.1	0	0	3
211	586	218.851333	1.10863709	306.879687	305.361359	304.123098	306.879687	2.75658845	0.251760152	0	9.1	0	0	3
212	589	219.490515	1.1138913	306.892657	305.38999	304.142155	306.892657	2.75050232	0.251760152	0	9.1	0	0	3
213	591	220.147705	1.1191455	306.905828	305.419011	304.160443	306.905828	2.74538501	0.251760152	0	9.1	0	0	3
214	594	220.784634	1.12439971	306.918478	305.447568	304.178105	306.918478	2.74037299	0.251760152	0	9.1	0	0	3
215	596	221.439106	1.12965391	306.93131	305.476528	304.195164	306.93131	2.73614566	0.251760152	0	9.2	0	0	3
216	598	222.073834	1.13490812	306.943669	305.505038	304.211678	306.943669	2.73199064	0.251760152	0	9.2	0	0	3
217	601	222.725681	1.14016232	306.956214	305.533946	304.227633	306.956214	2.72858113	0.251760152	0	9.2	0	0	3
218	603	223.358369	1.14541652	306.968296	305.562426	304.243179	306.968296	2.72511721	0.251760152	0	9.2	0	0	3
219	606	224.007905	1.15067073	306.980588	305.591307	304.258274	306.980588	2.72231432	0.251760152	0	9.2	0	0	3
220	608	224.638372	1.15592493	306.99245	305.619846	304.273025	306.99245	2.71942517	0.251760152	0	9.2	0	0	3
221	611	225.285751	1.16117914	307.004526	305.648791	304.287378	307.004526	2.71714772	0.251760152	0	9.2	0	0	3
222	613	225.913901	1.16643334	307.016159	305.677386	304.301395	307.016159	2.71476449	0.251760152	0	9.2	0	0	3
223	616	226.559322	1.17168755	307.028029	305.706357	304.315095	307.028029	2.71293369	0.251760152	0	9.2	0	0	3
224	618	227.185205	1.17694175	307.03948	305.734957	304.328482	307.03948	2.71099849	0.251760152	0	9.2	0	0	3
225	620	227.828458	1.18219595	307.051164	305.763936	304.341562	307.051164	2.70960181	0.251760152	0	9.2	0	0	3
226	623	228.452279	1.18745016	307.062437	305.79256	304.354393	307.062437	2.70804352	0.251760152	0	9.2	0	0	3
227	625	229.093319	1.19270436	307.073949	305.82156	304.36694	307.073949	2.70700955	0.251760152	0	9.3	0	0	3
228	628	229.715262	1.19795857	307.085087	305.850174	304.379442	307.085087	2.70564493	0.251760152	0	9.3	0	0	3
229	630	230.353941	1.20321277	307.09645	305.879419	304.391622	307.09645	2.70482801	0.251760152	0	9.3	0	0	3
230	632	230.973836	1.20846697	307.10744	305.908163	304.403689	307.10744	2.70375068	0.251760152	0	9.3	0	0	3
231	635	231.610483	1.21372118	307.118677	305.9374	304.415394	307.118677	2.70328259	0.251760152	0	9.3	0	0	3
232	637	232.228511	1.21897538	307.129531	305.966072	304.427178	307.129531	2.70235267	0.251760152	0	9.3	0	0	3
233	640	232.863238	1.22422959	307.140644	305.995477	304.438658	307.140644	2.70198649	0.251760152	0	9.3	0	0	3
234	642	233.479548	1.22948379	307.151389	306.024361	304.45011	307.151389	2.70127856	0.251760152	0	9.3	0	0	3
235	645	234.112221	1.234738	307.162366	306.0538	304.461198	307.162366	2.70116789	0.251760152	0	9.3	0	0	3
236	647	234.726528	1.2399922	307.173001	306.082554	304.472405	307.173001	2.70059591	0.251760152	0	9.3	0	0	3
237	649	235.357203	1.2452464	307.183871	306.112086	304.48324	307.183871	2.70063104	0.251760152	0	9.3	0	0	3
238	652	235.969665	1.25050061	307.194417	306.140928	304.494205	307.194417	2.70021188	0.251760152	0	9.3	0	0	3
239	654	236.598192	1.25575481	307.205189	306.170529	304.504814	307.205189	2.70037473	0.251760152	0	9.3	0	0	3
240	657	237.208788	1.26100902	307.215633	306.199418	304.515565	307.215633	2.70006818	0.251760152	0	9.3	0	0	3
241	659	237.835358	1.26626322	307.226299	306.229092	304.525973	307.226299	2.7003263	0.251760152	0	9.3	0	0	3
242	661	238.444025	1.27151743	307.236646	306.258046	304.536526	307.236646	2.70011968	0.251760152	0	9.3	0	0	3
243	664	239.068774	1.27677163	307.247227	306.28779	304.546744	307.247227	2.70048268	0.251760152	0	9.3	0	0	3
244	666	239.675689	1.28202583	307.257498	306.316812	304.557121	307.257498	2.70037727	0.251760152	0	9.3	0	0	3
245	669	240.298631	1.28728004	307.248662	306.346441	304.567176	307.257498	2.69032233	0.251760152	0	9.3	0	0	3
246	671	240.903761	1.29253424	307.217053	306.374956	304.57739	307.257498	2.68010751	0.251760152	0	9.3	0	0	3
247	674	241.524949	1.29778845	307.178767	306.403774	304.587301	307.257498	2.67019693	0.251760152	0	9.4	0	0	3
248	676	242.128416	1.30304265	307.130391	306.431351	304.597366	307.257498	2.66013231	0.251760152	0	9.4	0	0	3
249	679	242.748015	1.30829686	307.07209	306.459007	304.607141	307.257498	2.65035652	0.251760152	0	9.4	0	0	3
250	681	243.349732	1.31355106	307.010386	306.485345	304.628849	307.257498	2.62864845	0.251760152	0	9.5	0	0	3
251	684	243.967796	1.31880526	306.944408	306.5115	304.686299	307.257498	2.57119855	0.251760152	0	9.7	0	0	3
252	686	244.567764	1.32405947	306.880297	306.535819	304.748822	307.257498	2.50867562	0.251760152	0	10	0	0	3
253	689	245.184859	1.32931367	306.815817	306.559432	304.821509	307.257498	2.43598925	0.251760152	0	10.3	0	0	3
254	691	245.783159	1.33456788	306.755138	306.581118	304.905967	307.257498	2.35153123	0.251760152	0	10.7	0	0	3
255	694	246.399695	1.33982208	306.696038	306.601828	304.9955	307.257498	2.26199765	0.251760152	0	11.1	0	0	3
256	696	246.9964	1.34507629	306.641972	306.620529	305.089193	307.257498	2.16830455	0.251760152	0	11.6	0	0	3
257	699	247.612088	1.35033049	306.589749	306.638133	305.180683	307.257498	2.07681481	0.251760152	0	12.1	0	0	3
258	701	248.207087	1.35558469	306.54241	306.653835	305.272679	307.257498	1.98481871	0.251760152	0	12.6	0	0	3
259	704	248.821689	1.3608389	306.496856	306.668435	305.35873	307.257498	1.89876777	0.251760152	0	13.2	0	0	3
260	706	249.41572	1.3660931	306.455741	306.681318	305.442759	307.257498	1.8147388	0.251760152	0	13.8	0	0	3
261	709	250.029162	1.37134731	306.416388	306.693179	305.520527	307.257498	1.73697102	0.251760152	0	14.4	0	0	3
262	711	250.621859	1.37660151	306.381071	306.703533	305.596014	307.257498	1.66148399	0.251760152	0	15.1	0	0	3
263	714	251.234262	1.38185571	306.347397	306.712949	305.665618	307.257498	1.59187992	0.251760152	0	15.8	0	0	3
264	716	251.828142	1.38710992	306.317191	306.721053	305.732989	307.257498	1.52450897	0.251760152	0	16.5	0	0	3
265	719	252.439574	1.39236412	306.28861	306.7283	305.794975	307.257498	1.46252296	0.251760152	0	17.2	0	0	3
266	721	253.033342	1.39761833	306.263086	306.734419	305.854805	307.257498	1.40269277	0.251760152	0	17.9	0	0	3
267	724	253.643952	1.40287253	306.23904	306.739759	305.90985	307.257498	1.34764801	0.251760152	0	18.6	0	0	3
268	726	254.235578	1.40812674	306.217643	306.744146	305.963012	307.257498	1.29448625	0.251760152	0	19.4	0	0	3
269	729	254.845577	1.41338094	306.197513	306.747812	306.011878	307.257498	1.24561998	0.251760152	0	20.2	0	0	3
270	731	255.435307	1.41863514	306.179708	306.750681	306.059179	307.257498	1.19831886	0.251760152	0	21	0	0	3
271	734	256.044616	1.42388935	306.163057	306.752875	306.102702	307.257498	1.15479597	0.251760152	0	21.8	0	0	3
272	736	256.63481	1.42914355	306.14837	306.754389	306.144907	307.257498	1.11259065	0.251760152	0	22.6	0	0	3
273	739	257.24339	1.43439776	306.134703	306.75529	306.134703	307.257498	1.12279536	0.251760152	0	22.4	0	0	3
274	741	257.833535	1.43965196	306.122707	306.755611	306.122707	307.257498	1.1347912	0.251760152	0	22.1	0	0	3
275	744	258.441225	1.44490617	306.111637	306.755375	306.111637	307.257498	1.14586132	0.251760152	0	21.9	0	0	3
276	746	259.030098	1.45016037	306.102028	306.754664	306.102028	307.257498	1.1554699	0.251760152	0	21.7	0	0	3
277	748	259.636298	1.45541457	306.093252	306.753431	306.093252	307.257498	1.164246	0.251760152	0	21.6	0	0	3
278	751	260.222841	1.46066878	306.085722	306.751823	306.085722	307.257498	1.17177608	0.251760152	0	21.4	0	0	3
279	753	260.828128	1.46592298	306.078912	306.749707	306.078912	307.257498	1.17858583	0.251760152	0	21.3	0	0	3
280	756	261.414697	1.47117719	306.07315	306.74728	306.07315	307.257498	1.18434799	0.251760152	0	21.2	0	0	3
281	758	262.019333	1.47643139	306.068044	306.744377	306.068044	307.257498	1.18945428	0.251760152	0	21.1	0	0	3
282	761	262.605403	1.4816856	306.063824	306.741227	306.063824	307.257498	1.19367353	0.251760152	0	21	0	0	3
283	763	263.208977	1.4869398	306.060205	306.737627	306.060205	307.257498	1.19729289	0.251760152	0	21	0	0	3
284	765	263.795253	1.492194	306.057303	306.733822	306.057303	307.257498	1.20019506	0.251760152	0	20.9	0	0	3
285	768	264.39756	1.49744821	306.054949	306.729603	306.054949	307.257498	1.20254887	0.251760152	0	20.9	0	0	3
286	770	264.98103	1.50270241	306.053229	306.725245	306.053229	307.257498	1.20426847	0.251760152	0	20.9	0	0	3
287	773	265.582259	1.50795662	306.051993	306.720468	306.051993	307.257498	1.20550492	0.251760152	0	20.8	0	0	3
288	775	266.163879	1.51321082	306.051287	306.715604	306.051287	307.257498	1.20621105	0.251760152	0	20.8	0	0	3
289	777	266.764428	1.51846502	306.051056	306.710322	306.051056	307.257498	1.20644174	0.251760152	0	20.8	0	0	3
290	780	267.346126	1.52371923	306.051247	306.704982	306.051056	307.257498	1.20644174	0.251760152	0	20.8	0	0	3
291	782	267.945797	1.52897343	306.051848	306.699244	306.051056	307.257498	1.20644174	0.251760152	0	20.8	0	0	3
292	785	268.527045	1.53422764	306.052805	306.693477	306.051056	307.257498	1.20644174	0.251760152	0	20.8	0	0	3
293	787	269.125456	1.53948184	306.054152	306.687329	306.051056	307.257498	1.20644174	0.251760152	0	20.8	0	0	3
294	790	269.70695	1.54473605	306.055768	306.681166	306.051056	307.257498	1.20644174	0.251760152	0	20.8	0	0	3
295	792	270.304368	1.54999025	306.057655	306.674643	306.051056	307.257498	1.20644174	0.251760152	0	20.8	0	0	3
296	794	270.883235	1.55524445	306.059789	306.668146	306.051056	307.257498	1.20644174	0.251760152	0	20.8	0	0	3
297	797	271.479687	1.56049866	306.062257	306.661277	306.051056	307.257498	1.20644174	0.251760152	0	20.8	0	0	3
298	800	272.058616	1.56575286	306.064922	306.654447	306.051056	307.257498	1.20644174	0.251760152	0	20.8	0	0	3
299	802	272.654112	1.57100707	306.067928	306.647261	306.051056	307.257498	1.20644174	0.251760152	0	20.8	0	0	3
300	804	273.231767	1.57626127	306.071073	306.64014	306.051056	307.257498	1.20644174	0.251760152	0	20.8	0	0	3
301	808	273.826268	1.58151548	306.074455	306.632661	306.051056	307.257498	1.20644174	0.251760152	0	20.8	0	0	3
302	810	274.403918	1.58676968	306.077983	306.625258	306.051056	307.257498	1.20644174	0.251760152	0	20.8	0	0	3
303	812	274.997369	1.59202388	306.081749	306.61751	306.051056	307.257498	1.20644174	0.251760152	0	20.8	0	0	3
304	815	275.572247	1.59727809	306.085578	306.609869	306.051056	307.257498	1.20644174	0.251760152	0	20.8	0	0	3
305	817	276.165263	1.60253229	306.089687	306.601864	306.051056	307.257498	1.20644174	0.251760152	0	20.8	0	0	3
306	820	276.740921	1.6077865	306.093791	306.593972	306.051056	307.257498	1.20644174	0.251760152	0	20.8	0	0	3
307	822	277.333104	1.6130407	306.098165	306.58573	306.051056	307.257498	1.20644174	0.251760152	0	20.8	0	0	3
308	824	277.907029	1.61829491	306.102523	306.577624	306.051056	307.257498	1.20644174	0.251760152	0	20.8	0	0	3
309	827	278.498155	1.62354911	306.107146	306.569161	306.051056	307.257498	1.20644174	0.251760152	0	20.8	0	0	3
310	829	279.072202	1.62880331	306.111726	306.560839	306.051056	307.257498	1.20644174	0.251760152	0	20.8	0	0	3
311	832	279.66218	1.63405752	306.116525	306.552172	306.051056	307.257498	1.20644174	0.251760152	0	20.8	0	0	3
312	834	280.233785	1.63931172	306.12128	306.543665	306.051056	307.257498	1.20644174	0.251760152	0	20.8	0	0	3
313	837	280.822933	1.64456593	306.126294	306.534804	306.051056	307.257498	1.19318531	0.251760152	0	21	0	0	3
314	839	281.395206	1.64982013	306.131255	306.526099	306.051056	307.257498	1.1643043	0.251760152	0	21.6	0	0	3
315	841	281.983653	1.65507434	306.136368	306.517051	306.051056	307.257498	1.13576581	0.251760152	0	22.1	0	0	3
316	844	282.555151	1.66032854	306.14142	306.508169	306.051056	307.257498	1.10682061	0.251760152	0	22.7	0	0	3
317	847	283.142924	1.66558274	306.146728	306.498944	306.051056	307.257498	1.07822493	0.251760152	0	23.3	0	0	3
318	851	283.713708	1.67083695	306.151912	306.489896	306.051056	307.257498	1.04925412	0.251760152	0	23.9	0	0	3
319	855	284.300545	1.67609115	306.15734	306.480501	306.051056	307.257498	1.02065441	0.251760152	0	24.6	0	0	3
320	858	284.868435	1.68134536	306.16264	306.471306	306.051056	307.257498	0.991675189	0.251760152	0	25.3	0	0	3
321	860	285.45431	1.68659956	306.168153	306.461751	306.051056	307.257498	0.963051033	0.251760152	0	26.1	0	0	3
322	863	286.023159	1.69185376	306.173556	306.452395	306.051056	307.257498	0.934051508	0.251760152	0	26.9	0	0	3
323	865	286.608424	1.69710797	306.179136	306.442687	306.051056	307.257498	0.905437087	0.251760152	0	27.8	0	0	3
324	868	287.176652	1.70236217	306.18462	306.433182	306.051056	307.257498	0.876191957	0.251760152	0	28.7	0	0	3
325	870	287.761304	1.70761638	306.190316	306.423329	306.051056	307.257498	0.847448051	0.251760152	0	29.7	0	0	3
326	872	288.328513	1.71287058	306.195889	306.413686	306.051056	307.257498	0.818211706	0.251760152	0	30.7	0	0	3
327	875	288.912405	1.71812479	306.201651	306.403693	306.051056	307.257498	0.789539306	0.251760152	0	31.8	0	0	3
328	877	289.47708	1.72337899	306.207295	306.39392	306.051056	307.257498	0.760133905	0.251760152	0	33.1	0	0	3
329	880	290.060399	1.72863319	306.213114	306.383789	306.051056	307.257498	0.731250006	0.251760152	0	34.4	0	0	3
330	882	290.625968	1.7338874	306.218774	306.373878	306.051056	307.257498	0.701811624	0.251760152	0	35.8	0	0	3
331	884	291.208334	1.7391416	306.224617	306.363618	306.051056	307.257498	0.67305693	0.251760152	0	37.4	0	0	3
332	887	291.772902	1.74439581	306.230342	306.353583	306.051056	307.257498	0.643525161	0.251760152	0	39.1	0	0	3
333	889	292.354136	1.74965001	306.236248	306.3432	306.051056	307.257498	0.614683431	0.251760152	0	40.9	0	0	3
334	892	292.918126	1.75490422	306.242005	306.333043	306.051056	307.257498	0.585082116	0.251760152	0	43	0	0	3
335	894	293.498571	1.76015842	306.247944	306.322541	306.051056	307.257498	0.55619295	0.251760152	0	45.2	0	0	3
336	896	294.061683	1.76541262	306.253728	306.312268	306.051056	307.257498	0.526519028	0.251760152	0	47.8	0	0	3
337	899	294.641015	1.77066683	306.259696	306.30165	306.051056	307.257498	0.497565604	0.251760152	0	50.5	0	0	3
338	901	295.203062	1.77592103	306.26551	306.291265	306.051056	307.257498	0.467821011	0.251760152	0	53.8	0	0	3
339	903	295.781525	1.78117524	306.271481	306.280532	306.051056	307.257498	0.475078986	0.251760152	0	52.9	0	0	3
340	906	296.342865	1.78642944	306.277307	306.270037	306.051056	307.248662	0.485574392	0.251760152	0	51.8	0	0	3
341	908	296.92058	1.79168365	306.283303	306.259406	306.051056	307.217053	0.49620565	0.251760152	0	50.7	0	0	3
342	910	297.481028	1.79693785	306.289135	306.249458	306.051056	307.178767	0.506153803	0.251760152	0	49.7	0	0	3
343	913	298.057665	1.80219205	306.295109	306.239712	306.051056	307.130391	0.515899511	0.251760152	0	48.8	0	0	3
344	915	298.617143	1.80744626	306.300976	306.230804	306.051056	307.07209	0.524807839	0.251760152	0	47.9	0	0	3
345	918	299.194285	1.81270046	306.307046	306.222348	306.051056	307.010386	0.533262915	0.251760152	0	47.2	0	0	3
346	920	299.751495	1.81795467	306.312894	306.214836	306.051056	306.944408	0.540775488	0.251760152	0	46.5	0	0	3
347	923	300.327288	1.82320887	306.296943	306.207674	306.051056	306.880297	0.547937462	0.251760152	0	45.9	0	0	3
348	925	300.885475	1.82846307	306.262941	306.201056	306.051056	306.815817	0.554555322	0.251760152	0	45.3	0	0	3
349	928	301.460325	1.83371728	306.221728	306.194526	306.051056	306.755138	0.561085383	0.251760152	0	44.8	0	0	3
350	930	302.017737	1.83897148	306.171785	306.188336	306.051056	306.696038	0.567275359	0.251760152	0	44.3	0	0	3
351	933	302.591764	1.84422569	306.112399	306.18199	306.051056	306.641972	0.573621578	0.251760152	0	43.8	0	0	3
352	935	303.148727	1.84947989	306.049371	306.175786	306.049371	306.589749	0.540377859	0.251760152	0	46.5	0	0	3
353	938	303.721981	1.8547341	305.982508	306.169269	305.982508	306.54241	0.559901904	0.251760152	0	44.9	0	0	3
354	940	304.277983	1.8599883	305.917048	306.162809	305.917048	306.496856	0.579807979	0.251760152	0	43.4	0	0	3
355	943	304.85021	1.8652425	305.850774	306.155958	305.850774	306.455741	0.599653841	0.251760152	0	41.9	0	0	3
356	945	305.40537	1.87049671	305.78858	306.149134	305.78858	306.416388	0.606477136	0.251760152	0	41.5	0	0	3
357	948	305.976981	1.87575091	305.727264	306.141894	305.727264	306.381071	0.613717637	0.251760152	0	41	0	0	3
358	950	306.531555	1.88100512	305.670476	306.134682	305.670476	306.347397	0.620929189	0.251760152	0	40.5	0	0	3
359	953	307.102389	1.88625932	305.61553	306.127046	305.61553	306.317191	0.628565334	0.251760152	0	40	0	0	3
360	955	307.656073	1.89151353	305.565408	306.119453	305.565408	306.312894	0.636158191	0.251760152	0	39.5	0	0	3
361	958	308.226113	1.89676773	305.517067	306.111444	305.517067	306.312894	0.644167512	0.251760152	0	39	0	0	3
362	960	308.779346	1.90202193	305.473066	306.103493	305.473066	306.312894	0.652118071	0.251760152	0	38.6	0	0	3
363	963	309.349214	1.90727614	305.430698	306.095125	305.430698	306.312894	0.660486595	0.251760152	0	38.1	0	0	3
364	965	309.902291	1.91253034	305.392139	306.086838	305.392139	306.312894	0.668773231	0.251760152	0	37.6	0	0	3
365	968	310.471763	1.91778455	305.355065	306.078133	305.355065	306.312894	0.677478417	0.251760152	0	37.1	0	0	3
366	970	311.024078	1.92303875	305.321412	306.069537	305.321412	306.312894	0.686074589	0.251760152	0	36.6	0	0	3
367	972	311.592654	1.92829296	305.289141	306.060523	305.289141	306.312894	0.695088343	0.251760152	0	36.2	0	0	3
368	975	312.144263	1.93354716	305.259911	306.051633	305.259911	306.312894	0.703978222	0.251760152	0	35.7	0	0	3
369	978	312.712461	1.93880136	305.231908	306.042325	305.231908	306.312894	0.71328647	0.251760152	0	35.2	0	0	3
370	981	313.26391	1.94405557	305.20658	306.033155	305.20658	306.312894	0.722219964	0.251760152	0	34.8	0	0	3
371	983	313.831916	1.94930977	305.182341	306.023569	305.182341	306.312894	0.731095109	0.251760152	0	34.4	0	0	3
372	985	314.3829	1.95456398	305.160439	306.014143	305.160439	306.312894	0.739288259	0.251760152	0	34	0	0	3
373	988	314.950246	1.95981818	305.139541	306.004305	305.139541	306.312894	0.747517946	0.251760152	0	33.6	0	0	3
374	990	315.500549	1.96507239	305.120715	305.994645	305.120715	306.312894	0.75506176	0.251760152	0	33.3	0	0	3
375	993	316.067347	1.97032659	305.102754	305.98457	305.102754	306.312894	0.762710273	0.251760152	0	33	0	0	3
376	995	316.617253	1.97558079	305.086585	305.974683	305.086585	306.312894	0.769693709	0.251760152	0	32.7	0	0	3
377	998	317.183679	1.980835	305.071171	305.964383	305.071171	306.312894	0.776843681	0.251760152	0	32.4	0	0	3
378	1000	317.733092	1.9860892	305.057332	305.954286	305.057332	306.312894	0.783341566	0.251760152	0	32.1	0	0	3
379	1002	318.298958	1.99134341	305.044215	305.943777	305.044215	306.312894	0.79004498	0.251760152	0	31.8	0	0	3
380	1005	318.847874	1.99659761	305.032452	305.933482	305.032452	306.312894	0.796121603	0.251760152	0	31.6	0	0	3
381	1007	319.413385	2.00185181	305.021316	305.922776	305.021316	306.312894	0.802469052	0.251760152	0	31.3	0	0	3
382	1009	319.962064	2.00710602	305.011372	305.912296	305.011372	306.312894	0.808172275	0.251760152	0	31.1	0	0	3
383	1012	320.527309	2.01236022	305.001984	305.901403	305.001984	306.312894	0.814201208	0.251760152	0	30.9	0	0	3
384	1014	321.075651	2.01761443	304.99363	305.89075	304.99363	306.312894	0.81957189	0.251760152	0	30.7	0	0	3
385	1017	321.640539	2.02286863	304.985781	305.87968	304.985781	306.312894	0.825301763	0.251760152	0	30.5	0	0	3
386	1019	322.188637	2.02812284	304.978791	305.868857	304.978791	306.312894	0.830387368	0.251760152	0	30.3	0	0	3
387	1021	322.753339	2.03337704	304.972258	305.857617	304.972258	306.312894	0.835860257	0.251760152	0	30.1	0	0	3
388	1024	323.301187	2.03863124	304.966537	305.846633	304.966537	306.312894	0.84069631	0.251760152	0	29.9	0	0	3
389	1026	323.865446	2.04388545	304.961175	305.835237	304.961175	306.312894	0.845929098	0.251760152	0	29.7	0	0	3
390	1028	324.412621	2.04913965	304.956499	305.824104	304.956499	306.312894	0.850538881	0.251760152	0	29.6	0	0	3
391	1031	324.976183	2.05439386	304.952205	305.812564	304.952205	306.312894	0.855581625	0.251760152	0	29.4	0	0	3
392	1033	325.522837	2.05964806	304.94845	305.8013	304.94845	306.312894	0.859977	0.251760152	0	29.2	0	0	3
393	1035	326.086185	2.06490227	304.945033	305.789616	304.945033	306.312894	0.864831849	0.251760152	0	29.1	0	0	3
394	1038	326.632823	2.07015647	304.942149	305.778207	304.942149	306.312894	0.869054569	0.251760152	0	28.9	0	0	3
395	1040	327.19596	2.07541067	304.939554	305.766384	304.939554	306.312894	0.873755331	0.251760152	0	28.8	0	0	3
396	1042	327.742325	2.08066488	304.93737	305.754846	304.93737	306.312894	0.877815038	0.251760152	0	28.6	0	0	3
397	1045	328.304155	2.08591908	304.935449	305.742908	304.935449	306.312894	0.882349856	0.251760152	0	28.5	0	0	3
398	1047	328.847924	2.09117329	304.933889	305.731273	304.933889	306.312894	0.886237311	0.251760152	0	28.4	0	0	3
399	1049	329.408894	2.09642749	304.932585	305.719216	304.932585	306.312894	0.890653028	0.251760152	0	28.2	0	0	3
400	1052	329.952171	2.1016817	304.93159	305.707474	304.93159	306.312894	0.894389974	0.251760152	0	28.1	0	0	3
401	1055	330.512675	2.1069359	304.930811	305.695294	304.930811	306.312894	0.898678114	0.251760152	0	28	0	0	3
402	1058	331.057441	2.1121901	304.930292	305.683398	304.930292	306.312894	0.902331944	0.251760152	0	27.9	0	0	3
403	1060	331.61732	2.11744431	304.929982	305.671102	304.929982	306.312894	0.906521508	0.251760152	0	27.7	0	0	3
404	1062	332.161801	2.12269851	304.929886	305.6591	304.929886	306.312894	0.910061062	0.251760152	0	27.6	0	0	3
405	1065	332.720881	2.12795272	304.929989	305.646698	304.929886	306.312894	0.914141132	0.251760152	0	27.5	0	0	3
406	1067	333.262984	2.13320692	304.930265	305.634605	304.929886	306.312894	0.917567468	0.251760152	0	27.4	0	0	3
407	1070	333.821712	2.13846112	304.930729	305.622094	304.929886	306.312894	0.921571153	0.251760152	0	27.3	0	0	3
408	1072	334.36275	2.14371533	304.931332	305.609918	304.929886	306.312894	0.924885755	0.251760152	0	27.2	0	0	3
409	1074	334.921078	2.14896953	304.932102	305.597299	304.929886	306.312894	0.928799863	0.251760152	0	27.1	0	0	3
410	1077	335.462474	2.15422374	304.932991	305.584995	304.929886	306.312894	0.932055832	0.251760152	0	27	0	0	3
411	1079	336.020202	2.15947794	304.934055	305.572272	304.929886	306.312894	0.935897097	0.251760152	0	26.9	0	0	3
412	1081	336.562652	2.16473215	304.935208	305.559851	304.929886	306.312894	0.939092614	0.251760152	0	26.8	0	0	3
413	1084	337.119663	2.16998635	304.93651	305.547028	304.929886	306.312894	0.942867965	0.251760152	0	26.7	0	0	3
414	1086	337.659578	2.17524055	304.937898	305.534531	304.929886	306.312894	0.945969505	0.251760152	0	26.6	0	0	3
415	1088	338.216552	2.18049476	304.939391	305.521604	304.929886	306.312894	0.949701927	0.251760152	0	26.5	0	0	3
416	1091	338.75599	2.18574896	304.940966	305.509036	304.929886	306.312894	0.952715054	0.251760152	0	26.4	0	0	3
417	1093	339.312621	2.19100317	304.942653	305.496013	304.929886	306.312894	0.95638214	0.251760152	0	26.3	0	0	3
418	1095	339.85252	2.19625737	304.944407	305.48332	304.929886	306.312894	0.959366448	0.251760152	0	26.2	0	0	3
419	1098	340.40888	2.20151158	304.946272	305.470197	304.929886	306.312894	0.962984434	0.251760152	0	26.1	0	0	3
420	1100	340.949576	2.20676578	304.94814	305.457398	304.929886	306.312894	0.965930712	0.251760152	0	26	0	0	3
421	1102	341.505336	2.21201998	304.950126	305.44418	304.929886	306.312894	0.969506149	0.251760152	0	25.9	0	0	3
422	1105	342.043648	2.21727419	304.952159	305.431311	304.929886	306.312894	0.972381403	0.251760152	0	25.8	0	0	3
423	1107	342.599169	2.22252839	304.954289	305.417997	304.929886	306.312894	0.975922516	0.251760152	0	25.7	0	0	3
424	1109	343.13728	2.2277826	304.956437	305.405063	304.929886	306.312894	0.978726536	0.251760152	0	25.7	0	0	3
425	1112	343.692422	2.2330368	304.958666	305.391653	304.929886	306.312894	0.982224282	0.251760152	0	25.6	0	0	3
426	1114	344.230839	2.23829101	304.960921	305.3786	304.929886	306.312894	0.98501778	0.251760152	0	25.5	0	0	3
427	1117	344.785697	2.24354521	304.963277	305.365103	304.929886	306.312894	0.988479978	0.251760152	0	25.4	0	0	3
428	1119	345.324994	2.24879941	304.965608	305.351958	304.929886	306.312894	0.991241082	0.251760152	0	25.3	0	0	3
429	1121	345.879119	2.25405362	304.968062	305.338382	304.929886	306.312894	0.994661278	0.251760152	0	25.3	0	0	3
430	1124	346.416312	2.25930782	304.97049	305.325161	304.929886	306.312894	0.997379679	0.251760152	0	25.2	0	0	3
431	1126	346.970339	2.26456203	304.972997	305.311495	304.929886	306.312894	1.00077217	0.251760152	0	25.1	0	0	3
432	1128	347.506922	2.26981623	304.975487	305.298194	304.929886	306.312894	1.00345525	0.251760152	0	25	0	0	3
433	1131	348.060686	2.27507044	304.978098	305.284449	304.929886	306.312894	1.00681637	0.251760152	0	25	0	0	3
434	1133	348.597483	2.28032464	304.980641	305.271067	304.929886	306.312894	1.00946496	0.251760152	0	24.9	0	0	3
435	1135	349.150842	2.28557884	304.9833	305.25724	304.929886	306.312894	1.01279662	0.251760152	0	24.8	0	0	3
436	1138	349.688922	2.29083305	304.985932	305.24377	304.929886	306.312894	1.01563571	0.251760152	0	24.7	0	0	3
437	1140	350.241622	2.29608725	304.988624	305.229862	304.929886	306.312894	1.01959525	0.251760152	0	24.6	0	0	3
438	1142	350.777251	2.30134146	304.991291	305.216326	304.929886	306.312894	1.02338619	0.251760152	0	24.6	0	0	3
439	1145	351.330017	2.30659566	304.994038	305.202342	304.929886	306.312894	1.02846146	0.251760152	0	24.4	0	0	3
440	1147	351.865089	2.31184986	304.99672	305.188732	304.929886	306.312894	1.03361602	0.251760152	0	24.3	0	0	3
441	1149	352.417538	2.31710407	304.999539	305.174642	304.929886	306.312894	1.04019401	0.251760152	0	24.2	0	0	3
442	1152	352.953231	2.32235827	305.002272	305.160985	304.929886	306.296943	1.04668915	0.251760152	0	24	0	0	3
443	1154	353.505437	2.32761248	305.005113	305.147066	304.929886	306.262941	1.05398962	0.251760152	0	23.8	0	0	3
444	1156	354.042107	2.33286668	305.007907	305.133944	304.929886	306.221728	1.06058209	0.251760152	0	23.7	0	0	3
445	1159	354.593585	2.33812089	305.010789	305.120897	304.929886	306.171785	1.06743912	0.251760152	0	23.5	0	0	3
446	1161	355.127894	2.34337509	305.013595	305.108788	304.929886	306.112399	1.07320187	0.251760152	0	23.4	0	0	3
447	1163	355.679068	2.34862929	305.016502	305.096978	304.929886	306.049371	1.07880852	0.251760152	0	23.3	0	0	3
448	1166	356.213099	2.3538835	305.019355	305.0862	304.929886	305.982508	1.05262125	0.251760152	0	23.9	0	0	3
449	1168	356.764078	2.3591377	305.022286	305.07585	304.929886	305.917048	0.987161958	0.251760152	0	25.5	0	0	3
450	1170	357.298436	2.36439191	305.02514	305.066517	304.929886	305.850774	0.920887632	0.251760152	0	27.3	0	0	3
451	1173	357.849248	2.36964611	305.028092	305.05765	304.929886	305.78858	0.858693213	0.251760152	0	29.3	0	0	3
452	1175	358.384453	2.37490032	305.03098	305.049722	304.929886	305.727264	0.797377794	0.251760152	0	31.5	0	0	3
453	1177	358.934618	2.38015452	305.033964	305.042245	304.929886	305.670476	0.740589112	0.251760152	0	33.9	0	0	3
454	1180	359.4676	2.38540872	305.036876	305.035609	304.929886	305.61553	0.685643752	0.251760152	0	36.7	0	0	3
455	1182	360.01773	2.39066293	305.039185	305.02939	304.929886	305.565408	0.635521905	0.251760152	0	39.6	0	0	3
456	1185	360.552463	2.39591713	305.004719	305.02353	304.929886	305.517067	0.587180537	0.251760152	0	42.8	0	0	3
457	1187	361.102012	2.40117134	304.966679	305.017619	304.929886	305.473066	0.543179682	0.251760152	0	46.3	0	0	3
458	1190	361.636358	2.40642554	304.919777	305.011863	304.919777	305.430698	0.51092048	0.251760152	0	49.2	0	0	3
459	1192	362.185433	2.41167975	304.862112	305.005789	304.862112	305.392139	0.530026997	0.251760152	0	47.4	0	0	3
460	1194	362.719747	2.41693395	304.799693	304.999658	304.799693	305.355065	0.555371697	0.251760152	0	45.3	0	0	3
461	1197	363.268301	2.42218815	304.731969	304.993044	304.731969	305.321412	0.589443275	0.251760152	0	42.7	0	0	3
462	1199	363.800081	2.42744236	304.664748	304.986299	304.664748	305.289141	0.62439295	0.251760152	0	40.3	0	0	3
463	1202	364.348979	2.43269656	304.596062	304.978975	304.596062	305.259911	0.663848718	0.251760152	0	37.9	0	0	3
464	1204	364.882464	2.43795077	304.530591	304.971501	304.530591	305.231908	0.701317073	0.251760152	0	35.8	0	0	3
465	1207	365.43073	2.44320497	304.465743	304.963435	304.465743	305.20658	0.740837452	0.251760152	0	33.9	0	0	3
466	1209	365.964172	2.44845918	304.405139	304.955239	304.405139	305.182341	0.777201332	0.251760152	0	32.3	0	0	3
467	1212	366.512187	2.45371338	304.345886	304.946452	304.345886	305.160439	0.814553239	0.251760152	0	30.9	0	0	3
468	1214	367.045234	2.45896758	304.291282	304.937581	304.291282	305.139541	0.848259418	0.251760152	0	29.6	0	0	3
469	1217	367.593029	2.46422179	304.238309	304.928128	304.238309	305.120715	0.88240579	0.251760152	0	28.5	0	0	3
470	1219	368.125837	2.46947599	304.189582	304.918637	304.189582	305.102754	0.913172588	0.251760152	0	27.5	0	0	3
471	1222	368.673328	2.4747302	304.142657	304.908577	304.142657	305.086585	0.943928487	0.251760152	0	26.6	0	0	3
472	1224	369.206057	2.4799844	304.099611	304.898521	304.099611	305.071171	0.971559856	0.251760152	0	25.9	0	0	3
473	1227	369.753514	2.4852386	304.058242	304.88791	304.058242	305.057332	0.999090928	0.251760152	0	25.1	0	0	3
474	1229	370.2859	2.49049281	304.020473	304.877351	304.020473	305.044215	1.02374223	0.251760152	0	24.5	0	0	3
475	1231	370.833349	2.49574701	303.984121	304.866246	303.984121	305.039185	1.05506392	0.251760152	0	23.8	0	0	3
476	1234	371.365543	2.50100122	303.950938	304.855233	303.950938	305.039185	1.06754285	0.251760152	0	23.5	0	0	3
477	1236	371.912767	2.50625542	303.91899	304.843685	303.91899	305.039185	1.06861106	0.251760152	0	23.5	0	0	3
478	1239	372.444999	2.51150963	303.889779	304.832258	303.889779	305.039185	1.06914431	0.251760152	0	23.5	0	0	3
479	1241	372.992047	2.51676383	303.86167	304.82031	303.86167	305.039185	1.07044073	0.251760152	0	23.5	0	0	3
480	1244	373.524111	2.52201803	303.836	304.808512	303.836	305.039185	1.07116813	0.251760152	0	23.5	0	0	3
481	1246	374.071133	2.52727224	303.811288	304.796198	303.811288	305.039185	1.07265904	0.251760152	0	23.4	0	0	3
482	1249	374.603183	2.53252644	303.788717	304.784062	303.788717	305.039185	1.07355499	0.251760152	0	23.4	0	0	3
483	1251	375.150194	2.53778065	303.766963	304.771415	303.766963	305.039185	1.07521772	0.251760152	0	23.4	0	0	3
484	1253	375.682193	2.54303485	303.747117	304.758971	303.747117	305.039185	1.07626571	0.251760152	0	23.3	0	0	3
485	1256	376.229021	2.54828906	303.728017	304.746026	303.728017	305.039185	1.07807738	0.251760152	0	23.3	0	0	3
486	1258	376.76078	2.55354326	303.710571	304.733308	303.710571	305.039185	1.07925593	0.251760152	0	23.3	0	0	3
487	1261	377.307699	2.55879746	303.693779	304.720087	303.693779	305.039185	1.08121306	0.251760152	0	23.2	0	0	3
488	1263	377.839414	2.56405167	303.678439	304.707114	303.678439	305.039185	1.08250186	0.251760152	0	23.2	0	0	3
489	1265	378.386174	2.56930587	303.663672	304.693643	303.663672	305.039185	1.08456401	0.251760152	0	23.2	0	0	3
490	1268	378.917952	2.57456008	303.650187	304.680432	303.650187	305.039185	1.08595265	0.251760152	0	23.1	0	0	3
491	1270	379.464608	2.57981428	303.637203	304.666729	303.637203	305.039185	1.08811697	0.251760152	0	23.1	0	0	3
492	1272	379.996121	2.58506849	303.625347	304.653307	303.625347	305.039185	1.08960124	0.251760152	0	23.1	0	0	3
493	1275	380.542904	2.59032269	303.613958	304.639393	303.613958	305.039185	1.09187922	0.251760152	0	23	0	0	3
494	1277	381.074442	2.59557689	303.603583	304.625785	303.603583	305.039185	1.09343062	0.251760152	0	23	0	0	3
495	1279	381.621024	2.6008311	303.593573	304.611683	303.593573	305.039185	1.0957909	0.251760152	0	22.9	0	0	3
496	1282	382.152744	2.6060853	303.584438	304.59789	303.584438	305.039185	1.09740339	0.251760152	0	22.9	0	0	3
497	1284	382.699284	2.61133951	303.575674	304.583609	303.575674	305.039185	1.09978863	0.251760152	0	22.8	0	0	3
498	1286	383.230704	2.61659371	303.567675	304.569641	303.567675	305.039185	1.10146121	0.251760152	0	22.8	0	0	3
499	1289	383.777335	2.62184791	303.559986	304.555192	303.559986	305.039185	1.10390785	0.251760152	0	22.8	0	0	3
500	1291	384.308743	2.62710212	303.552988	304.541067	303.552988	305.039185	1.10563095	0.251760152	0	22.7	0	0	3
501	1294	384.855212	2.63235632	303.546245	304.526468	303.546245	305.039185	1.10813636	0.251760152	0	22.7	0	0	3
502	1297	385.386846	2.63761053	303.540124	304.512209	303.540124	305.039185	1.10988497	0.251760152	0	22.6	0	0	3
503	1299	385.933504	2.64286473	303.534242	304.497463	303.534242	305.039185	1.11245537	0.251760152	0	22.6	0	0	3
504	1301	386.464799	2.64811894	303.528887	304.48308	303.528887	305.039185	1.11421847	0.251760152	0	22.5	0	0	3
505	1304	387.011463	2.65337314	303.523731	304.4682	303.523731	305.039185	1.11679562	0.251760152	0	22.5	0	0	3
506	1306	387.542766	2.65862734	303.519051	304.453685	303.519051	305.039185	1.11858728	0.251760152	0	22.5	0	0	3
507	1308	388.089211	2.66388155	303.514561	304.438684	303.514561	305.039185	1.12116714	0.251760152	0	22.4	0	0	3
508	1310	388.620592	2.66913575	303.510455	304.424035	303.510455	305.039185	1.12299261	0.251760152	0	22.4	0	0	3
509	1313	389.166984	2.67438996	303.50651	304.408919	303.50651	305.039185	1.12561273	0.251760152	0	22.3	0	0	3
510	1315	389.697999	2.67964416	303.502964	304.394186	303.502964	305.039185	1.12741883	0.251760152	0	22.3	0	0	3
511	1318	390.244287	2.68489837	303.499517	304.378955	303.499517	305.039185	1.13008143	0.251760152	0	22.2	0	0	3
512	1320	390.775418	2.69015257	303.496411	304.364116	303.496411	305.039185	1.13189687	0.251760152	0	22.2	0	0	3
513	1322	391.32169	2.69540677	303.493447	304.348779	303.493447	305.039185	1.13454117	0.251760152	0	22.1	0	0	3
514	1324	391.852824	2.70066098	303.490762	304.333831	303.490762	305.039185	1.13636607	0.251760152	0	22.1	0	0	3
515	1327	392.39915	2.70591518	303.488183	304.318391	303.488183	305.039185	1.1390074	0.251760152	0	22.1	0	0	3
516	1329	392.93001	2.71116939	303.48585	304.303338	303.48585	305.039185	1.14084184	0.251760152	0	22	0	0	3
517	1331	393.476329	2.71642359	303.483618	304.287805	303.483618	305.039185	1.14350668	0.251760152	0	22	0	0	3
518	1334	394.007406	2.7216778	303.481611	304.272683	303.481611	305.039185	1.1453143	0.251760152	0	21.9	0	0	3
519	1336	394.55359	2.726932	303.479687	304.257058	303.479687	305.039185	1.14800444	0.251760152	0	21.9	0	0	3
520	1338	395.084753	2.7321862	303.477964	304.241847	303.477964	305.039185	1.14980612	0.251760152	0	21.8	0	0	3
521	1341	395.630905	2.73744041	303.476305	304.226136	303.476305	305.039185	1.15246471	0.251760152	0	21.8	0	0	3
522	1343	396.161774	2.74269461	303.474813	304.210837	303.474813	305.039185	1.15426635	0.251760152	0	21.8	0	0	3
523	1345	396.708072	2.74794882	303.473379	304.195037	303.473379	305.039185	1.15692143	0.251760152	0	21.7	0	0	3
524	1348	397.239099	2.75320302	303.472115	304.179637	303.472115	305.039185	1.15874411	0.251760152	0	21.7	0	0	3
525	1350	397.78519	2.75845723	303.470904	304.163764	303.470904	305.039185	1.16139706	0.251760152	0	21.6	0	0	3
526	1352	398.316416	2.76371143	303.469845	304.148311	303.469845	305.039185	1.16318395	0.251760152	0	21.6	0	0	3
527	1354	398.862608	2.76896563	303.468826	304.132355	303.468826	305.039185	1.16583954	0.251760152	0	21.5	0	0	3
528	1357	399.393465	2.77421984	303.467906	304.116838	303.467906	305.039185	1.1676112	0.251760152	0	21.5	0	0	3
529	1359	399.939735	2.77947404	303.467026	304.100802	303.467026	305.039185	1.17026544	0.251760152	0	21.5	0	0	3
530	1361	400.470671	2.78472825	303.466264	304.085203	303.466264	305.039185	1.17203783	0.251760152	0	21.4	0	0	3
531	1364	401.016618	2.78998245	303.465565	304.069098	303.465565	305.039185	1.17467173	0.251760152	0	21.4	0	0	3
532	1366	401.547725	2.79523665	303.464964	304.053398	303.464964	305.039185	1.17646418	0.251760152	0	21.3	0	0	3
533	1368	402.093823	2.80049086	303.464393	304.037226	303.464393	305.039185	1.17909955	0.251760152	0	21.3	0	0	3
534	1371	402.624535	2.80574506	303.463898	304.021501	303.463898	305.039185	1.1808409	0.251760152	0	21.3	0	0	3
535	1373	403.170578	2.81099927	303.463438	304.005253	303.463438	305.039185	1.1834794	0.251760152	0	21.2	0	0	3
536	1375	403.701382	2.81625347	303.463057	303.989467	303.463057	305.039185	1.18517519	0.251760152	0	21.2	0	0	3
537	1378	404.247116	2.82150768	303.462695	303.973154	303.462695	305.039185	1.18783097	0.251760152	0	21.1	0	0	3
538	1380	404.775981	2.82676188	303.462397	303.957303	303.462397	305.039185	1.18976306	0.251760152	0	21.1	0	0	3
