Iteration	CPUTime	PhysTime	Travels	Value	AvValue	MinValue	MaxValue	Delta	Criteria	PrevAvRefValue	Progress	CriteriaType	CriteriaVarType	CriteriaPercentage
1	29	0.0162367046	0.00525420424	298.153254	298.153254	298.153254	298.153254	0	0	0	0	0	0	3
2	31	0.0324781022	0.0105084085	298.156556	298.154905	298.153254	298.156556	0.0016511444	0	0	0	0	0	3
3	33	0.0487542881	0.0157626127	298.159899	298.156572	298.153254	298.159899	0.00331845183	0	0	0	0	0	3
4	36	0.0652875332	0.021016817	298.163316	298.15828	298.153254	298.163316	0.00502615749	0	0	0	0	0	3
5	38	0.0837201606	0.0262710212	298.167139	298.16023	298.153254	298.167139	0.00697661319	0	0	0	0	0	3
6	40	0.132420249	0.0315252254	298.17717	298.16646	298.153254	298.17717	0.0132065066	0	0	0	0	0	3
7	42	0.336429492	0.0367794297	298.217171	298.197211	298.153254	298.217171	0.0439573573	0	0	0	0	0	3
8	46	1.67553863	0.0420336339	298.421118	298.37616	298.153254	298.421118	0.222906562	0	0	0	0	0	3
9	50	10.7473596	0.0472878381	298.961735	298.870442	298.153254	298.961735	0.717188332	0	0	0	0	0	3
10	55	44.8039731	0.0525420424	299.45342	299.313578	298.153254	299.45342	1.16032463	0	0	0	0	0	3
11	58	45.6867102	0.0577962466	299.487335	299.316936	298.153254	299.487335	1.16368187	0	0	0	0	0	3
12	61	46.3795552	0.0630504509	299.512966	299.319864	298.153254	299.512966	1.16661027	0	0	0	0	0	3
13	64	46.8586132	0.0683046551	299.530013	299.322013	298.153254	299.530013	1.16875873	0	0	0	0	0	3
14	66	47.2647115	0.0735588593	299.543966	299.32392	298.153254	299.543966	1.17066575	0	0	0	0	0	3
15	69	47.6243691	0.0788130636	299.555967	299.325672	298.153254	299.555967	1.17241816	0	0	0	0	0	3
16	72	48.1363147	0.0840672678	299.57208	299.328293	298.153254	299.57208	1.1750388	0	0	0	0	0	3
17	74	48.6168349	0.0893214721	299.586573	299.330845	298.153254	299.586573	1.17759159	0	0	0	0	0	3
18	77	49.0827006	0.0945756763	299.60007	299.333401	298.153254	299.60007	1.18014692	0	0	0	0	0	3
19	79	49.5540243	0.0998298805	299.613164	299.336062	298.153254	299.613164	1.18280784	0	0	0	0	0	3
20	82	50.047109	0.105084085	299.626253	299.338921	298.153254	299.626253	1.18566692	0	0	0	0	0	3
21	85	50.8057684	0.110338289	299.644719	299.343487	298.153254	299.644719	1.19023327	0	0	0	0	0	3
22	87	51.5990821	0.115592493	299.662632	299.348394	298.153254	299.662632	1.19513999	0	0	0	0	0	3
23	90	52.4251184	0.120846697	299.679939	299.353618	298.153254	299.679939	1.20036398	0	0	0	0	0	3
24	93	53.2727271	0.126100902	299.696427	299.359072	298.153254	299.696427	1.20581834	0	0	0	0	0	3
25	95	54.130989	0.131355106	299.711954	299.364667	298.153254	299.711954	1.21141338	0	0	0	0	0	3
26	98	55.4182895	0.13660931	299.732446	299.37321	298.153254	299.732446	1.21995643	0	0	0	0	0	3
27	101	56.6950026	0.141863514	299.750879	299.381715	298.153254	299.750879	1.22846114	0	0	0	0	0	3
28	104	57.9460995	0.147117719	299.767424	299.390043	298.153254	299.767424	1.23678887	0	0	0	0	0	3
29	107	59.1662014	0.152371923	299.782361	299.398133	298.153254	299.782361	1.2448791	0	0	0	0	0	3
30	110	60.355004	0.157626127	299.813983	299.406324	298.153254	299.813983	1.25307004	0	0	0	0	0	3
31	113	61.8847727	0.162880331	299.904457	299.418638	298.153254	299.904457	1.26538371	0	0	0	0	0	3
32	116	63.379911	0.168134536	299.996032	299.432258	298.153254	299.996032	1.27900451	0	0	0	0	0	3
33	119	64.8470579	0.17338874	300.098789	299.447338	298.153254	300.098789	1.29408458	0	0	0	0	0	3
34	122	66.2896594	0.178642944	300.212101	299.463981	298.153254	300.212101	1.31072741	0	0	0	0	0	3
35	124	67.7108526	0.183897148	300.327997	299.482116	298.153254	300.327997	1.32886237	0	0	0	0	0	3
36	128	69.1116691	0.189151353	300.442018	299.501572	298.153254	300.442018	1.3483185	0	0	0	0	0	3
37	131	70.4936093	0.194405557	300.550057	299.522127	298.153254	300.550057	1.36887276	0	0	0	0	0	3
38	133	71.8566672	0.199659761	300.650733	299.543535	298.153254	300.650733	1.39028143	0	0	0	0	0	3
39	136	73.2023027	0.204913965	300.742845	299.565581	298.153254	300.742845	1.41232765	0	0	0	0	0	3
40	139	74.5301983	0.21016817	300.826833	299.588053	298.153254	300.826833	1.43479922	0	0	0	0	0	3
41	142	75.8411404	0.215422374	300.90323	299.610786	298.153254	300.90323	1.45753253	0	0	0	0	0	3
42	145	77.1354356	0.220676578	300.971943	299.633626	298.153254	300.971943	1.48037209	0	0	0	0	0	3
43	148	78.4134466	0.225930782	301.034348	299.656455	298.153254	301.034348	1.50320157	0	0	0	0	0	3
44	151	79.6755359	0.231184986	301.090753	299.679175	298.153254	301.090753	1.52592135	0	0	0	0	0	3
45	154	80.9223344	0.236439191	301.141737	299.701709	298.153254	301.141737	1.54845556	0	0	0	0	0	3
46	157	82.1541264	0.241693395	301.187979	299.723994	298.153254	301.187979	1.5707402	0	0	0	0	0	3
47	160	83.3718609	0.246947599	301.230089	299.745992	298.153254	301.230089	1.59273832	0	0	0	0	0	3
48	162	84.5752894	0.252201803	301.268599	299.767657	298.153254	301.268599	1.61440361	0	0	0	0	0	3
49	165	85.7659717	0.257456008	301.303935	299.788985	298.153254	301.303935	1.63573164	0	0	0	0	0	3
50	168	86.9434252	0.262710212	301.33658	299.809944	298.153254	301.33658	1.65669034	0	0	0	0	0	3
51	171	88.1093756	0.267964416	301.366806	299.830546	298.153254	301.366806	1.67729228	0	0	0	0	0	3
52	174	89.2629975	0.27321862	301.394711	299.850761	298.153254	301.394711	1.69750731	0	0	0	0	0	3
53	176	90.4060462	0.278472825	301.420721	299.870611	298.153254	301.420721	1.7173571	0	0	0	0	0	3
54	179	91.5377194	0.283727029	301.444991	299.890075	298.153254	301.444991	1.73682103	0	0	0	0	0	3
55	182	92.6598196	0.288981233	301.467747	299.90918	298.153254	301.467747	1.75592647	0	0	0	0	0	3
56	185	93.7715015	0.294235437	301.489143	299.927911	298.153254	301.489143	1.77465728	0	0	0	0	0	3
57	188	94.8744384	0.299489642	301.509395	299.946296	298.153254	301.509395	1.79304239	0	0	0	0	0	3
58	190	95.9676129	0.304743846	301.528537	299.96432	298.153254	301.528537	1.81106582	0	0	0	0	0	3
59	193	97.0527481	0.30999805	301.546731	299.982012	298.153254	301.546731	1.82875857	0	0	0	0	0	3
60	196	98.1287847	0.315252254	301.563988	299.99936	298.153254	301.563988	1.84610581	0	0	0	0	0	3
61	199	99.1976554	0.320506459	301.580456	300.016396	298.153254	301.580456	1.86314238	0	0	0	0	0	3
62	202	100.258183	0.325760663	301.596205	300.033107	298.153254	301.596205	1.87985353	0	0	0	0	0	3
63	204	101.311257	0.331014867	301.611318	300.049512	298.153254	301.611318	1.89625816	0	0	0	0	0	3
64	207	102.357164	0.336269071	301.625833	300.065619	298.153254	301.625833	1.91236534	0	0	0	0	0	3
65	210	103.395719	0.341523275	301.639771	300.081431	298.153254	301.639771	1.92817684	0	0	0	0	0	3
66	212	104.427781	0.34677748	301.653262	300.096965	298.153254	301.653262	1.94371129	0	0	0	0	0	3
67	215	105.453104	0.352031684	301.666295	300.112224	298.153254	301.666295	1.95896993	0	0	0	0	0	3
68	218	106.47211	0.357285888	301.678907	300.127218	298.153254	301.678907	1.97396407	0	0	0	0	0	3
69	221	107.484994	0.362540092	301.691147	300.141956	298.153254	301.691147	1.98870175	0	0	0	0	0	3
70	223	108.491859	0.367794297	301.703058	300.156443	298.153254	301.703058	2.00318965	0	0	0	0	0	3
71	226	109.493136	0.373048501	301.714628	300.170693	298.153254	301.714628	2.0174387	0	0	0	0	0	3
72	229	110.48873	0.378302705	301.725927	300.184706	298.153254	301.725927	2.03145265	0	0	0	0	0	3
73	231	111.478853	0.383556909	301.736944	300.198493	298.153254	301.736944	2.04523917	0	0	0	0	0	3
74	234	112.464077	0.388811114	301.747737	300.212065	298.153254	301.747737	2.05881108	0	0	0	0	0	3
75	237	113.443263	0.394065318	301.758282	300.225411	298.153254	301.758282	2.07215725	0	0	0	0	0	3
76	240	114.417958	0.399319522	301.768643	300.238557	298.153254	301.768643	2.08530361	0	0	0	0	0	3
77	242	115.386896	0.404573726	301.778767	300.251491	298.153254	301.778767	2.09823722	0	0	0	0	0	3
78	245	116.351776	0.409827931	301.788725	300.264239	298.153254	301.788725	2.11098517	0	0	0	0	0	3
79	248	117.311409	0.415082135	301.79851	300.27679	298.153254	301.79851	2.12353584	0	0	0	0	0	3
80	251	118.267444	0.420336339	301.808135	300.289169	298.153254	301.808135	2.13591473	0	0	0	0	0	3
81	253	119.218561	0.425590543	301.817607	300.301362	298.153254	301.817607	2.1481085	0	0	0	0	0	3
82	256	120.16619	0.430844748	301.835036	300.313457	298.153254	301.835036	2.16020303	0	0	0	0	0	3
83	258	121.109036	0.436098952	301.894731	300.325767	298.153254	301.894731	2.1725134	0	0	0	0	0	3
84	261	122.048265	0.441353156	301.958039	300.338328	298.153254	301.958039	2.18507465	0	0	0	0	0	3
85	264	122.983322	0.44660736	302.032943	300.351213	298.153254	302.032943	2.197959	0	0	0	0	0	3
86	267	123.91461	0.451861564	302.118479	300.364495	298.153254	302.118479	2.21124101	0	0	0	0	0	3
87	270	124.842341	0.457115769	302.209649	300.378207	298.153254	302.209649	2.22495274	0	0	0	0	0	3
88	273	125.765674	0.462369973	302.303132	300.392339	298.153254	302.303132	2.23908496	0	0	0	0	0	3
89	276	126.685654	0.467624177	302.395377	300.406885	298.153254	302.395377	2.25363084	0	0	0	0	0	3
90	278	127.600797	0.472878381	302.484421	300.421785	298.153254	302.484421	2.26853077	0	0	0	0	0	3
91	281	128.512689	0.478132586	302.569549	300.437025	298.153254	302.569549	2.28377074	0	0	0	0	0	3
92	284	129.420043	0.48338679	302.649349	300.452535	298.153254	302.649349	2.29928118	0	0	0	0	0	3
93	286	130.32358	0.488640994	302.724161	300.468284	298.153254	302.724161	2.31503042	0	0	0	0	0	3
94	289	131.223462	0.493895198	302.793944	300.484233	298.153254	302.793944	2.33097894	0	0	0	0	0	3
95	292	132.118622	0.499149403	302.858939	300.500322	298.153254	302.858939	2.34706859	0	0	0	0	0	3
96	295	133.010281	0.504403607	302.919608	300.516541	298.153254	302.919608	2.36328673	0	0	0	0	0	3
97	298	133.897049	0.509657811	302.976048	300.533118	298.156556	302.976048	2.37821289	0	0	0	0	0	3
98	300	134.779986	0.514912015	303.028639	300.549756	298.159899	303.028639	2.393184	0	0	0	0	0	3
99	303	135.658406	0.52016622	303.077685	300.566418	298.163316	303.077685	2.40813796	0	0	0	0	0	3
100	306	136.532588	0.525420424	303.12345	300.583089	298.167139	303.12345	2.42285847	0	0	0	0	0	3
101	309	137.403119	0.530674628	303.166238	300.599789	298.17717	303.166238	2.43332864	0	0	0	0	0	3
102	312	138.268708	0.535928832	303.206217	300.616975	298.217171	303.206217	2.41976428	0	0	0	0	0	3
103	314	139.130761	0.541183037	303.243714	300.636818	298.421118	303.243714	2.26065717	0	0	0	0	0	3
104	317	139.988093	0.546437241	303.278871	300.674646	298.961735	303.278871	1.80420407	0	0	0	0	0	3
105	320	140.842276	0.551691445	303.311957	300.811408	299.45342	303.311957	1.49782927	0	0	0	0	0	3
106	322	141.692186	0.556945649	303.34312	301.310954	299.487335	303.34312	1.99401859	0	0	0	0	0	3
107	325	142.53944	0.562199853	303.372552	301.34561	299.512966	303.372552	2.02574563	0	0	0	0	0	3
108	328	143.382779	0.567454058	303.400375	301.376563	299.530013	303.400375	2.05455081	0	0	0	0	0	3
109	330	144.223358	0.572708262	303.426757	301.403349	299.543966	303.426757	2.07942919	0	0	0	0	0	3
110	333	145.060041	0.577962466	303.45178	301.428595	299.555967	303.45178	2.10292317	0	0	0	0	0	3
111	335	145.892958	0.58321667	303.475584	301.452799	299.57208	303.475584	2.12450638	0	0	0	0	0	3
112	338	146.722343	0.588470875	303.498255	301.479773	299.586573	303.498255	2.14892796	0	0	0	0	0	3
113	341	147.548949	0.593725079	303.51994	301.506015	299.60007	303.51994	2.17261419	0	0	0	0	0	3
114	343	148.371499	0.598979283	303.540623	301.531813	299.613164	303.540623	2.19575157	0	0	0	0	0	3
115	346	149.191393	0.604233487	303.560456	301.557582	299.626253	303.560456	2.2186617	0	0	0	0	0	3
116	348	150.007513	0.609487692	303.57955	301.583618	299.644719	303.57955	2.24013042	0	0	0	0	0	3
117	351	150.821518	0.614741896	303.597979	301.614719	299.662632	303.597979	2.26632546	0	0	0	0	0	3
118	354	151.631739	0.6199961	303.615699	301.646407	299.679939	303.615699	2.29278965	0	0	0	0	0	3
119	356	152.440835	0.625250304	303.632784	301.678718	299.696427	303.632784	2.31964565	0	0	0	0	0	3
120	359	153.245536	0.630504509	303.649328	301.711386	299.711954	303.649328	2.34671908	0	0	0	0	0	3
121	361	154.049107	0.635758713	303.66535	301.744275	299.732446	303.66535	2.37106481	0	0	0	0	0	3
122	364	154.848083	0.641012917	303.680819	301.785883	299.750879	303.680819	2.40416815	0	0	0	0	0	3
123	367	155.646418	0.646267121	303.695917	301.82755	299.767424	303.695917	2.43750698	0	0	0	0	0	3
124	369	156.443696	0.651521326	303.710615	301.868959	299.782361	303.710615	2.47082632	0	0	0	0	0	3
125	372	157.240514	0.65677553	303.725014	301.909998	299.813983	303.725014	2.50367365	0	0	0	0	0	3
126	374	158.035365	0.662029734	303.739041	301.95039	299.904457	303.739041	2.53175259	0	0	0	0	0	3
127	377	158.827885	0.667283938	303.752777	301.99741	299.996032	303.752777	2.56515144	0	0	0	0	0	3
128	379	159.617132	0.672538143	303.766187	302.043009	300.098789	303.766187	2.59567056	0	0	0	0	0	3
129	382	160.404378	0.677792347	303.779296	302.087164	300.212101	303.779296	2.6231828	0	0	0	0	0	3
130	384	161.188516	0.683046551	303.792151	302.129756	300.327997	303.792151	2.64763965	0	0	0	0	0	3
131	387	161.97083	0.688300755	303.804758	302.170823	300.442018	303.804758	2.66925105	0	0	0	0	0	3
132	390	162.747933	0.693554959	303.817118	302.21035	300.550057	303.817118	2.68822294	0	0	0	0	0	3
133	392	163.535396	0.698809164	303.829474	302.248713	300.650733	303.829474	2.70517794	0	0	0	0	0	3
134	395	164.311637	0.704063368	303.841455	302.285645	300.742845	303.841455	2.72006312	0	0	0	0	0	3
135	397	165.092032	0.709317572	303.853397	302.321552	300.826833	303.853397	2.73349886	0	0	0	0	0	3
136	399	165.858274	0.714571776	303.864984	302.356234	300.90323	303.864984	2.74544789	0	0	0	0	0	3
137	402	166.639231	0.719825981	303.876675	302.39029	300.971943	303.876675	2.75666416	0	0	0	0	0	3
138	404	167.407477	0.725080185	303.888028	302.423372	301.034348	303.888028	2.76691679	0	0	0	0	0	3
139	407	168.182998	0.730334389	303.899359	302.455898	301.090753	303.899359	2.77672303	0	0	0	0	0	3
140	409	168.939097	0.735588593	303.910342	302.48752	301.141737	303.910342	2.76860481	0	0	0	0	0	3
141	412	169.71173	0.740842798	303.921405	302.518895	301.187979	303.921405	2.73342536	0	0	0	0	0	3
142	414	170.46465	0.746097002	303.932135	302.549508	301.230089	303.932135	2.70204548	0	0	0	0	0	3
143	417	171.233429	0.751351206	303.943007	302.579988	301.268599	303.943007	2.67440799	0	0	0	0	0	3
144	419	171.98159	0.75660541	303.953527	302.6098	301.303935	303.953527	2.64959175	0	0	0	0	0	3
145	422	172.746519	0.761859615	303.964209	302.639587	301.33658	303.964209	2.62762921	0	0	0	0	0	3
146	424	173.490658	0.767113819	303.974533	302.668792	301.366806	303.974533	2.60772704	0	0	0	0	0	3
147	426	174.251597	0.772368023	303.985024	302.698042	301.394711	303.985024	2.59031306	0	0	0	0	0	3
148	429	174.991797	0.777622227	303.995177	302.72678	301.420721	303.995177	2.57445619	0	0	0	0	0	3
149	431	175.748755	0.782876432	304.005494	302.755615	301.444991	304.005494	2.56050298	0	0	0	0	0	3
150	434	176.485066	0.788130636	304.015488	302.783995	301.467747	304.015488	2.54774035	0	0	0	0	0	3
151	436	177.237932	0.79338484	304.025651	302.81251	301.489143	304.025651	2.53650771	0	0	0	0	0	3
152	439	177.970544	0.798639044	304.035524	302.840624	301.509395	304.035524	2.52612884	0	0	0	0	0	3
153	441	178.7196	0.803893248	304.045535	302.8689	301.528537	304.045535	2.51699841	0	0	0	0	0	3
154	443	179.449263	0.809147453	304.055274	302.896821	301.546731	304.055274	2.50854261	0	0	0	0	0	3
155	446	180.194906	0.814401657	304.074936	302.925008	301.563988	304.074936	2.51094809	0	0	0	0	0	3
156	448	180.921696	0.819655861	304.124602	302.953227	301.580456	304.124602	2.54414605	0	0	0	0	0	3
157	451	181.664345	0.824910065	304.179513	302.982063	301.596205	304.179513	2.58330857	0	0	0	0	0	3
158	453	182.38801	0.83016427	304.243453	303.011073	301.611318	304.243453	2.63213441	0	0	0	0	0	3
159	456	183.127942	0.835418474	304.318267	303.040911	301.625833	304.318267	2.69243474	0	0	0	0	0	3
160	459	183.848217	0.840672678	304.397874	303.071067	301.639771	304.397874	2.75810294	0	0	0	0	0	3
161	461	184.585145	0.845926882	304.481512	303.102178	301.653262	304.481512	2.82825016	0	0	0	0	0	3
162	464	185.301945	0.851181087	304.563294	303.133618	301.666295	304.563294	2.89699862	0	0	0	0	0	3
163	466	186.035498	0.856435291	304.645746	303.166053	301.678907	304.645746	2.96683897	0	0	0	0	0	3
164	469	186.748391	0.861689495	304.72307	303.198758	301.691147	304.72307	3.03192352	0	0	0	0	0	3
165	471	187.478604	0.866943699	304.798754	303.232453	301.703058	304.798754	3.07600941	0	0	0	0	0	3
166	474	188.187669	0.872197904	304.868978	303.266335	301.714628	304.868978	3.0956429	0	0	0	0	0	3
167	476	188.914413	0.877452108	304.937328	303.301188	301.725927	304.937328	3.11648201	0	0	0	0	0	3
168	479	189.620192	0.882706312	305.000537	303.336164	301.736944	305.000537	3.13767129	0	0	0	0	0	3
169	481	190.343207	0.887960516	305.061869	303.372063	301.747737	305.061869	3.15999815	0	0	0	0	0	3
170	484	191.045551	0.893214721	305.118454	303.408037	301.758282	305.118454	3.18262602	0	0	0	0	0	3
171	487	191.765119	0.898468925	305.173284	303.44488	301.768643	305.173284	3.20632291	0	0	0	0	0	3
172	489	192.463852	0.903723129	305.223831	303.481741	301.778767	305.223831	3.23025008	0	0	0	0	0	3
173	491	193.180126	0.908977333	305.272809	303.519443	301.788725	305.272809	3.25520428	0	0	0	0	0	3
174	494	193.8754	0.914231537	305.317967	303.557114	301.79851	305.317967	3.28032473	0	0	0	0	0	3
175	496	194.588091	0.919485742	305.361737	303.595596	301.808135	305.361737	3.30642773	0	0	0	0	0	3
176	499	195.279719	0.924739946	305.402147	303.63401	301.817607	305.402147	3.3326478	0	0	0	0	0	3
177	501	195.989061	0.92999415	305.441404	303.673214	301.835036	305.441404	3.35975678	0	0	0	0	0	3
178	504	196.676677	0.935248354	305.477678	303.712198	301.894731	305.477678	3.38643046	0	0	0	0	0	3
179	506	197.382426	0.940502559	305.513042	303.751327	301.958039	305.513042	3.41299865	0	0	0	0	0	3
180	509	198.066794	0.945756763	305.545783	303.789639	302.032943	305.545783	3.43842569	0	0	0	0	0	3
181	511	198.768919	0.951010967	305.577765	303.827879	302.118479	305.577765	3.45928636	0	0	0	0	0	3
182	514	199.450243	0.956265171	305.607461	303.865006	302.209649	305.607461	3.39781264	0	0	0	0	0	3
183	517	200.149165	0.961519376	305.636518	303.901841	302.303132	305.636518	3.33338617	0	0	0	0	0	3
184	519	200.827531	0.96677358	305.663585	303.937428	302.395377	305.663585	3.26820791	0	0	0	0	0	3
185	521	201.523257	0.972027784	305.690169	303.972679	302.484421	305.690169	3.20574782	0	0	0	0	0	3
186	524	202.198439	0.977281988	305.714975	304.006706	302.569549	305.714975	3.14542517	0	0	0	0	0	3
187	526	202.89099	0.982536193	305.739383	304.040459	302.649349	305.739383	3.09003382	0	0	0	0	0	3
188	529	203.563001	0.987790397	305.762266	304.073089	302.724161	305.762266	3.03810526	0	0	0	0	0	3
189	531	204.252351	0.993044601	305.784886	304.105537	302.793944	305.784886	2.99094198	0	0	0	0	0	3
190	534	204.9211	0.998298805	305.806099	304.136983	302.858939	305.806099	2.9471604	0	0	0	0	0	3
191	536	205.607491	1.00355301	305.827118	304.168337	302.919608	305.827118	2.90750995	0.23001657	0	7.9	0	0	3
192	539	206.273191	1.00880721	305.846906	304.198787	302.976048	305.846906	2.87085843	0.230610203	0	8	0	0	3
193	541	206.956641	1.01406142	305.866676	304.229231	303.028639	305.866676	2.83803723	0.23090675	0	8.1	0	0	3
194	544	207.619536	1.01931562	305.885252	304.258855	303.077685	305.885252	2.80756733	0.231157198	0	8.2	0	0	3
195	546	208.299755	1.02456983	305.903763	304.288542	303.12345	305.903763	2.78031344	0.231392583	0	8.3	0	0	3
196	549	208.959801	1.02982403	305.921309	304.317484	303.166238	305.921309	2.75507046	0.231578898	0	8.4	0	0	3
197	551	209.636941	1.03507823	305.938846	304.346557	303.206217	305.938846	2.73262822	0.231590787	0	8.4	0	0	3
198	554	210.294379	1.04033244	305.955543	304.374948	303.243714	305.955543	2.71182874	0.230796779	0	8.5	0	0	3
199	556	210.968644	1.04558664	305.972239	304.403515	303.278871	305.972239	2.69336752	0.23001657	0	8.5	0	0	3
200	559	211.623549	1.05084085	305.988119	304.431461	303.311957	305.988119	2.67616218	0.23001657	0	8.5	0	0	3
201	562	212.295389	1.05609505	306.004015	304.45963	303.34312	306.004015	2.6608942	0.23001657	0	8.6	0	0	3
202	564	212.947526	1.06134926	306.019148	304.487221	303.372552	306.019148	2.6465963	0.23001657	0	8.6	0	0	3
203	567	213.61693	1.06660346	306.034384	304.515079	303.400375	306.034384	2.63400891	0.23001657	0	8.7	0	0	3
204	569	214.266368	1.07185766	306.04894	304.542394	303.426757	306.04894	2.62218363	0.23001657	0	8.7	0	0	3
205	572	214.933131	1.07711187	306.063604	304.570001	303.45178	306.063604	2.61182419	0.23001657	0	8.8	0	0	3
206	574	215.57996	1.08236607	306.077607	304.597096	303.475584	306.077607	2.6020234	0.23001657	0	8.8	0	0	3
207	576	216.244082	1.08762028	306.091785	304.624484	303.498255	306.091785	2.59352938	0.23001657	0	8.8	0	0	3
208	579	216.888495	1.09287448	306.105272	304.651397	303.51994	306.105272	2.58533177	0.23001657	0	8.8	0	0	3
209	581	217.550156	1.09812869	306.118982	304.678629	303.540623	306.118982	2.57835921	0.23001657	0	8.9	0	0	3
210	584	218.191919	1.10338289	306.132099	304.705396	303.560456	306.132099	2.57164297	0.23001657	0	8.9	0	0	3
211	586	218.851333	1.10863709	306.145422	304.732503	303.57955	306.145422	2.56587213	0.23001657	0	8.9	0	0	3
212	589	219.490515	1.1138913	306.158193	304.75916	303.597979	306.158193	2.5602145	0.23001657	0	8.9	0	0	3
213	591	220.147705	1.1191455	306.1712	304.78618	303.615699	306.1712	2.55550115	0.23001657	0	9	0	0	3
214	594	220.784634	1.12439971	306.183647	304.812765	303.632784	306.183647	2.55086287	0.23001657	0	9	0	0	3
215	596	221.439106	1.12965391	306.196291	304.839725	303.649328	306.196291	2.54696339	0.23001657	0	9	0	0	3
216	598	222.073834	1.13490812	306.208499	304.866265	303.66535	306.208499	2.54314865	0.23001657	0	9	0	0	3
217	601	222.725681	1.14016232	306.22092	304.893175	303.680819	306.22092	2.54010096	0.23001657	0	9	0	0	3
218	603	223.358369	1.14541652	306.232877	304.919686	303.695917	306.232877	2.53695993	0.23001657	0	9	0	0	3
219	606	224.007905	1.15067073	306.245046	304.94657	303.710615	306.245046	2.53443081	0.23001657	0	9	0	0	3
220	608	224.638372	1.15592493	306.256763	304.973133	303.725014	306.256763	2.53174885	0.23001657	0	9	0	0	3
221	611	225.285751	1.16117914	306.268726	305.000074	303.739041	306.268726	2.52968539	0.23001657	0	9	0	0	3
222	613	225.913901	1.16643334	306.280282	305.026688	303.752777	306.280282	2.52750542	0.23001657	0	9.1	0	0	3
223	616	226.559322	1.17168755	306.292074	305.053652	303.766187	306.292074	2.52588661	0.23001657	0	9.1	0	0	3
224	618	227.185205	1.17694175	306.303438	305.080267	303.779296	306.303438	2.52414216	0.23001657	0	9.1	0	0	3
225	620	227.828458	1.18219595	306.315025	305.107238	303.792151	306.315025	2.52287363	0.23001657	0	9.1	0	0	3
226	623	228.452279	1.18745016	306.326196	305.133873	303.804758	306.326196	2.52143793	0.23001657	0	9.1	0	0	3
227	625	229.093319	1.19270436	306.337663	305.160861	303.817118	306.337663	2.52054527	0.23001657	0	9.1	0	0	3
228	628	229.715262	1.19795857	306.348689	305.187486	303.829474	306.348689	2.519215	0.23001657	0	9.1	0	0	3
229	630	230.353941	1.20321277	306.359997	305.214697	303.841455	306.359997	2.51854136	0.23001657	0	9.1	0	0	3
230	632	230.973836	1.20846697	306.370891	305.241439	303.853397	306.370891	2.51749369	0.23001657	0	9.1	0	0	3
231	635	231.610483	1.21372118	306.382053	305.268641	303.864984	306.382053	2.51706918	0.23001657	0	9.1	0	0	3
232	637	232.228511	1.21897538	306.392868	305.295314	303.876675	306.392868	2.51619315	0.23001657	0	9.1	0	0	3
233	640	232.863238	1.22422959	306.403888	305.322669	303.888028	306.403888	2.51586066	0.23001657	0	9.1	0	0	3
234	642	233.479548	1.22948379	306.414578	305.349535	303.899359	306.414578	2.51521978	0.23001657	0	9.1	0	0	3
235	645	234.112221	1.234738	306.425506	305.376919	303.910342	306.425506	2.51516361	0.23001657	0	9.1	0	0	3
236	647	234.726528	1.2399922	306.436089	305.403665	303.921405	306.436089	2.51468376	0.23001657	0	9.1	0	0	3
237	649	235.357203	1.2452464	306.446921	305.431133	303.932135	306.446921	2.51478612	0.23001657	0	9.1	0	0	3
238	652	235.969665	1.25050061	306.457387	305.457958	303.943007	306.457387	2.51437996	0.23001657	0	9.1	0	0	3
239	654	236.598192	1.25575481	306.46813	305.48549	303.953527	306.46813	2.5146033	0.23001657	0	9.1	0	0	3
240	657	237.208788	1.26100902	306.478468	305.512357	303.964209	306.478468	2.51425842	0.23001657	0	9.1	0	0	3
241	659	237.835358	1.26626322	306.489115	305.539953	303.974533	306.489115	2.51458118	0.23001657	0	9.1	0	0	3
242	661	238.444025	1.27151743	306.499411	305.566879	303.985024	306.499411	2.51438705	0.23001657	0	9.1	0	0	3
243	664	239.068774	1.27677163	306.509943	305.594539	303.995177	306.509943	2.51476624	0.23001657	0	9.1	0	0	3
244	666	239.675689	1.28202583	306.52022	305.621527	304.005494	306.52022	2.51472546	0.23001657	0	9.1	0	0	3
245	669	240.298631	1.28728004	306.514564	305.649096	304.015488	306.52022	2.50473188	0.23001657	0	9.1	0	0	3
246	671	240.903761	1.29253424	306.489352	305.675661	304.025651	306.52022	2.49456854	0.23001657	0	9.2	0	0	3
247	674	241.524949	1.29778845	306.457924	305.702543	304.035524	306.52022	2.48469602	0.23001657	0	9.2	0	0	3
248	676	242.128416	1.30304265	306.417367	305.728302	304.045535	306.52022	2.47468464	0.23001657	0	9.2	0	0	3
249	679	242.748015	1.30829686	306.367804	305.754177	304.055274	306.52022	2.46494568	0.23001657	0	9.3	0	0	3
250	681	243.349732	1.31355106	306.314867	305.778856	304.074936	306.52022	2.44528352	0.23001657	0	9.4	0	0	3
251	684	243.967796	1.31880526	306.25809	305.803423	304.124602	306.52022	2.39561785	0.23001657	0	9.6	0	0	3
252	686	244.567764	1.32405947	306.202816	305.826359	304.179513	306.52022	2.34070657	0.23001657	0	9.8	0	0	3
253	689	245.184859	1.32931367	306.147126	305.848729	304.243453	306.52022	2.27676706	0.23001657	0	10.1	0	0	3
254	691	245.783159	1.33456788	306.094635	305.869374	304.318267	306.52022	2.20195235	0.23001657	0	10.4	0	0	3
255	694	246.399695	1.33982208	306.043369	305.889209	304.397874	306.52022	2.12234581	0.23001657	0	10.8	0	0	3
256	696	246.9964	1.34507629	305.99648	305.907233	304.481512	306.52022	2.03870797	0.23001657	0	11.2	0	0	3
257	699	247.612088	1.35033049	305.951115	305.924332	304.563294	306.52022	1.95692592	0.23001657	0	11.7	0	0	3
258	701	248.207087	1.35558469	305.909952	305.939705	304.645746	306.52022	1.87447379	0.23001657	0	12.2	0	0	3
259	704	248.821689	1.3608389	305.870241	305.954143	304.72307	306.52022	1.79714946	0.23001657	0	12.7	0	0	3
260	706	249.41572	1.3660931	305.834454	305.967013	304.798754	306.52022	1.72146524	0.23001657	0	13.3	0	0	3
261	709	250.029162	1.37134731	305.800116	305.979014	304.868978	306.52022	1.65124133	0.23001657	0	13.9	0	0	3
262	711	250.621859	1.37660151	305.769298	305.98963	304.937328	306.52022	1.58289182	0.23001657	0	14.5	0	0	3
263	714	251.234262	1.38185571	305.739813	305.999446	305.000537	306.52022	1.51968286	0.23001657	0	15.1	0	0	3
264	716	251.828142	1.38710992	305.713471	306.008049	305.061869	306.52022	1.45835096	0.23001657	0	15.7	0	0	3
265	719	252.439574	1.39236412	305.688677	306.015921	305.118454	306.52022	1.4017657	0.23001657	0	16.4	0	0	3
266	721	253.033342	1.39761833	305.666241	306.02274	305.173284	306.52022	1.34693548	0.23001657	0	17	0	0	3
267	724	253.643952	1.40287253	305.645202	306.028893	305.223831	306.52022	1.29638836	0.23001657	0	17.7	0	0	3
268	726	254.235578	1.40812674	305.626593	306.034146	305.272809	306.52022	1.24741028	0.23001657	0	18.4	0	0	3
269	729	254.845577	1.41338094	305.609327	306.038787	305.317967	306.52022	1.20225315	0.23001657	0	19.1	0	0	3
270	731	255.435307	1.41863514	305.593798	306.042666	305.361737	306.52022	1.15848314	0.23001657	0	19.8	0	0	3
271	734	256.044616	1.42388935	305.579248	306.045968	305.402147	306.52022	1.11807266	0.23001657	0	20.5	0	0	3
272	736	256.63481	1.42914355	305.566579	306.048614	305.441404	306.52022	1.07881569	0.23001657	0	21.3	0	0	3
273	739	257.24339	1.43439776	305.554985	306.050741	305.477678	306.52022	1.04254117	0.23001657	0	22	0	0	3
274	741	257.833535	1.43965196	305.544585	306.0523	305.513042	306.52022	1.00717728	0.23001657	0	22.8	0	0	3
275	744	258.441225	1.44490617	305.535261	306.053387	305.535261	306.52022	0.98495856	0.23001657	0	23.3	0	0	3
276	746	259.030098	1.45016037	305.526911	306.054	305.526911	306.52022	0.993308619	0.23001657	0	23.1	0	0	3
277	748	259.636298	1.45541457	305.519991	306.054175	305.519991	306.52022	1.00022879	0.23001657	0	22.9	0	0	3
278	751	260.222841	1.46066878	305.51343	306.053964	305.51343	306.52022	1.00678997	0.23001657	0	22.8	0	0	3
279	753	260.828128	1.46592298	305.507397	306.05332	305.507397	306.52022	1.01282284	0.23001657	0	22.7	0	0	3
280	756	261.414697	1.47117719	305.501603	306.052343	305.501603	306.52022	1.01861628	0.23001657	0	22.5	0	0	3
281	758	262.019333	1.47643139	305.497419	306.050962	305.497419	306.52022	1.02280016	0.23001657	0	22.4	0	0	3
282	761	262.605403	1.4816856	305.494057	306.049314	305.494057	306.52022	1.02616269	0.23001657	0	22.4	0	0	3
283	763	263.208977	1.4869398	305.491224	306.047288	305.491224	306.52022	1.02899568	0.23001657	0	22.3	0	0	3
284	765	263.795253	1.492194	305.489121	306.045035	305.489121	306.52022	1.03109819	0.23001657	0	22.3	0	0	3
285	768	264.39756	1.49744821	305.487512	306.042433	305.487512	306.52022	1.03270788	0.23001657	0	22.2	0	0	3
286	770	264.98103	1.50270241	305.486422	306.039663	305.486422	306.52022	1.03379791	0.23001657	0	22.2	0	0	3
287	773	265.582259	1.50795662	305.485898	306.036545	305.485898	306.52022	1.03432178	0.23001657	0	22.2	0	0	3
288	775	266.163879	1.51321082	305.485718	306.033303	305.485718	306.52022	1.0345019	0.23001657	0	22.2	0	0	3
289	777	266.764428	1.51846502	305.485968	306.029711	305.485718	306.52022	1.0345019	0.23001657	0	22.2	0	0	3
290	780	267.346126	1.52371923	305.486582	306.026025	305.485718	306.52022	1.0345019	0.23001657	0	22.2	0	0	3
291	782	267.945797	1.52897343	305.487641	306.022006	305.485718	306.52022	1.0345019	0.23001657	0	22.2	0	0	3
292	785	268.527045	1.53422764	305.488959	306.017921	305.485718	306.52022	1.0345019	0.23001657	0	22.2	0	0	3
293	787	269.125456	1.53948184	305.489366	306.013504	305.485718	306.52022	1.0345019	0.23001657	0	22.2	0	0	3
294	790	269.70695	1.54473605	305.49225	306.009044	305.485718	306.52022	1.0345019	0.23001657	0	22.2	0	0	3
295	792	270.304368	1.54999025	305.493465	306.004271	305.485718	306.52022	1.0345019	0.23001657	0	22.2	0	0	3
296	794	270.883235	1.55524445	305.496897	305.999493	305.485718	306.52022	1.0345019	0.23001657	0	22.2	0	0	3
297	797	271.479687	1.56049866	305.500087	305.994409	305.485718	306.52022	1.0345019	0.23001657	0	22.2	0	0	3
298	800	272.058616	1.56575286	305.503026	305.989323	305.485718	306.52022	1.0345019	0.23001657	0	22.2	0	0	3
299	802	272.654112	1.57100707	305.50494	305.983927	305.485718	306.52022	1.0345019	0.23001657	0	22.2	0	0	3
300	804	273.231767	1.57626127	305.509116	305.978559	305.485718	306.52022	1.0345019	0.23001657	0	22.2	0	0	3
301	808	273.826268	1.58151548	305.511816	305.972885	305.485718	306.52022	1.0345019	0.23001657	0	22.2	0	0	3
302	810	274.403918	1.58676968	305.516548	305.967252	305.485718	306.52022	1.0345019	0.23001657	0	22.2	0	0	3
303	812	274.997369	1.59202388	305.521117	305.961338	305.485718	306.52022	1.0345019	0.23001657	0	22.2	0	0	3
304	815	275.572247	1.59727809	305.524942	305.955482	305.485718	306.52022	1.0345019	0.23001657	0	22.2	0	0	3
305	817	276.165263	1.60253229	305.527877	305.949311	305.485718	306.52022	1.0345019	0.23001657	0	22.2	0	0	3
306	820	276.740921	1.6077865	305.532909	305.943213	305.485718	306.52022	1.0345019	0.23001657	0	22.2	0	0	3
307	822	277.333104	1.6130407	305.536445	305.936814	305.485718	306.52022	1.0345019	0.23001657	0	22.2	0	0	3
308	824	277.907029	1.61829491	305.541822	305.930511	305.485718	306.52022	1.0345019	0.23001657	0	22.2	0	0	3
309	827	278.498155	1.62354911	305.54557	305.923901	305.485718	306.52022	1.0345019	0.23001657	0	22.2	0	0	3
310	829	279.072202	1.62880331	305.551098	305.917391	305.485718	306.52022	1.0345019	0.23001657	0	22.2	0	0	3
311	832	279.66218	1.63405752	305.555102	305.910585	305.485718	306.52022	1.0345019	0.23001657	0	22.2	0	0	3
312	834	280.233785	1.63931172	305.560851	305.903896	305.485718	306.52022	1.0345019	0.23001657	0	22.2	0	0	3
313	837	280.822933	1.64456593	305.565054	305.896903	305.485718	306.52022	1.0345019	0.23001657	0	22.2	0	0	3
314	839	281.395206	1.64982013	305.570983	305.890027	305.485718	306.52022	1.0345019	0.23001657	0	22.2	0	0	3
315	841	281.983653	1.65507434	305.575325	305.882855	305.485718	306.52022	1.0345019	0.23001657	0	22.2	0	0	3
316	844	282.555151	1.66032854	305.581443	305.87581	305.485718	306.52022	1.0345019	0.23001657	0	22.2	0	0	3
317	847	283.142924	1.66558274	305.585894	305.868469	305.485718	306.52022	1.0274871	0.23001657	0	22.3	0	0	3
318	851	283.713708	1.67083695	305.592133	305.861264	305.485718	306.52022	1.00052315	0.23001657	0	22.9	0	0	3
319	855	284.300545	1.67609115	305.596653	305.85376	305.485718	306.52022	0.973907821	0.23001657	0	23.6	0	0	3
320	858	284.868435	1.68134536	305.60296	305.846411	305.485718	306.52022	0.946937528	0.23001657	0	24.2	0	0	3
321	860	285.45431	1.68659956	305.607577	305.838752	305.485718	306.52022	0.920301794	0.23001657	0	24.9	0	0	3
322	863	286.023159	1.69185376	305.614034	305.83125	305.485718	306.52022	0.893314364	0.23001657	0	25.7	0	0	3
323	865	286.608424	1.69710797	305.618692	305.823443	305.485718	306.52022	0.866689622	0.23001657	0	26.5	0	0	3
324	868	287.176652	1.70236217	305.6253	305.815798	305.485718	306.52022	0.839477986	0.23001657	0	27.3	0	0	3
325	870	287.761304	1.70761638	305.629994	305.807851	305.485718	306.52022	0.812735926	0.23001657	0	28.3	0	0	3
326	872	288.328513	1.71287058	305.636685	305.800073	305.485718	306.52022	0.78553458	0.23001657	0	29.2	0	0	3
327	875	288.912405	1.71812479	305.641395	305.79199	305.485718	306.52022	0.758860813	0.23001657	0	30.3	0	0	3
328	877	289.47708	1.72337899	305.6481	305.784084	305.485718	306.52022	0.731506096	0.23001657	0	31.4	0	0	3
329	880	290.060399	1.72863319	305.652791	305.775867	305.485718	306.52022	0.704639812	0.23001657	0	32.6	0	0	3
330	882	290.625968	1.7338874	305.659467	305.767827	305.485718	306.52022	0.677256198	0.23001657	0	33.9	0	0	3
331	884	291.208334	1.7391416	305.664319	305.759484	305.485718	306.52022	0.650510481	0.23001657	0	35.3	0	0	3
332	887	291.772902	1.74439581	305.671066	305.751323	305.485718	306.52022	0.623041744	0.23001657	0	36.9	0	0	3
333	889	292.354136	1.74965001	305.675953	305.742857	305.485718	306.52022	0.596216814	0.23001657	0	38.5	0	0	3
334	892	292.918126	1.75490422	305.682713	305.734577	305.485718	306.52022	0.568685409	0.23001657	0	40.4	0	0	3
335	894	293.498571	1.76015842	305.687507	305.725994	305.485718	306.52022	0.541818345	0.23001657	0	42.4	0	0	3
336	896	294.061683	1.76541262	305.693423	305.71759	305.485718	306.52022	0.514221754	0.23001657	0	44.7	0	0	3
337	899	294.641015	1.77066683	305.698943	305.70889	305.485718	306.52022	0.487296589	0.23001657	0	47.2	0	0	3
338	901	295.203062	1.77592103	305.706198	305.700386	305.485718	306.52022	0.459636124	0.23001657	0	50	0	0	3
339	903	295.781525	1.78117524	305.711112	305.691577	305.485718	306.52022	0.432648604	0.23001657	0	53.1	0	0	3
340	906	296.342865	1.78642944	305.717998	305.682964	305.485718	306.514564	0.405079554	0.23001657	0	56.7	0	0	3
341	908	296.92058	1.79168365	305.722878	305.674222	305.485718	306.489352	0.379953238	0.23001657	0	60.5	0	0	3
342	910	297.481028	1.79693785	305.729876	305.666055	305.485718	306.457924	0.388120269	0.23001657	0	59.2	0	0	3
343	913	298.057665	1.80219205	305.734716	305.658054	305.485718	306.417367	0.396121067	0.23001657	0	58	0	0	3
344	915	298.617143	1.80744626	305.740691	305.650761	305.485718	306.367804	0.403414327	0.23001657	0	57	0	0	3
345	918	299.194285	1.81270046	305.746272	305.643867	305.485718	306.314867	0.410308589	0.23001657	0	56	0	0	3
346	920	299.751495	1.81795467	305.752467	305.637781	305.485718	306.25809	0.416394192	0.23001657	0	55.2	0	0	3
347	923	300.327288	1.82320887	305.739864	305.632021	305.485718	306.202816	0.422153863	0.23001657	0	54.4	0	0	3
348	925	300.885475	1.82846307	305.71228	305.626736	305.485718	306.147126	0.427439218	0.23001657	0	53.8	0	0	3
349	928	301.460325	1.83371728	305.67725	305.621546	305.485718	306.094635	0.432629605	0.23001657	0	53.1	0	0	3
350	930	302.017737	1.83897148	305.635133	305.616647	305.485718	306.043369	0.437528294	0.23001657	0	52.5	0	0	3
351	933	302.591764	1.84422569	305.583725	305.611629	305.485718	305.99648	0.442546578	0.23001657	0	51.9	0	0	3
352	935	303.148727	1.84947989	305.530578	305.606735	305.485718	305.951115	0.447440143	0.23001657	0	51.4	0	0	3
353	938	303.721981	1.8547341	305.471538	305.601575	305.471538	305.909952	0.438413853	0.23001657	0	52.4	0	0	3
354	940	304.277983	1.8599883	305.414754	305.59645	305.414754	305.870241	0.455486533	0.23001657	0	50.4	0	0	3
355	943	304.85021	1.8652425	305.358219	305.591014	305.358219	305.834454	0.463161548	0.23001657	0	49.6	0	0	3
356	945	305.40537	1.87049671	305.304429	305.585589	305.304429	305.800116	0.468585964	0.23001657	0	49	0	0	3
357	948	305.976981	1.87575091	305.250999	305.579819	305.250999	305.769298	0.47435661	0.23001657	0	48.4	0	0	3
358	950	306.531555	1.88100512	305.201442	305.574057	305.201442	305.752467	0.480118428	0.23001657	0	47.9	0	0	3
359	953	307.102389	1.88625932	305.153311	305.567941	305.153311	305.752467	0.486234359	0.23001657	0	47.3	0	0	3
360	955	307.656073	1.89151353	305.109291	305.561844	305.109291	305.752467	0.492331215	0.23001657	0	46.7	0	0	3
361	958	308.226113	1.89676773	305.066861	305.555396	305.066861	305.752467	0.49877918	0.23001657	0	46.1	0	0	3
362	960	308.779346	1.90202193	305.028118	305.548983	305.028118	305.752467	0.505192617	0.23001657	0	45.5	0	0	3
363	963	309.349214	1.90727614	304.990853	305.542218	304.990853	305.752467	0.511957016	0.23001657	0	44.9	0	0	3
364	965	309.902291	1.91253034	304.95682	305.535505	304.95682	305.752467	0.518669982	0.23001657	0	44.3	0	0	3
365	968	310.471763	1.91778455	304.924094	305.528436	304.924094	305.752467	0.525738835	0.23001657	0	43.7	0	0	3
366	970	311.024078	1.92303875	304.894377	305.521443	304.894377	305.752467	0.532732087	0.23001657	0	43.1	0	0	3
367	972	311.592654	1.92829296	304.865905	305.514099	304.865905	305.752467	0.540076067	0.23001657	0	42.5	0	0	3
368	975	312.144263	1.93354716	304.840026	305.506843	304.840026	305.752467	0.547332456	0.23001657	0	42	0	0	3
369	978	312.712461	1.93880136	304.81521	305.49923	304.81521	305.752467	0.554945388	0.23001657	0	41.4	0	0	3
370	981	313.26391	1.94405557	304.792729	305.491718	304.792729	305.752467	0.562456893	0.23001657	0	40.8	0	0	3
371	983	313.831916	1.94930977	304.771247	305.483852	304.771247	305.752467	0.570322703	0.23001657	0	40.3	0	0	3
372	985	314.3829	1.95456398	304.75178	305.476107	304.75178	305.752467	0.578067861	0.23001657	0	39.7	0	0	3
373	988	314.950246	1.95981818	304.733207	305.468007	304.733207	305.752467	0.585957755	0.23001657	0	39.2	0	0	3
374	990	315.500549	1.96507239	304.716459	305.460043	304.716459	305.752467	0.593277723	0.23001657	0	38.7	0	0	3
375	993	316.067347	1.97032659	304.700541	305.451731	304.700541	305.752467	0.600611982	0.23001657	0	38.2	0	0	3
376	995	316.617253	1.97558079	304.686145	305.443574	304.686145	305.752467	0.607387263	0.23001657	0	37.8	0	0	3
377	998	317.183679	1.980835	304.672477	305.435067	304.672477	305.752467	0.61424733	0.23001657	0	37.4	0	0	3
378	1000	317.733092	1.9860892	304.660208	305.426717	304.660208	305.752467	0.620570847	0.23001657	0	37	0	0	3
379	1002	318.298958	1.99134341	304.648587	305.418018	304.648587	305.752467	0.627017303	0.23001657	0	36.6	0	0	3
380	1005	318.847874	1.99659761	304.638148	305.409485	304.638148	305.752467	0.63294891	0.23001657	0	36.3	0	0	3
381	1007	319.413385	2.00185181	304.628323	305.400601	304.628323	305.752467	0.639062726	0.23001657	0	35.9	0	0	3
382	1009	319.962064	2.00710602	304.619525	305.391895	304.619525	305.752467	0.644649334	0.23001657	0	35.6	0	0	3
383	1012	320.527309	2.01236022	304.611287	305.382836	304.611287	305.752467	0.650467025	0.23001657	0	35.3	0	0	3
384	1014	321.075651	2.01761443	304.603911	305.373968	304.603911	305.752467	0.655743147	0.23001657	0	35	0	0	3
385	1017	321.640539	2.02286863	304.597015	305.364745	304.597015	305.752467	0.661280294	0.23001657	0	34.7	0	0	3
386	1019	322.188637	2.02812284	304.590897	305.355719	304.590897	305.752467	0.666287923	0.23001657	0	34.5	0	0	3
387	1021	322.753339	2.03337704	304.585266	305.346337	304.585266	305.752467	0.671584012	0.23001657	0	34.2	0	0	3
388	1024	323.301187	2.03863124	304.58024	305.337161	304.58024	305.752467	0.676343141	0.23001657	0	34	0	0	3
389	1026	323.865446	2.04388545	304.575622	305.327647	304.575622	305.752467	0.681396623	0.23001657	0	33.7	0	0	3
390	1028	324.412621	2.04913965	304.571576	305.318335	304.571576	305.752467	0.685935785	0.23001657	0	33.5	0	0	3
391	1031	324.976183	2.05439386	304.567867	305.308685	304.567867	305.752467	0.690807696	0.23001657	0	33.2	0	0	3
392	1033	325.522837	2.05964806	304.564711	305.299248	304.564711	305.752467	0.695160644	0.23001657	0	33	0	0	3
393	1035	326.086185	2.06490227	304.56184	305.289447	304.56184	305.752467	0.699876339	0.23001657	0	32.8	0	0	3
394	1038	326.632823	2.07015647	304.559422	305.279869	304.559422	305.752467	0.70405744	0.23001657	0	32.6	0	0	3
395	1040	327.19596	2.07541067	304.557308	305.269951	304.557308	305.752467	0.708607591	0.23001657	0	32.4	0	0	3
396	1042	327.742325	2.08066488	304.555579	305.260257	304.555579	305.752467	0.712627859	0.23001657	0	32.2	0	0	3
397	1045	328.304155	2.08591908	304.554031	305.250228	304.554031	305.752467	0.717023603	0.23001657	0	32	0	0	3
398	1047	328.847924	2.09117329	304.552832	305.240437	304.552832	305.752467	0.720900655	0.23001657	0	31.9	0	0	3
399	1049	329.408894	2.09642749	304.551862	305.230277	304.551862	305.752467	0.725205423	0.23001657	0	31.7	0	0	3
400	1052	329.952171	2.1016817	304.551182	305.220377	304.551182	305.752467	0.728933155	0.23001657	0	31.5	0	0	3
401	1055	330.512675	2.1069359	304.550667	305.210115	304.550667	305.752467	0.733097774	0.23001657	0	31.3	0	0	3
402	1058	331.057441	2.1121901	304.550428	305.200078	304.550428	305.752467	0.736736203	0.23001657	0	31.2	0	0	3
403	1060	331.61732	2.11744431	304.550348	305.189707	304.550348	305.752467	0.740803841	0.23001657	0	31	0	0	3
404	1062	332.161801	2.12269851	304.550538	305.179568	304.550348	305.752467	0.744332572	0.23001657	0	30.9	0	0	3
405	1065	332.720881	2.12795272	304.550863	305.169095	304.550348	305.752467	0.748295217	0.23001657	0	30.7	0	0	3
406	1067	333.262984	2.13320692	304.551353	305.158869	304.550348	305.752467	0.75171529	0.23001657	0	30.5	0	0	3
407	1070	333.821712	2.13846112	304.552011	305.148292	304.550348	305.752467	0.75560364	0.23001657	0	30.4	0	0	3
408	1072	334.36275	2.14371533	304.552796	305.137984	304.550348	305.752467	0.758919379	0.23001657	0	30.3	0	0	3
409	1074	334.921078	2.14896953	304.553756	305.127303	304.550348	305.752467	0.762723584	0.23001657	0	30.1	0	0	3
410	1077	335.462474	2.15422374	304.55481	305.116874	304.550348	305.752467	0.765980609	0.23001657	0	30	0	0	3
411	1079	336.020202	2.15947794	304.556028	305.106093	304.550348	305.752467	0.769717245	0.23001657	0	29.8	0	0	3
412	1081	336.562652	2.16473215	304.557307	305.095551	304.550348	305.752467	0.772917597	0.23001657	0	29.7	0	0	3
413	1084	337.119663	2.16998635	304.558743	305.084672	304.550348	305.752467	0.77659239	0.23001657	0	29.6	0	0	3
414	1086	337.659578	2.17524055	304.560241	305.074054	304.550348	305.752467	0.779705585	0.23001657	0	29.5	0	0	3
415	1088	338.216552	2.18049476	304.561872	305.063075	304.550348	305.752467	0.783336457	0.23001657	0	29.3	0	0	3
416	1091	338.75599	2.18574896	304.563557	305.052385	304.550348	305.752467	0.786367248	0.23001657	0	29.2	0	0	3
417	1093	339.312621	2.19100317	304.565338	305.041312	304.550348	305.752467	0.789938156	0.23001657	0	29.1	0	0	3
418	1095	339.85252	2.19625737	304.567183	305.030504	304.550348	305.752467	0.792938675	0.23001657	0	29	0	0	3
419	1098	340.40888	2.20151158	304.56915	305.019335	304.550348	305.752467	0.796463689	0.23001657	0	28.8	0	0	3
420	1100	340.949576	2.20676578	304.571117	305.008424	304.550348	305.752467	0.799427247	0.23001657	0	28.7	0	0	3
421	1102	341.505336	2.21201998	304.573234	304.997162	304.550348	305.752467	0.802911065	0.23001657	0	28.6	0	0	3
422	1105	342.043648	2.21727419	304.575344	304.986182	304.550348	305.752467	0.805808527	0.23001657	0	28.5	0	0	3
423	1107	342.599169	2.22252839	304.577562	304.974828	304.550348	305.752467	0.809256681	0.23001657	0	28.4	0	0	3
424	1109	343.13728	2.2277826	304.57978	304.963781	304.550348	305.752467	0.812086158	0.23001657	0	28.3	0	0	3
425	1112	343.692422	2.2330368	304.582051	304.952336	304.550348	305.752467	0.815490989	0.23001657	0	28.2	0	0	3
426	1114	344.230839	2.23829101	304.584386	304.94118	304.550348	305.752467	0.818304069	0.23001657	0	28.1	0	0	3
427	1117	344.785697	2.24354521	304.586763	304.929649	304.550348	305.752467	0.821673653	0.23001657	0	27.9	0	0	3
428	1119	345.324994	2.24879941	304.589144	304.918403	304.550348	305.752467	0.824453605	0.23001657	0	27.8	0	0	3
429	1121	345.879119	2.25405362	304.591654	304.906794	304.550348	305.752467	0.827782481	0.23001657	0	27.7	0	0	3
430	1124	346.416312	2.25930782	304.594124	304.895475	304.550348	305.752467	0.83051895	0.23001657	0	27.6	0	0	3
431	1126	346.970339	2.26456203	304.596673	304.883781	304.550348	305.752467	0.833808414	0.23001657	0	27.5	0	0	3
432	1128	347.506922	2.26981623	304.599173	304.872393	304.550348	305.752467	0.836496274	0.23001657	0	27.4	0	0	3
433	1131	348.060686	2.27507044	304.601795	304.860624	304.550348	305.752467	0.839761262	0.23001657	0	27.3	0	0	3
434	1133	348.597483	2.28032464	304.60439	304.849148	304.550348	305.752467	0.842429379	0.23001657	0	27.3	0	0	3
435	1135	349.150842	2.28557884	304.607074	304.837295	304.550348	305.752467	0.845668858	0.23001657	0	27.1	0	0	3
436	1138	349.688922	2.29083305	304.609756	304.825732	304.550348	305.752467	0.848489418	0.23001657	0	27.1	0	0	3
437	1140	350.241622	2.29608725	304.612484	304.813802	304.550348	305.752467	0.852253079	0.23001657	0	26.9	0	0	3
438	1142	350.777251	2.30134146	304.615175	304.802172	304.550348	305.752467	0.855881658	0.23001657	0	26.8	0	0	3
439	1145	351.330017	2.30659566	304.617917	304.790166	304.550348	305.752467	0.860594427	0.23001657	0	26.7	0	0	3
440	1147	351.865089	2.31184986	304.620613	304.778475	304.550348	305.752467	0.865391155	0.23001657	0	26.5	0	0	3
441	1149	352.417538	2.31710407	304.623458	304.766372	304.550348	305.752467	0.871409207	0.23001657	0	26.3	0	0	3
442	1152	352.953231	2.32235827	304.626229	304.754633	304.550348	305.739864	0.877388532	0.23001657	0	26.2	0	0	3
443	1154	353.505437	2.32761248	304.629087	304.742661	304.550348	305.71228	0.884074573	0.23001657	0	26	0	0	3
444	1156	354.042107	2.33286668	304.631875	304.731361	304.550348	305.67725	0.890184453	0.23001657	0	25.8	0	0	3
445	1159	354.593585	2.33812089	304.634767	304.720125	304.550348	305.635133	0.896521935	0.23001657	0	25.6	0	0	3
446	1161	355.127894	2.34337509	304.637611	304.709691	304.550348	305.583725	0.901937138	0.23001657	0	25.5	0	0	3
447	1163	355.679068	2.34862929	304.640519	304.699522	304.550348	305.530578	0.907212583	0.23001657	0	25.3	0	0	3
448	1166	356.213099	2.3538835	304.643352	304.690234	304.550348	305.471538	0.911340521	0.23001657	0	25.2	0	0	3
449	1168	356.764078	2.3591377	304.646287	304.681334	304.550348	305.414754	0.864406404	0.23001657	0	26.6	0	0	3
450	1170	357.298436	2.36439191	304.649186	304.673319	304.550348	305.358219	0.807871134	0.23001657	0	28.4	0	0	3
451	1173	357.849248	2.36964611	304.652131	304.665704	304.550348	305.304429	0.754080995	0.23001657	0	30.5	0	0	3
452	1175	358.384453	2.37490032	304.655036	304.658903	304.550348	305.250999	0.70065131	0.23001657	0	32.8	0	0	3
453	1177	358.934618	2.38015452	304.658014	304.652503	304.550348	305.201442	0.651094259	0.23001657	0	35.3	0	0	3
454	1180	359.4676	2.38540872	304.66092	304.646837	304.550348	305.153311	0.602963604	0.23001657	0	38.1	0	0	3
455	1182	360.01773	2.39066293	304.663338	304.641545	304.550348	305.109291	0.558943034	0.23001657	0	41.1	0	0	3
456	1185	360.552463	2.39591713	304.635124	304.636584	304.550348	305.066861	0.516513518	0.23001657	0	44.5	0	0	3
457	1187	361.102012	2.40117134	304.602793	304.631594	304.550348	305.028118	0.47777021	0.23001657	0	48.1	0	0	3
458	1190	361.636358	2.40642554	304.562782	304.626748	304.550348	304.990853	0.440505459	0.23001657	0	52.2	0	0	3
459	1192	362.185433	2.41167975	304.512955	304.621638	304.512955	304.95682	0.443864268	0.23001657	0	51.8	0	0	3
460	1194	362.719747	2.41693395	304.458682	304.61648	304.458682	304.924094	0.46541167	0.23001657	0	49.4	0	0	3
461	1197	363.268301	2.42218815	304.399584	304.610908	304.399584	304.894377	0.494793277	0.23001657	0	46.4	0	0	3
462	1199	363.800081	2.42744236	304.340863	304.605221	304.340863	304.865905	0.525041496	0.23001657	0	43.8	0	0	3
463	1202	364.348979	2.43269656	304.280748	304.599035	304.280748	304.840026	0.559278761	0.23001657	0	41.1	0	0	3
464	1204	364.882464	2.43795077	304.223344	304.592714	304.223344	304.81521	0.591865951	0.23001657	0	38.8	0	0	3
465	1207	365.43073	2.44320497	304.166427	304.585883	304.166427	304.792729	0.626302274	0.23001657	0	36.7	0	0	3
466	1209	365.964172	2.44845918	304.11318	304.578934	304.11318	304.771247	0.6580671	0.23001657	0	34.9	0	0	3
467	1212	366.512187	2.45371338	304.060991	304.571472	304.060991	304.75178	0.690788375	0.23001657	0	33.2	0	0	3
468	1214	367.045234	2.45896758	304.012809	304.563931	304.012809	304.733207	0.720398266	0.23001657	0	31.9	0	0	3
469	1217	367.593029	2.46422179	303.965985	304.555884	303.965985	304.716459	0.750474572	0.23001657	0	30.6	0	0	3
470	1219	368.125837	2.46947599	303.922803	304.547796	303.922803	304.700541	0.777737845	0.23001657	0	29.5	0	0	3
471	1222	368.673328	2.4747302	303.881163	304.539212	303.881163	304.686145	0.804981141	0.23001657	0	28.5	0	0	3
472	1224	369.206057	2.4799844	303.842889	304.530622	303.842889	304.672477	0.829588269	0.23001657	0	27.7	0	0	3
473	1227	369.753514	2.4852386	303.806005	304.521547	303.806005	304.663338	0.857332514	0.23001657	0	26.8	0	0	3
474	1229	370.2859	2.49049281	303.772315	304.512507	303.772315	304.663338	0.891022314	0.23001657	0	25.8	0	0	3
475	1231	370.833349	2.49574701	303.739833	304.50299	303.739833	304.663338	0.906494736	0.23001657	0	25.3	0	0	3
476	1234	371.365543	2.50100122	303.710162	304.493543	303.710162	304.663338	0.907057778	0.23001657	0	25.3	0	0	3
477	1236	371.912767	2.50625542	303.681528	304.483627	303.681528	304.663338	0.908268157	0.23001657	0	25.3	0	0	3
478	1239	372.444999	2.51150963	303.6553	304.473806	303.6553	304.663338	0.909029896	0.23001657	0	25.3	0	0	3
479	1241	372.992047	2.51676383	303.630004	304.463527	303.630004	304.663338	0.910441418	0.23001657	0	25.2	0	0	3
480	1244	373.524111	2.52201803	303.606919	304.453369	303.606919	304.663338	0.91137544	0.23001657	0	25.2	0	0	3
481	1246	374.071133	2.52727224	303.584687	304.442758	303.584687	304.663338	0.912960107	0.23001657	0	25.1	0	0	3
482	1249	374.603183	2.53252644	303.564348	304.432293	303.564348	304.663338	0.91404409	0.23001657	0	25.1	0	0	3
483	1251	375.150194	2.53778065	303.544754	304.421378	303.544754	304.663338	0.915782537	0.23001657	0	25.1	0	0	3
484	1253	375.682193	2.54303485	303.526827	304.410631	303.526827	304.663338	0.917015595	0.23001657	0	25	0	0	3
485	1256	376.229021	2.54828906	303.509541	304.399444	303.509541	304.663338	0.918891525	0.23001657	0	25	0	0	3
486	1258	376.76078	2.55354326	303.493751	304.388444	303.493751	304.663338	0.92024128	0.23001657	0	24.9	0	0	3
487	1261	377.307699	2.55879746	303.478514	304.377002	303.478514	304.663338	0.922246022	0.23001657	0	24.9	0	0	3
488	1263	377.839414	2.56405167	303.464622	304.365768	303.464622	304.663338	0.923679085	0.23001657	0	24.9	0	0	3
489	1265	378.386174	2.56930587	303.45122	304.354095	303.45122	304.663338	0.925774131	0.23001657	0	24.8	0	0	3
490	1268	378.917952	2.57456008	303.438979	304.342641	303.438979	304.663338	0.927310509	0.23001657	0	24.8	0	0	3
491	1270	379.464608	2.57981428	303.427182	304.330754	303.427182	304.663338	0.929503013	0.23001657	0	24.7	0	0	3
492	1272	379.996121	2.58506849	303.416426	304.319103	303.416426	304.663338	0.931125613	0.23001657	0	24.7	0	0	3
493	1275	380.542904	2.59032269	303.406067	304.307019	303.406067	304.663338	0.93341802	0.23001657	0	24.6	0	0	3
494	1277	381.074442	2.59557689	303.396622	304.295194	303.396622	304.663338	0.935082631	0.23001657	0	24.5	0	0	3
495	1279	381.621024	2.6008311	303.387507	304.282935	303.387507	304.663338	0.937442913	0.23001657	0	24.5	0	0	3
496	1282	382.152744	2.6060853	303.379205	304.270937	303.379205	304.663338	0.939177897	0.23001657	0	24.4	0	0	3
497	1284	382.699284	2.61133951	303.371209	304.25851	303.371209	304.663338	0.94156763	0.23001657	0	24.4	0	0	3
498	1286	383.230704	2.61659371	303.363934	304.24635	303.363934	304.663338	0.943356926	0.23001657	0	24.3	0	0	3
499	1289	383.777335	2.62184791	303.356906	304.233766	303.356906	304.663338	0.945802013	0.23001657	0	24.3	0	0	3
500	1291	384.308743	2.62710212	303.350521	304.221458	303.350521	304.663338	0.947637768	0.23001657	0	24.2	0	0	3
501	1294	384.855212	2.63235632	303.344389	304.208732	303.344389	304.663338	0.950137416	0.23001657	0	24.2	0	0	3
502	1297	385.386846	2.63761053	303.338802	304.196296	303.338802	304.663338	0.951996706	0.23001657	0	24.1	0	0	3
503	1299	385.933504	2.64286473	303.333418	304.18343	303.333418	304.663338	0.954553433	0.23001657	0	24	0	0	3
504	1301	386.464799	2.64811894	303.328527	304.170877	303.328527	304.663338	0.956426044	0.23001657	0	24	0	0	3
505	1304	387.011463	2.65337314	303.323845	304.157884	303.323845	304.663338	0.958990417	0.23001657	0	23.9	0	0	3
506	1306	387.542766	2.65862734	303.31958	304.145206	303.31958	304.663338	0.960887581	0.23001657	0	23.9	0	0	3
507	1308	388.089211	2.66388155	303.315454	304.132097	303.315454	304.663338	0.963453892	0.23001657	0	23.8	0	0	3
508	1310	388.620592	2.66913575	303.311744	304.119293	303.311744	304.663338	0.965379273	0.23001657	0	23.8	0	0	3
509	1313	389.166984	2.67438996	303.308163	304.106074	303.308163	304.663338	0.967979463	0.23001657	0	23.7	0	0	3
510	1315	389.697999	2.67964416	303.304933	304.093187	303.304933	304.663338	0.969887528	0.23001657	0	23.7	0	0	3
511	1318	390.244287	2.68489837	303.301807	304.07986	303.301807	304.663338	0.972524464	0.23001657	0	23.6	0	0	3
512	1320	390.775418	2.69015257	303.298976	304.066871	303.298976	304.663338	0.974440283	0.23001657	0	23.6	0	0	3
513	1322	391.32169	2.69540677	303.296279	304.053443	303.296279	304.663338	0.977061252	0.23001657	0	23.5	0	0	3
514	1324	391.852824	2.70066098	303.293847	304.04035	303.293847	304.663338	0.978984272	0.23001657	0	23.4	0	0	3
515	1327	392.39915	2.70591518	303.29147	304.026822	303.29147	304.663338	0.98160224	0.23001657	0	23.4	0	0	3
516	1329	392.93001	2.71116939	303.289346	304.013629	303.289346	304.663338	0.9835336	0.23001657	0	23.3	0	0	3
517	1331	393.476329	2.71642359	303.287318	304.000009	303.287318	304.663338	0.986172423	0.23001657	0	23.3	0	0	3
518	1334	394.007406	2.7216778	303.285508	303.986747	303.285508	304.663338	0.988080632	0.23001657	0	23.2	0	0	3
519	1336	394.55359	2.726932	303.283768	303.97304	303.283768	304.663338	0.990741613	0.23001657	0	23.2	0	0	3
520	1338	395.084753	2.7321862	303.282217	303.959691	303.282217	304.663338	0.992645189	0.23001657	0	23.1	0	0	3
521	1341	395.630905	2.73744041	303.280718	303.945899	303.280718	304.663338	0.995280415	0.23001657	0	23.1	0	0	3
522	1343	396.161774	2.74269461	303.279384	303.932466	303.279384	304.663338	0.99718306	0.23001657	0	23	0	0	3
523	1345	396.708072	2.74794882	303.278071	303.918589	303.278071	304.663338	0.999814854	0.23001657	0	23	0	0	3
524	1348	397.239099	2.75320302	303.276925	303.905059	303.276925	304.663338	1.00173525	0.23001657	0	22.9	0	0	3
525	1350	397.78519	2.75845723	303.275841	303.89111	303.275841	304.663338	1.00436533	0.23001657	0	22.9	0	0	3
526	1352	398.316416	2.76371143	303.274904	303.877526	303.274904	304.663338	1.00625553	0.23001657	0	22.8	0	0	3
527	1354	398.862608	2.76896563	303.27399	303.863495	303.27399	304.663338	1.008898	0.23001657	0	22.7	0	0	3
528	1357	399.393465	2.77421984	303.273172	303.849848	303.273172	304.663338	1.0107767	0.23001657	0	22.7	0	0	3
529	1359	399.939735	2.77947404	303.272391	303.835741	303.272391	304.663338	1.01340671	0.23001657	0	22.6	0	0	3
530	1361	400.470671	2.78472825	303.271745	303.822014	303.271745	304.663338	1.01528086	0.23001657	0	22.6	0	0	3
531	1364	401.016618	2.78998245	303.271129	303.807839	303.271129	304.663338	1.01789303	0.23001657	0	22.5	0	0	3
532	1366	401.547725	2.79523665	303.270595	303.794017	303.270595	304.663338	1.01978506	0.23001657	0	22.5	0	0	3
533	1368	402.093823	2.80049086	303.270076	303.779775	303.270076	304.663338	1.0223979	0.23001657	0	22.4	0	0	3
534	1371	402.624535	2.80574506	303.26968	303.765923	303.26968	304.663338	1.02424365	0.23001657	0	22.4	0	0	3
535	1373	403.170578	2.81099927	303.269312	303.751607	303.269312	304.663338	1.02686818	0.23001657	0	22.3	0	0	3
536	1375	403.701382	2.81625347	303.268985	303.737695	303.268985	304.663338	1.02867676	0.23001657	0	22.3	0	0	3
537	1378	404.247116	2.82150768	303.268671	303.723315	303.268671	304.663338	1.0313176	0.23001657	0	22.3	0	0	3
538	1380	404.775981	2.82676188	303.268421	303.709339	303.268421	304.663338	1.03332196	0.23001657	0	22.2	0	0	3
