Iteration	CPUTime	PhysTime	Travels	Value	AvValue	MinValue	MaxValue	Delta	Criteria	PrevAvRefValue	Progress	CriteriaType	CriteriaVarType	CriteriaPercentage
1	29	0.0162367046	0.00525420424	298.153081	298.153081	298.153081	298.153081	0	0	0	0	0	0	3
2	31	0.0324781022	0.0105084085	298.15621	298.154646	298.153081	298.15621	0.00156456069	0	0	0	0	0	3
3	33	0.0487542881	0.0157626127	298.15938	298.156226	298.153081	298.15938	0.00314494935	0	0	0	0	0	3
4	36	0.0652875332	0.021016817	298.16262	298.157845	298.153081	298.16262	0.00476405199	0	0	0	0	0	3
5	38	0.0837201606	0.0262710212	298.166246	298.159695	298.153081	298.166246	0.00661371976	0	0	0	0	0	3
6	40	0.132420249	0.0315252254	298.175764	298.165605	298.153081	298.175764	0.0125233047	0	0	0	0	0	3
7	42	0.336429492	0.0367794297	298.213679	298.194757	298.153081	298.213679	0.0416756391	0	0	0	0	0	3
8	46	1.67553863	0.0420336339	298.406547	298.364022	298.153081	298.406547	0.210940828	0	0	0	0	0	3
9	50	10.7473596	0.0472878381	298.92333	298.836132	298.153081	298.92333	0.683050996	0	0	0	0	0	3
10	55	44.8039731	0.0525420424	299.401575	299.265939	298.153081	299.401575	1.11285769	0	0	0	0	0	3
11	58	45.6867102	0.0577962466	299.434438	299.269195	298.153081	299.434438	1.11611335	0	0	0	0	0	3
12	61	46.3795552	0.0630504509	299.459231	299.272034	298.153081	299.459231	1.11895221	0	0	0	0	0	3
13	64	46.8586132	0.0683046551	299.475712	299.274116	298.153081	299.475712	1.12103451	0	0	0	0	0	3
14	66	47.2647115	0.0735588593	299.489203	299.275964	298.153081	299.489203	1.12288254	0	0	0	0	0	3
15	69	47.6243691	0.0788130636	299.500811	299.277662	298.153081	299.500811	1.12458058	0	0	0	0	0	3
16	72	48.1363147	0.0840672678	299.516414	299.280201	298.153081	299.516414	1.12711979	0	0	0	0	0	3
17	74	48.6168349	0.0893214721	299.530451	299.282675	298.153081	299.530451	1.12959321	0	0	0	0	0	3
18	77	49.0827006	0.0945756763	299.543538	299.28515	298.153081	299.543538	1.13206918	0	0	0	0	0	3
19	79	49.5540243	0.0998298805	299.556246	299.287729	298.153081	299.556246	1.13464765	0	0	0	0	0	3
20	82	50.047109	0.105084085	299.568962	299.2905	298.153081	299.568962	1.13741847	0	0	0	0	0	3
21	85	50.8057684	0.110338289	299.586925	299.294926	298.153081	299.586925	1.14184486	0	0	0	0	0	3
22	87	51.5990821	0.115592493	299.604377	299.299684	298.153081	299.604377	1.14660253	0	0	0	0	0	3
23	90	52.4251184	0.120846697	299.621262	299.304751	298.153081	299.621262	1.15166948	0	0	0	0	0	3
24	93	53.2727271	0.126100902	299.637371	299.310043	298.153081	299.637371	1.15696171	0	0	0	0	0	3
25	95	54.130989	0.131355106	299.65256	299.315474	298.153081	299.65256	1.16239241	0	0	0	0	0	3
26	98	55.4182895	0.13660931	299.672639	299.32377	298.153081	299.672639	1.17068893	0	0	0	0	0	3
27	101	56.6950026	0.141863514	299.690732	299.332034	298.153081	299.690732	1.17895253	0	0	0	0	0	3
28	104	57.9460995	0.147117719	299.706997	299.34013	298.153081	299.706997	1.18704825	0	0	0	0	0	3
29	107	59.1662014	0.152371923	299.72165	299.347997	298.153081	299.72165	1.19491582	0	0	0	0	0	3
30	110	60.355004	0.157626127	299.75138	299.355943	298.153081	299.75138	1.20286119	0	0	0	0	0	3
31	113	61.8847727	0.162880331	299.835181	299.367789	298.153081	299.835181	1.21470779	0	0	0	0	0	3
32	116	63.379911	0.168134536	299.921084	299.380841	298.153081	299.921084	1.22776007	0	0	0	0	0	3
33	119	64.8470579	0.17338874	300.018447	299.395267	298.153081	300.018447	1.24218572	0	0	0	0	0	3
34	122	66.2896594	0.178642944	300.126604	299.411182	298.153081	300.126604	1.25810113	0	0	0	0	0	3
35	124	67.7108526	0.183897148	300.237756	299.428532	298.153081	300.237756	1.2754502	0	0	0	0	0	3
36	128	69.1116691	0.189151353	300.347434	299.447157	298.153081	300.347434	1.29407532	0	0	0	0	0	3
37	131	70.4936093	0.194405557	300.451569	299.466847	298.153081	300.451569	1.31376558	0	0	0	0	0	3
38	133	71.8566672	0.199659761	300.54879	299.48737	298.153081	300.54879	1.33428909	0	0	0	0	0	3
39	136	73.2023027	0.204913965	300.637906	299.50852	298.153081	300.637906	1.35543872	0	0	0	0	0	3
40	139	74.5301983	0.21016817	300.71929	299.530092	298.153081	300.71929	1.37701087	0	0	0	0	0	3
41	142	75.8411404	0.215422374	300.793474	299.55193	298.153081	300.793474	1.39884889	0	0	0	0	0	3
42	145	77.1354356	0.220676578	300.860321	299.573884	298.153081	300.860321	1.42080305	0	0	0	0	0	3
43	148	78.4134466	0.225930782	300.921091	299.595842	298.153081	300.921091	1.44276032	0	0	0	0	0	3
44	151	79.6755359	0.231184986	300.976116	299.617706	298.153081	300.976116	1.46462437	0	0	0	0	0	3
45	154	80.9223344	0.236439191	301.025917	299.639402	298.153081	301.025917	1.48632117	0	0	0	0	0	3
46	157	82.1541264	0.241693395	301.07115	299.66087	298.153081	301.07115	1.50778833	0	0	0	0	0	3
47	160	83.3718609	0.246947599	301.112388	299.682071	298.153081	301.112388	1.5289893	0	0	0	0	0	3
48	162	84.5752894	0.252201803	301.150119	299.70296	298.153081	301.150119	1.54987827	0	0	0	0	0	3
49	165	85.7659717	0.257456008	301.184804	299.723532	298.153081	301.184804	1.57045061	0	0	0	0	0	3
50	168	86.9434252	0.262710212	301.216826	299.743755	298.153081	301.216826	1.59067392	0	0	0	0	0	3
51	171	88.1093756	0.267964416	301.246504	299.763641	298.153081	301.246504	1.61055978	0	0	0	0	0	3
52	174	89.2629975	0.27321862	301.273998	299.783161	298.153081	301.273998	1.63007941	0	0	0	0	0	3
53	176	90.4060462	0.278472825	301.299629	299.802334	298.153081	301.299629	1.64925287	0	0	0	0	0	3
54	179	91.5377194	0.283727029	301.323593	299.821141	298.153081	301.323593	1.66806006	0	0	0	0	0	3
55	182	92.6598196	0.288981233	301.346102	299.839608	298.153081	301.346102	1.68652716	0	0	0	0	0	3
56	185	93.7715015	0.294235437	301.367286	299.857719	298.153081	301.367286	1.70463812	0	0	0	0	0	3
57	188	94.8744384	0.299489642	301.387254	299.875501	298.153081	301.387254	1.7224193	0	0	0	0	0	3
58	190	95.9676129	0.304743846	301.406151	299.892936	298.153081	301.406151	1.73985506	0	0	0	0	0	3
59	193	97.0527481	0.30999805	301.424096	299.910056	298.153081	301.424096	1.75697477	0	0	0	0	0	3
60	196	98.1287847	0.315252254	301.441133	299.926845	298.153081	301.441133	1.77376387	0	0	0	0	0	3
61	199	99.1976554	0.320506459	301.457424	299.943337	298.153081	301.457424	1.79025611	0	0	0	0	0	3
62	202	100.258183	0.325760663	301.473038	299.959519	298.153081	301.473038	1.80643723	0	0	0	0	0	3
63	204	101.311257	0.331014867	301.487986	299.975406	298.153081	301.487986	1.8223248	0	0	0	0	0	3
64	207	102.357164	0.336269071	301.502359	299.991009	298.153081	301.502359	1.83792753	0	0	0	0	0	3
65	210	103.395719	0.341523275	301.51623	300.006329	298.153081	301.51623	1.85324755	0	0	0	0	0	3
66	212	104.427781	0.34677748	301.529628	300.021384	298.153081	301.529628	1.86830235	0	0	0	0	0	3
67	215	105.453104	0.352031684	301.542544	300.036174	298.153081	301.542544	1.88309264	0	0	0	0	0	3
68	218	106.47211	0.357285888	301.555061	300.050711	298.153081	301.555061	1.89762934	0	0	0	0	0	3
69	221	107.484994	0.362540092	301.567206	300.065001	298.153081	301.567206	1.91192003	0	0	0	0	0	3
70	223	108.491859	0.367794297	301.579042	300.079052	298.153081	301.579042	1.92597117	0	0	0	0	0	3
71	226	109.493136	0.373048501	301.590557	300.092875	298.153081	301.590557	1.93979336	0	0	0	0	0	3
72	229	110.48873	0.378302705	301.601777	300.106471	298.153081	301.601777	1.95338981	0	0	0	0	0	3
73	231	111.478853	0.383556909	301.612718	300.119849	298.153081	301.612718	1.96676786	0	0	0	0	0	3
74	234	112.464077	0.388811114	301.623448	300.133021	298.153081	301.623448	1.97993991	0	0	0	0	0	3
75	237	113.443263	0.394065318	301.633936	300.145976	298.153081	301.633936	1.99289506	0	0	0	0	0	3
76	240	114.417958	0.399319522	301.644249	300.15874	298.153081	301.644249	2.00565842	0	0	0	0	0	3
77	242	115.386896	0.404573726	301.654326	300.171299	298.153081	301.654326	2.01821731	0	0	0	0	0	3
78	245	116.351776	0.409827931	301.664208	300.183679	298.153081	301.664208	2.03059769	0	0	0	0	0	3
79	248	117.311409	0.415082135	301.673972	300.19587	298.153081	301.673972	2.04278861	0	0	0	0	0	3
80	251	118.267444	0.420336339	301.683533	300.207896	298.153081	301.683533	2.05481439	0	0	0	0	0	3
81	253	119.218561	0.425590543	301.692942	300.219743	298.153081	301.692942	2.06666198	0	0	0	0	0	3
82	256	120.16619	0.430844748	301.709586	300.231492	298.153081	301.709586	2.07841086	0	0	0	0	0	3
83	258	121.109036	0.436098952	301.764689	300.243428	298.153081	301.764689	2.09034694	0	0	0	0	0	3
84	261	122.048265	0.441353156	301.823768	300.25559	298.153081	301.823768	2.10250853	0	0	0	0	0	3
85	264	122.983322	0.44660736	301.894329	300.268049	298.153081	301.894329	2.11496805	0	0	0	0	0	3
86	267	123.91461	0.451861564	301.975535	300.280882	298.153081	301.975535	2.12780078	0	0	0	0	0	3
87	270	124.842341	0.457115769	302.062535	300.294122	298.153081	302.062535	2.14104063	0	0	0	0	0	3
88	273	125.765674	0.462369973	302.152028	300.307762	298.153081	302.152028	2.1546808	0	0	0	0	0	3
89	276	126.685654	0.467624177	302.240525	300.321798	298.153081	302.240525	2.16871636	0	0	0	0	0	3
90	278	127.600797	0.472878381	302.326128	300.336173	298.153081	302.326128	2.18309127	0	0	0	0	0	3
91	281	128.512689	0.478132586	302.408132	300.350875	298.153081	302.408132	2.19779333	0	0	0	0	0	3
92	284	129.420043	0.48338679	302.485139	300.365838	298.153081	302.485139	2.2127565	0	0	0	0	0	3
93	286	130.32358	0.488640994	302.557453	300.381032	298.153081	302.557453	2.22795103	0	0	0	0	0	3
94	289	131.223462	0.493895198	302.625017	300.396421	298.153081	302.625017	2.24333944	0	0	0	0	0	3
95	292	132.118622	0.499149403	302.688044	300.411947	298.153081	302.688044	2.25886617	0	0	0	0	0	3
96	295	133.010281	0.504403607	302.746925	300.4276	298.153081	302.746925	2.27451913	0	0	0	0	0	3
97	298	133.897049	0.509657811	302.801806	300.443602	298.15621	302.801806	2.28895611	0	0	0	0	0	3
98	300	134.779986	0.514912015	302.85304	300.459666	298.15938	302.85304	2.30343934	0	0	0	0	0	3
99	303	135.658406	0.52016622	302.900893	300.475755	298.16262	302.900893	2.31790953	0	0	0	0	0	3
100	306	136.532588	0.525420424	302.945563	300.491856	298.166246	302.945563	2.33216119	0	0	0	0	0	3
101	309	137.403119	0.530674628	302.987376	300.507989	298.175764	302.987376	2.34238402	0	0	0	0	0	3
102	312	138.268708	0.535928832	303.02652	300.524592	298.213679	303.02652	2.32983553	0	0	0	0	0	3
103	314	139.130761	0.541183037	303.063256	300.543757	298.406547	303.063256	2.17973475	0	0	0	0	0	3
104	317	139.988093	0.546437241	303.097726	300.58028	298.92333	303.097726	1.74414733	0	0	0	0	0	3
105	320	140.842276	0.551691445	303.130226	300.712565	299.401575	303.130226	1.44662617	0	0	0	0	0	3
106	322	141.692186	0.556945649	303.16082	301.19486	299.434438	303.16082	1.92566547	0	0	0	0	0	3
107	325	142.53944	0.562199853	303.18974	301.228356	299.459231	303.18974	1.95632241	0	0	0	0	0	3
108	328	143.382779	0.567454058	303.217139	301.258282	299.475712	303.217139	1.98416642	0	0	0	0	0	3
109	330	144.223358	0.572708262	303.243127	301.284189	299.489203	303.243127	2.00822481	0	0	0	0	0	3
110	333	145.060041	0.577962466	303.267788	301.308613	299.500811	303.267788	2.03095109	0	0	0	0	0	3
111	335	145.892958	0.58321667	303.291269	301.332034	299.516414	303.291269	2.05183319	0	0	0	0	0	3
112	338	146.722343	0.588470875	303.313653	301.358134	299.530451	303.313653	2.07545904	0	0	0	0	0	3
113	341	147.548949	0.593725079	303.334999	301.383528	299.543538	303.334999	2.09837752	0	0	0	0	0	3
114	343	148.371499	0.598979283	303.355484	301.408498	299.556246	303.355484	2.12076885	0	0	0	0	0	3
115	346	149.191393	0.604233487	303.375081	301.433442	299.568962	303.375081	2.14294249	0	0	0	0	0	3
116	348	150.007513	0.609487692	303.394016	301.458646	299.586925	303.394016	2.16372017	0	0	0	0	0	3
117	351	150.821518	0.614741896	303.412228	301.488744	299.604377	303.412228	2.18906001	0	0	0	0	0	3
118	354	151.631739	0.6199961	303.42972	301.519409	299.621262	303.42972	2.21465819	0	0	0	0	0	3
119	356	152.440835	0.625250304	303.446681	301.550677	299.637371	303.446681	2.2406339	0	0	0	0	0	3
120	359	153.245536	0.630504509	303.463056	301.582292	299.65256	303.463056	2.26681807	0	0	0	0	0	3
121	361	154.049107	0.635758713	303.478957	301.614121	299.672639	303.478957	2.29035082	0	0	0	0	0	3
122	364	154.848083	0.641012917	303.494317	301.654366	299.690732	303.494317	2.3223317	0	0	0	0	0	3
123	367	155.646418	0.646267121	303.509349	301.694667	299.706997	303.509349	2.35453755	0	0	0	0	0	3
124	369	156.443696	0.651521326	303.52401	301.734722	299.72165	303.52401	2.38672439	0	0	0	0	0	3
125	372	157.240514	0.65677553	303.538316	301.774419	299.75138	303.538316	2.41847634	0	0	0	0	0	3
126	374	158.035365	0.662029734	303.552264	301.813507	299.835181	303.552264	2.44571761	0	0	0	0	0	3
127	377	158.827885	0.667283938	303.565842	301.85905	299.921084	303.565842	2.47820895	0	0	0	0	0	3
128	379	159.617132	0.672538143	303.579164	301.903265	300.018447	303.579164	2.50799824	0	0	0	0	0	3
129	382	160.404378	0.677792347	303.592186	301.946118	300.126604	303.592186	2.53493566	0	0	0	0	0	3
130	384	161.188516	0.683046551	303.604962	301.987484	300.237756	303.604962	2.5589527	0	0	0	0	0	3
131	387	161.97083	0.688300755	303.617495	302.027394	300.347434	303.617495	2.58023723	0	0	0	0	0	3
132	390	162.747933	0.693554959	303.629799	302.065825	300.451569	303.629799	2.59897813	0	0	0	0	0	3
133	392	163.535396	0.698809164	303.642055	302.103142	300.54879	303.642055	2.61577149	0	0	0	0	0	3
134	395	164.311637	0.704063368	303.654033	302.139079	300.637906	303.654033	2.63055866	0	0	0	0	0	3
135	397	165.092032	0.709317572	303.665931	302.174029	300.71929	303.665931	2.64393688	0	0	0	0	0	3
136	399	165.858274	0.714571776	303.677444	302.207794	300.793474	303.677444	2.65586417	0	0	0	0	0	3
137	402	166.639231	0.719825981	303.689013	302.240954	300.860321	303.689013	2.66706997	0	0	0	0	0	3
138	404	167.407477	0.725080185	303.700351	302.273169	300.921091	303.700351	2.67732779	0	0	0	0	0	3
139	407	168.182998	0.730334389	303.711647	302.304845	300.976116	303.711647	2.68713974	0	0	0	0	0	3
140	409	168.939097	0.735588593	303.722582	302.335641	301.025917	303.722582	2.69623853	0	0	0	0	0	3
141	412	169.71173	0.740842798	303.733645	302.366198	301.07115	303.733645	2.66249489	0	0	0	0	0	3
142	414	170.46465	0.746097002	303.744312	302.396011	301.112388	303.744312	2.63192379	0	0	0	0	0	3
143	417	171.233429	0.751351206	303.75514	302.425694	301.150119	303.75514	2.60502093	0	0	0	0	0	3
144	419	171.98159	0.75660541	303.765627	302.454726	301.184804	303.765627	2.58082328	0	0	0	0	0	3
145	422	172.746519	0.761859615	303.776255	302.483731	301.216826	303.776255	2.55942906	0	0	0	0	0	3
146	424	173.490658	0.767113819	303.786487	302.512169	301.246504	303.786487	2.53998275	0	0	0	0	0	3
147	426	174.251597	0.772368023	303.796994	302.540649	301.273998	303.796994	2.52299519	0	0	0	0	0	3
148	429	174.991797	0.777622227	303.807105	302.568629	301.299629	303.807105	2.50747596	0	0	0	0	0	3
149	431	175.748755	0.782876432	303.81733	302.596701	301.323593	303.81733	2.49373711	0	0	0	0	0	3
150	434	176.485066	0.788130636	303.827352	302.624328	301.346102	303.827352	2.48125067	0	0	0	0	0	3
151	436	177.237932	0.79338484	303.837493	302.652086	301.367286	303.837493	2.47020709	0	0	0	0	0	3
152	439	177.970544	0.798639044	303.847317	302.679448	301.387254	303.847317	2.46006351	0	0	0	0	0	3
153	441	178.7196	0.803893248	303.857246	302.706969	301.406151	303.857246	2.45109494	0	0	0	0	0	3
154	443	179.449263	0.809147453	303.867001	302.734142	301.424096	303.867001	2.44290552	0	0	0	0	0	3
155	446	180.194906	0.814401657	303.885645	302.761567	301.441133	303.885645	2.44451218	0	0	0	0	0	3
156	448	180.921696	0.819655861	303.931776	302.789001	301.457424	303.931776	2.47435212	0	0	0	0	0	3
157	451	181.664345	0.824910065	303.983068	302.817013	301.473038	303.983068	2.51002972	0	0	0	0	0	3
158	453	182.38801	0.83016427	304.043272	302.845172	301.487986	304.043272	2.55528582	0	0	0	0	0	3
159	456	183.127942	0.835418474	304.114325	302.874119	301.502359	304.114325	2.61196577	0	0	0	0	0	3
160	459	183.848217	0.840672678	304.190165	302.903357	301.51623	304.190165	2.67393541	0	0	0	0	0	3
161	461	184.585145	0.845926882	304.270188	302.933507	301.529628	304.270188	2.74055997	0	0	0	0	0	3
162	464	185.301945	0.851181087	304.348489	302.963963	301.542544	304.348489	2.80594497	0	0	0	0	0	3
163	466	186.035498	0.856435291	304.427707	302.995374	301.555061	304.427707	2.87264585	0	0	0	0	0	3
164	469	186.748391	0.861689495	304.50199	303.027037	301.567206	304.50199	2.93478472	0	0	0	0	0	3
165	471	187.478604	0.866943699	304.574964	303.059651	301.579042	304.574964	2.98059866	0	0	0	0	0	3
166	474	188.187669	0.872197904	304.64273	303.092442	301.590557	304.64273	2.99956715	0	0	0	0	0	3
167	476	188.914413	0.877452108	304.708791	303.126167	301.601777	304.708791	3.01969561	0	0	0	0	0	3
168	479	189.620192	0.882706312	304.769973	303.160007	301.612718	304.769973	3.04015793	0	0	0	0	0	3
169	481	190.343207	0.887960516	304.829412	303.194738	301.623448	304.829412	3.06171653	0	0	0	0	0	3
170	484	191.045551	0.893214721	304.884332	303.229539	301.633936	304.884332	3.08356283	0	0	0	0	0	3
171	487	191.765119	0.898468925	304.937594	303.26518	301.644249	304.937594	3.10644025	0	0	0	0	0	3
172	489	192.463852	0.903723129	304.98679	303.300837	301.654326	304.98679	3.12953807	0	0	0	0	0	3
173	491	193.180126	0.908977333	305.03458	303.337308	301.664208	305.03458	3.15362875	0	0	0	0	0	3
174	494	193.8754	0.914231537	305.078585	303.373748	301.673972	305.078585	3.17787841	0	0	0	0	0	3
175	496	194.588091	0.919485742	305.121306	303.410973	301.683533	305.121306	3.2030777	0	0	0	0	0	3
176	499	195.279719	0.924739946	305.16081	303.448133	301.692942	305.16081	3.22838952	0	0	0	0	0	3
177	501	195.989061	0.92999415	305.199246	303.486058	301.709586	305.199246	3.25456575	0	0	0	0	0	3
178	504	196.676677	0.935248354	305.234803	303.523777	301.764689	305.234803	3.2803487	0	0	0	0	0	3
179	506	197.382426	0.940502559	305.269502	303.561675	301.823768	305.269502	3.3060849	0	0	0	0	0	3
180	509	198.066794	0.945756763	305.301608	303.598811	301.894329	305.301608	3.33076169	0	0	0	0	0	3
181	511	198.768919	0.951010967	305.333071	303.635909	301.975535	305.333071	3.35502644	0	0	0	0	0	3
182	514	199.450243	0.956265171	305.362279	303.671951	302.062535	305.362279	3.29974396	0	0	0	0	0	3
183	517	200.149165	0.961519376	305.390639	303.707729	302.152028	305.390639	3.23861036	0	0	0	0	0	3
184	519	200.827531	0.96677358	305.417556	303.742318	302.240525	305.417556	3.17703073	0	0	0	0	0	3
185	521	201.523257	0.972027784	305.443609	303.776596	302.326128	305.443609	3.11748113	0	0	0	0	0	3
186	524	202.198439	0.977281988	305.468096	303.8097	302.408132	305.468096	3.05996429	0	0	0	0	0	3
187	526	202.89099	0.982536193	305.492335	303.84255	302.485139	305.492335	3.00719597	0	0	0	0	0	3
188	529	203.563001	0.987790397	305.514828	303.874319	302.557453	305.514828	2.9573746	0	0	0	0	0	3
189	531	204.252351	0.993044601	305.537146	303.905919	302.625017	305.537146	2.91212973	0	0	0	0	0	3
190	534	204.9211	0.998298805	305.558244	303.936553	302.688044	305.558244	2.87020061	0	0	0	0	0	3
191	536	205.607491	1.00355301	305.57892	303.967101	302.746925	305.57892	2.83199511	0.222586198	0	7.8	0	0	3
192	539	206.273191	1.00880721	305.598365	303.996773	302.801806	305.598365	2.79655922	0.223169564	0	7.9	0	0	3
193	541	206.956641	1.01406142	305.618127	304.026445	302.85304	305.618127	2.76508652	0.223465989	0	8	0	0	3
194	544	207.619536	1.01931562	305.63644	304.05532	302.900893	305.63644	2.73554762	0.22371553	0	8.1	0	0	3
195	546	208.299755	1.02456983	305.654763	304.084258	302.945563	305.654763	2.7092003	0.223950521	0	8.2	0	0	3
196	549	208.959801	1.02982403	305.672339	304.112474	302.987376	305.672339	2.68496288	0.224139867	0	8.3	0	0	3
197	551	209.636941	1.03507823	305.689621	304.140818	303.02652	305.689621	2.66310069	0.224162931	0	8.4	0	0	3
198	554	210.294379	1.04033244	305.706085	304.168497	303.063256	305.706085	2.6428282	0.223423387	0	8.4	0	0	3
199	556	210.968644	1.04558664	305.722789	304.196348	303.097726	305.722789	2.62506343	0.222586198	0	8.4	0	0	3
200	559	211.623549	1.05084085	305.738562	304.223596	303.130226	305.738562	2.60833545	0.222586198	0	8.5	0	0	3
201	562	212.295389	1.05609505	305.75426	304.251058	303.16082	305.75426	2.59344085	0.222586198	0	8.5	0	0	3
202	564	212.947526	1.06134926	305.769362	304.277958	303.18974	305.769362	2.57962136	0.222586198	0	8.6	0	0	3
203	567	213.61693	1.06660346	305.784634	304.30512	303.217139	305.784634	2.56749541	0.222586198	0	8.6	0	0	3
204	569	214.266368	1.07185766	305.798998	304.331751	303.243127	305.798998	2.55587154	0.222586198	0	8.7	0	0	3
205	572	214.933131	1.07711187	305.813722	304.358666	303.267788	305.813722	2.54593383	0.222586198	0	8.7	0	0	3
206	574	215.57996	1.08236607	305.827459	304.385081	303.291269	305.827459	2.53618989	0.222586198	0	8.7	0	0	3
207	576	216.244082	1.08762028	305.84162	304.411781	303.313653	305.84162	2.52796627	0.222586198	0	8.8	0	0	3
208	579	216.888495	1.09287448	305.855054	304.438017	303.334999	305.855054	2.52005469	0.222586198	0	8.8	0	0	3
209	581	217.550156	1.09812869	305.868868	304.464566	303.355484	305.868868	2.51338392	0.222586198	0	8.8	0	0	3
210	584	218.191919	1.10338289	305.88183	304.490659	303.375081	305.88183	2.5067487	0.222586198	0	8.8	0	0	3
211	586	218.851333	1.10863709	305.895213	304.517085	303.394016	305.895213	2.50119655	0.222586198	0	8.8	0	0	3
212	589	219.490515	1.1138913	305.907992	304.543071	303.412228	305.907992	2.49576417	0.222586198	0	8.9	0	0	3
213	591	220.147705	1.1191455	305.920663	304.569409	303.42972	305.920663	2.49094252	0.222586198	0	8.9	0	0	3
214	594	220.784634	1.12439971	305.933092	304.595322	303.446681	305.933092	2.48641123	0.222586198	0	8.9	0	0	3
215	596	221.439106	1.12965391	305.945962	304.621602	303.463056	305.945962	2.48290659	0.222586198	0	8.9	0	0	3
216	598	222.073834	1.13490812	305.957956	304.647471	303.478957	305.957956	2.4789995	0.222586198	0	8.9	0	0	3
217	601	222.725681	1.14016232	305.970288	304.673699	303.494317	305.970288	2.47597137	0.222586198	0	8.9	0	0	3
218	603	223.358369	1.14541652	305.982415	304.699539	303.509349	305.982415	2.47306532	0.222586198	0	9	0	0	3
219	606	224.007905	1.15067073	305.994556	304.725743	303.52401	305.994556	2.47054554	0.222586198	0	9	0	0	3
220	608	224.638372	1.15592493	306.006378	304.751632	303.538316	306.006378	2.46806168	0.222586198	0	9	0	0	3
221	611	225.285751	1.16117914	306.018321	304.777892	303.552264	306.018321	2.46605635	0.222586198	0	9	0	0	3
222	613	225.913901	1.16643334	306.029837	304.803829	303.565842	306.029837	2.46399487	0.222586198	0	9	0	0	3
223	616	226.559322	1.17168755	306.041318	304.830107	303.579164	306.041318	2.46215423	0.222586198	0	9	0	0	3
224	618	227.185205	1.17694175	306.052685	304.856044	303.592186	306.052685	2.46049911	0.222586198	0	9	0	0	3
225	620	227.828458	1.18219595	306.064383	304.882329	303.604962	306.064383	2.4594205	0.222586198	0	9	0	0	3
226	623	228.452279	1.18745016	306.075356	304.908284	303.617495	306.075356	2.45786042	0.222586198	0	9	0	0	3
227	625	229.093319	1.19270436	306.086495	304.934581	303.629799	306.086495	2.45669523	0.222586198	0	9	0	0	3
228	628	229.715262	1.19795857	306.09794	304.960526	303.642055	306.09794	2.45588507	0.222586198	0	9	0	0	3
229	630	230.353941	1.20321277	306.109252	304.987044	303.654033	306.109252	2.45521918	0.222586198	0	9	0	0	3
230	632	230.973836	1.20846697	306.119917	305.013101	303.665931	306.119917	2.45398676	0.222586198	0	9	0	0	3
231	635	231.610483	1.21372118	306.131362	305.039609	303.677444	306.131362	2.45391756	0.222586198	0	9	0	0	3
232	637	232.228511	1.21897538	306.141791	305.065598	303.689013	306.141791	2.45277726	0.222586198	0	9	0	0	3
233	640	232.863238	1.22422959	306.152346	305.092248	303.700351	306.152346	2.4519952	0.222586198	0	9	0	0	3
234	642	233.479548	1.22948379	306.163671	305.118426	303.711647	306.163671	2.45202444	0.222586198	0	9	0	0	3
235	645	234.112221	1.234738	306.17462	305.145109	303.722582	306.17462	2.45203762	0.222586198	0	9	0	0	3
236	647	234.726528	1.2399922	306.18499	305.171169	303.733645	306.18499	2.45134502	0.222586198	0	9	0	0	3
237	649	235.357203	1.2452464	306.195943	305.197933	303.744312	306.195943	2.4516309	0.222586198	0	9	0	0	3
238	652	235.969665	1.25050061	306.206312	305.22407	303.75514	306.206312	2.45117173	0.222586198	0	9	0	0	3
239	654	236.598192	1.25575481	306.216815	305.250892	303.765627	306.216815	2.45118735	0.222586198	0	9	0	0	3
240	657	237.208788	1.26100902	306.227604	305.277071	303.776255	306.227604	2.45134903	0.222586198	0	9	0	0	3
241	659	237.835358	1.26626322	306.237894	305.303958	303.786487	306.237894	2.45140677	0.222586198	0	9	0	0	3
242	661	238.444025	1.27151743	306.246621	305.330177	303.796994	306.246621	2.44962748	0.222586198	0	9	0	0	3
243	664	239.068774	1.27677163	306.258883	305.357127	303.807105	306.258883	2.4517781	0.222586198	0	9	0	0	3
244	666	239.675689	1.28202583	306.26914	305.383422	303.81733	306.26914	2.4518102	0.222586198	0	9	0	0	3
245	669	240.298631	1.28728004	306.264928	305.410294	303.827352	306.26914	2.44178751	0.222586198	0	9.1	0	0	3
246	671	240.903761	1.29253424	306.242134	305.436201	303.837493	306.26914	2.43164697	0.222586198	0	9.1	0	0	3
247	674	241.524949	1.29778845	306.212957	305.46243	303.847317	306.26914	2.42182272	0.222586198	0	9.1	0	0	3
248	676	242.128416	1.30304265	306.1773	305.487596	303.857246	306.26914	2.41189413	0.222586198	0	9.2	0	0	3
249	679	242.748015	1.30829686	306.131207	305.512898	303.867001	306.26914	2.40213864	0.222586198	0	9.2	0	0	3
250	681	243.349732	1.31355106	306.080784	305.537039	303.885645	306.26914	2.38349489	0.222586198	0	9.3	0	0	3
251	684	243.967796	1.31880526	306.02555	305.561082	303.931776	306.26914	2.33736362	0.222586198	0	9.5	0	0	3
252	686	244.567764	1.32405947	305.976045	305.583599	303.983068	306.26914	2.28607188	0.222586198	0	9.7	0	0	3
253	689	245.184859	1.32931367	305.923474	305.605614	304.043272	306.26914	2.2258682	0.222586198	0	9.9	0	0	3
254	691	245.783159	1.33456788	305.872899	305.625971	304.114325	306.26914	2.15481469	0.222586198	0	10.3	0	0	3
255	694	246.399695	1.33982208	305.822823	305.645567	304.190165	306.26914	2.07897464	0.222586198	0	10.7	0	0	3
256	696	246.9964	1.34507629	305.779987	305.663437	304.270188	306.26914	1.99895205	0.222586198	0	11.1	0	0	3
257	699	247.612088	1.35033049	305.737463	305.680451	304.348489	306.26914	1.920651	0.222586198	0	11.5	0	0	3
258	701	248.207087	1.35558469	305.69735	305.695788	304.427707	306.26914	1.84143319	0.222586198	0	12	0	0	3
259	704	248.821689	1.3608389	305.658174	305.710235	304.50199	306.26914	1.76714944	0.222586198	0	12.5	0	0	3
260	706	249.41572	1.3660931	305.625634	305.723178	304.574964	306.26914	1.69417563	0.222586198	0	13.1	0	0	3
261	709	250.029162	1.37134731	305.593498	305.735311	304.64273	306.26914	1.62641002	0.222586198	0	13.6	0	0	3
262	711	250.621859	1.37660151	305.563845	305.746091	304.708791	306.26914	1.5603488	0.222586198	0	14.2	0	0	3
263	714	251.234262	1.38185571	305.534275	305.756106	304.769973	306.26914	1.49916723	0.222586198	0	14.8	0	0	3
264	716	251.828142	1.38710992	305.507655	305.764923	304.829412	306.26914	1.43972774	0.222586198	0	15.4	0	0	3
265	719	252.439574	1.39236412	305.486721	305.773076	304.884332	306.26914	1.38480755	0.222586198	0	16	0	0	3
266	721	253.033342	1.39761833	305.46556	305.7802	304.937594	306.26914	1.33154613	0.222586198	0	16.7	0	0	3
267	724	253.643952	1.40287253	305.444945	305.78669	304.98679	306.26914	1.28234997	0.222586198	0	17.3	0	0	3
268	726	254.235578	1.40812674	305.425237	305.792276	305.03458	306.26914	1.23456014	0.222586198	0	18	0	0	3
269	729	254.845577	1.41338094	305.407824	305.797274	305.078585	306.26914	1.19055462	0.222586198	0	18.6	0	0	3
270	731	255.435307	1.41863514	305.395957	305.801547	305.121306	306.26914	1.14783396	0.222586198	0	19.3	0	0	3
271	734	256.044616	1.42388935	305.382376	305.80528	305.16081	306.26914	1.10832955	0.222586198	0	20	0	0	3
272	736	256.63481	1.42914355	305.369443	305.808352	305.199246	306.26914	1.0698941	0.222586198	0	20.8	0	0	3
273	739	257.24339	1.43439776	305.356203	305.810913	305.234803	306.26914	1.03433702	0.222586198	0	21.5	0	0	3
274	741	257.833535	1.43965196	305.345957	305.812904	305.269502	306.26914	0.999637559	0.222586198	0	22.2	0	0	3
275	744	258.441225	1.44490617	305.339834	305.814477	305.301608	306.26914	0.967531415	0.222586198	0	23	0	0	3
276	746	259.030098	1.45016037	305.332244	305.815576	305.332244	306.26914	0.936896382	0.222586198	0	23.7	0	0	3
277	748	259.636298	1.45541457	305.324696	305.816253	305.324696	306.26914	0.944444355	0.222586198	0	23.5	0	0	3
278	751	260.222841	1.46066878	305.316814	305.816522	305.316814	306.26914	0.952326087	0.222586198	0	23.3	0	0	3
279	753	260.828128	1.46592298	305.310779	305.816383	305.310779	306.26914	0.958361334	0.222586198	0	23.2	0	0	3
280	756	261.414697	1.47117719	305.309236	305.815939	305.309236	306.26914	0.959903558	0.222586198	0	23.1	0	0	3
281	758	262.019333	1.47643139	305.305524	305.815119	305.305524	306.26914	0.963615942	0.222586198	0	23	0	0	3
282	761	262.605403	1.4816856	305.301114	305.814011	305.301114	306.26914	0.968025703	0.222586198	0	22.9	0	0	3
283	763	263.208977	1.4869398	305.296949	305.81253	305.296949	306.26914	0.972190816	0.222586198	0	22.8	0	0	3
284	765	263.795253	1.492194	305.294955	305.810814	305.294955	306.26914	0.974185005	0.222586198	0	22.8	0	0	3
285	768	264.39756	1.49744821	305.296331	305.808798	305.294955	306.26914	0.974185005	0.222586198	0	22.8	0	0	3
286	770	264.98103	1.50270241	305.295625	305.806603	305.294955	306.26914	0.974185005	0.222586198	0	22.8	0	0	3
287	773	265.582259	1.50795662	305.294311	305.804073	305.294311	306.26914	0.974828667	0.222586198	0	22.8	0	0	3
288	775	266.163879	1.51321082	305.292968	305.801396	305.292968	306.26914	0.976171616	0.222586198	0	22.8	0	0	3
289	777	266.764428	1.51846502	305.292839	305.798384	305.292839	306.26914	0.976300741	0.222586198	0	22.7	0	0	3
290	780	267.346126	1.52371923	305.2963	305.795291	305.292839	306.26914	0.976300741	0.222586198	0	22.7	0	0	3
291	782	267.945797	1.52897343	305.29761	305.79189	305.292839	306.26914	0.976300741	0.222586198	0	22.7	0	0	3
292	785	268.527045	1.53422764	305.298171	305.788397	305.292839	306.26914	0.976300741	0.222586198	0	22.7	0	0	3
293	787	269.125456	1.53948184	305.298062	305.784589	305.292839	306.26914	0.976300741	0.222586198	0	22.7	0	0	3
294	790	269.70695	1.54473605	305.29983	305.780713	305.292839	306.26914	0.976300741	0.222586198	0	22.7	0	0	3
295	792	270.304368	1.54999025	305.305178	305.776584	305.292839	306.26914	0.976300741	0.222586198	0	22.7	0	0	3
296	794	270.883235	1.55524445	305.30788	305.772425	305.292839	306.26914	0.976300741	0.222586198	0	22.7	0	0	3
297	797	271.479687	1.56049866	305.309589	305.767967	305.292839	306.26914	0.976300741	0.222586198	0	22.7	0	0	3
298	800	272.058616	1.56575286	305.310839	305.763475	305.292839	306.26914	0.976300741	0.222586198	0	22.7	0	0	3
299	802	272.654112	1.57100707	305.313829	305.758699	305.292839	306.26914	0.976300741	0.222586198	0	22.7	0	0	3
300	804	273.231767	1.57626127	305.320165	305.753959	305.292839	306.26914	0.976300741	0.222586198	0	22.7	0	0	3
301	808	273.826268	1.58151548	305.323986	305.748942	305.292839	306.26914	0.976300741	0.222586198	0	22.7	0	0	3
302	810	274.403918	1.58676968	305.326597	305.743932	305.292839	306.26914	0.976300741	0.222586198	0	22.7	0	0	3
303	812	274.997369	1.59202388	305.328747	305.738634	305.292839	306.26914	0.976300741	0.222586198	0	22.7	0	0	3
304	815	275.572247	1.59727809	305.332808	305.73338	305.292839	306.26914	0.976300741	0.222586198	0	22.7	0	0	3
305	817	276.165263	1.60253229	305.339856	305.727869	305.292839	306.26914	0.976300741	0.222586198	0	22.7	0	0	3
306	820	276.740921	1.6077865	305.344269	305.72241	305.292839	306.26914	0.976300741	0.222586198	0	22.7	0	0	3
307	822	277.333104	1.6130407	305.347419	305.716664	305.292839	306.26914	0.976300741	0.222586198	0	22.7	0	0	3
308	824	277.907029	1.61829491	305.350223	305.710971	305.292839	306.26914	0.976300741	0.222586198	0	22.7	0	0	3
309	827	278.498155	1.62354911	305.354731	305.705	305.292839	306.26914	0.976300741	0.222586198	0	22.7	0	0	3
310	829	279.072202	1.62880331	305.362585	305.699135	305.292839	306.26914	0.976300741	0.222586198	0	22.7	0	0	3
311	832	279.66218	1.63405752	305.367672	305.693002	305.292839	306.26914	0.976300741	0.222586198	0	22.7	0	0	3
312	834	280.233785	1.63931172	305.371124	305.686947	305.292839	306.26914	0.976300741	0.222586198	0	22.7	0	0	3
313	837	280.822933	1.64456593	305.374523	305.6806	305.292839	306.26914	0.976300741	0.222586198	0	22.7	0	0	3
314	839	281.395206	1.64982013	305.379585	305.674341	305.292839	306.26914	0.976300741	0.222586198	0	22.7	0	0	3
315	841	281.983653	1.65507434	305.38769	305.667844	305.292839	306.26914	0.976300741	0.222586198	0	22.7	0	0	3
316	844	282.555151	1.66032854	305.393064	305.661448	305.292839	306.26914	0.976300741	0.222586198	0	22.7	0	0	3
317	847	283.142924	1.66558274	305.397208	305.65477	305.292839	306.26914	0.976300741	0.222586198	0	22.7	0	0	3
318	851	283.713708	1.67083695	305.400689	305.648185	305.292839	306.26914	0.976300741	0.222586198	0	22.7	0	0	3
319	855	284.300545	1.67609115	305.406258	305.641332	305.292839	306.26914	0.96047869	0.222586198	0	23.1	0	0	3
320	858	284.868435	1.68134536	305.414372	305.634634	305.292839	306.26914	0.934193789	0.222586198	0	23.8	0	0	3
321	860	285.45431	1.68659956	305.420194	305.627657	305.292839	306.26914	0.908238272	0.222586198	0	24.5	0	0	3
322	863	286.023159	1.69185376	305.424463	305.620798	305.292839	306.26914	0.881941831	0.222586198	0	25.2	0	0	3
323	865	286.608424	1.69710797	305.428817	305.613654	305.292839	306.26914	0.855996456	0.222586198	0	26	0	0	3
324	868	287.176652	1.70236217	305.433875	305.606634	305.292839	306.26914	0.829478163	0.222586198	0	26.8	0	0	3
325	870	287.761304	1.70761638	305.442288	305.599369	305.292839	306.26914	0.803421416	0.222586198	0	27.7	0	0	3
326	872	288.328513	1.71287058	305.448072	305.592246	305.292839	306.26914	0.776913513	0.222586198	0	28.6	0	0	3
327	875	288.912405	1.71812479	305.452652	305.584834	305.292839	306.26914	0.750924064	0.222586198	0	29.6	0	0	3
328	877	289.47708	1.72337899	305.456453	305.577555	305.292839	306.26914	0.724274476	0.222586198	0	30.7	0	0	3
329	880	290.060399	1.72863319	305.462004	305.569998	305.292839	306.26914	0.698096285	0.222586198	0	31.8	0	0	3
330	882	290.625968	1.7338874	305.470742	305.562613	305.292839	306.26914	0.671412934	0.222586198	0	33.1	0	0	3
331	884	291.208334	1.7391416	305.47683	305.554957	305.292839	306.26914	0.645353596	0.222586198	0	34.4	0	0	3
332	887	291.772902	1.74439581	305.481454	305.547445	305.292839	306.26914	0.618588956	0.222586198	0	35.9	0	0	3
333	889	292.354136	1.74965001	305.485437	305.539637	305.292839	306.26914	0.592452724	0.222586198	0	37.5	0	0	3
334	892	292.918126	1.75490422	305.491253	305.531988	305.292839	306.26914	0.565630173	0.222586198	0	39.3	0	0	3
335	894	293.498571	1.76015842	305.500027	305.524097	305.292839	306.26914	0.539451011	0.222586198	0	41.2	0	0	3
336	896	294.061683	1.76541262	305.505979	305.516362	305.292839	306.26914	0.512564053	0.222586198	0	43.4	0	0	3
337	899	294.641015	1.77066683	305.510607	305.508345	305.292839	306.26914	0.486345592	0.222586198	0	45.7	0	0	3
338	901	295.203062	1.77592103	305.514668	305.50049	305.292839	306.26914	0.459394921	0.222586198	0	48.4	0	0	3
339	903	295.781525	1.78117524	305.520686	305.492342	305.292839	306.26914	0.433100249	0.222586198	0	51.3	0	0	3
340	906	296.342865	1.78642944	305.529367	305.484389	305.292839	306.264928	0.406228113	0.222586198	0	54.7	0	0	3
341	908	296.92058	1.79168365	305.535621	305.476324	305.292839	306.242134	0.380320907	0.222586198	0	58.5	0	0	3
342	910	297.481028	1.79693785	305.539649	305.468761	305.292839	306.212957	0.354092834	0.222586198	0	62.8	0	0	3
343	913	298.057665	1.80219205	305.544298	305.461354	305.292839	306.1773	0.355168465	0.222586198	0	62.6	0	0	3
344	915	298.617143	1.80744626	305.551234	305.454596	305.292839	306.131207	0.3619267	0.222586198	0	61.5	0	0	3
345	918	299.194285	1.81270046	305.559243	305.448239	305.292839	306.080784	0.368283742	0.222586198	0	60.4	0	0	3
346	920	299.751495	1.81795467	305.56511	305.442645	305.292839	306.02555	0.373877378	0.222586198	0	59.5	0	0	3
347	923	300.327288	1.82320887	305.552449	305.437374	305.292839	305.976045	0.379147972	0.222586198	0	58.7	0	0	3
348	925	300.885475	1.82846307	305.526409	305.432518	305.292839	305.923474	0.384004127	0.222586198	0	57.9	0	0	3
349	928	301.460325	1.83371728	305.497951	305.427803	305.292839	305.872899	0.388719351	0.222586198	0	57.2	0	0	3
350	930	302.017737	1.83897148	305.458744	305.423374	305.292839	305.822823	0.393148197	0.222586198	0	56.6	0	0	3
351	933	302.591764	1.84422569	305.409109	305.418846	305.292839	305.779987	0.397676656	0.222586198	0	55.9	0	0	3
352	935	303.148727	1.84947989	305.356529	305.41439	305.292839	305.737463	0.402132452	0.222586198	0	55.3	0	0	3
353	938	303.721981	1.8547341	305.304104	305.409718	305.292839	305.69735	0.404510843	0.222586198	0	55	0	0	3
354	940	304.277983	1.8599883	305.250895	305.405091	305.250895	305.658174	0.4072795	0.222586198	0	54.6	0	0	3
355	943	304.85021	1.8652425	305.194847	305.400168	305.194847	305.625634	0.416354809	0.222586198	0	53.4	0	0	3
356	945	305.40537	1.87049671	305.141818	305.395214	305.141818	305.593498	0.421308562	0.222586198	0	52.8	0	0	3
357	948	305.976981	1.87575091	305.090837	305.38993	305.090837	305.56511	0.426592436	0.222586198	0	52.1	0	0	3
358	950	306.531555	1.88100512	305.046478	305.38468	305.046478	305.56511	0.431842843	0.222586198	0	51.5	0	0	3
359	953	307.102389	1.88625932	305.000772	305.379117	305.000772	305.56511	0.437405232	0.222586198	0	50.8	0	0	3
360	955	307.656073	1.89151353	304.956957	305.373563	304.956957	305.56511	0.442959433	0.222586198	0	50.2	0	0	3
361	958	308.226113	1.89676773	304.915132	305.367638	304.915132	305.56511	0.448884021	0.222586198	0	49.5	0	0	3
362	960	308.779346	1.90202193	304.879973	305.361756	304.879973	305.56511	0.454766685	0.222586198	0	48.9	0	0	3
363	963	309.349214	1.90727614	304.845145	305.355559	304.845145	305.56511	0.460963514	0.222586198	0	48.2	0	0	3
364	965	309.902291	1.91253034	304.810649	305.349404	304.810649	305.56511	0.467118005	0.222586198	0	47.6	0	0	3
365	968	310.471763	1.91778455	304.778219	305.342916	304.778219	305.56511	0.47360614	0.222586198	0	46.9	0	0	3
366	970	311.024078	1.92303875	304.752206	305.336484	304.752206	305.56511	0.480037979	0.222586198	0	46.3	0	0	3
367	972	311.592654	1.92829296	304.72512	305.329723	304.72512	305.56511	0.48679913	0.222586198	0	45.7	0	0	3
368	975	312.144263	1.93354716	304.698146	305.323025	304.698146	305.56511	0.493497574	0.222586198	0	45.1	0	0	3
369	978	312.712461	1.93880136	304.673291	305.316005	304.673291	305.56511	0.500517138	0.222586198	0	44.4	0	0	3
370	981	313.26391	1.94405557	304.654402	305.309104	304.654402	305.56511	0.507417984	0.222586198	0	43.8	0	0	3
371	983	313.831916	1.94930977	304.633907	305.301843	304.633907	305.56511	0.514678953	0.222586198	0	43.2	0	0	3
372	985	314.3829	1.95456398	304.613132	305.294665	304.613132	305.56511	0.521857824	0.222586198	0	42.6	0	0	3
373	988	314.950246	1.95981818	304.594172	305.287151	304.594172	305.56511	0.529371776	0.222586198	0	42	0	0	3
374	990	315.500549	1.96507239	304.581103	305.279807	304.581103	305.56511	0.536575975	0.222586198	0	41.4	0	0	3
375	993	316.067347	1.97032659	304.56573	305.272141	304.56573	305.56511	0.543797927	0.222586198	0	40.9	0	0	3
376	995	316.617253	1.97558079	304.549796	305.264551	304.549796	305.56511	0.550568321	0.222586198	0	40.4	0	0	3
377	998	317.183679	1.980835	304.535581	305.256617	304.535581	305.56511	0.557394314	0.222586198	0	39.9	0	0	3
378	1000	317.733092	1.9860892	304.52675	305.24887	304.52675	305.56511	0.56366076	0.222586198	0	39.4	0	0	3
379	1002	318.298958	1.99134341	304.515594	305.240811	304.515594	305.56511	0.570003085	0.222586198	0	39	0	0	3
380	1005	318.847874	1.99659761	304.503705	305.232885	304.503705	305.56511	0.575913648	0.222586198	0	38.6	0	0	3
381	1007	319.413385	2.00185181	304.492908	305.224584	304.492908	305.56511	0.582018992	0.222586198	0	38.2	0	0	3
382	1009	319.962064	2.00710602	304.487308	305.216472	304.487308	305.56511	0.587600665	0.222586198	0	37.8	0	0	3
383	1012	320.527309	2.01236022	304.479537	305.208039	304.479537	305.56511	0.593356568	0.222586198	0	37.5	0	0	3
384	1014	321.075651	2.01761443	304.470552	305.199775	304.470552	305.56511	0.598608305	0.222586198	0	37.1	0	0	3
385	1017	321.640539	2.02286863	304.462649	305.191169	304.462649	305.56511	0.604122058	0.222586198	0	36.8	0	0	3
386	1019	322.188637	2.02812284	304.459206	305.182739	304.459206	305.56511	0.609151428	0.222586198	0	36.5	0	0	3
387	1021	322.753339	2.03337704	304.454182	305.173975	304.454182	305.56511	0.614421954	0.222586198	0	36.2	0	0	3
388	1024	323.301187	2.03863124	304.447816	305.165394	304.447816	305.56511	0.619194803	0.222586198	0	35.9	0	0	3
389	1026	323.865446	2.04388545	304.442021	305.156487	304.442021	305.56511	0.624225804	0.222586198	0	35.6	0	0	3
390	1028	324.412621	2.04913965	304.440175	305.147799	304.440175	305.56511	0.628784457	0.222586198	0	35.3	0	0	3
391	1031	324.976183	2.05439386	304.437523	305.138758	304.437523	305.56511	0.63366753	0.222586198	0	35.1	0	0	3
392	1033	325.522837	2.05964806	304.433548	305.129911	304.433548	305.56511	0.638056482	0.222586198	0	34.8	0	0	3
393	1035	326.086185	2.06490227	304.42891	305.120716	304.42891	305.56511	0.642758484	0.222586198	0	34.6	0	0	3
394	1038	326.632823	2.07015647	304.426223	305.111743	304.426223	305.56511	0.64695625	0.222586198	0	34.4	0	0	3
395	1040	327.19596	2.07541067	304.427264	305.102469	304.426223	305.56511	0.651489843	0.222586198	0	34.1	0	0	3
396	1042	327.742325	2.08066488	304.425831	305.093381	304.425831	305.56511	0.655561803	0.222586198	0	33.9	0	0	3
397	1045	328.304155	2.08591908	304.422644	305.083947	304.422644	305.56511	0.659984854	0.222586198	0	33.7	0	0	3
398	1047	328.847924	2.09117329	304.420232	305.074743	304.420232	305.56511	0.663890454	0.222586198	0	33.5	0	0	3
399	1049	329.408894	2.09642749	304.421232	305.065235	304.420232	305.56511	0.668144383	0.222586198	0	33.3	0	0	3
400	1052	329.952171	2.1016817	304.421536	305.055976	304.420232	305.56511	0.671893091	0.222586198	0	33.1	0	0	3
401	1055	330.512675	2.1069359	304.419155	305.04631	304.419155	305.56511	0.676099274	0.222586198	0	32.9	0	0	3
402	1058	331.057441	2.1121901	304.418126	305.036852	304.418126	305.56511	0.679811881	0.222586198	0	32.7	0	0	3
403	1060	331.61732	2.11744431	304.417896	305.027081	304.417896	305.56511	0.683890004	0.222586198	0	32.5	0	0	3
404	1062	332.161801	2.12269851	304.421149	305.017581	304.417896	305.56511	0.687418567	0.222586198	0	32.3	0	0	3
405	1065	332.720881	2.12795272	304.421705	305.007762	304.417896	305.56511	0.691373349	0.222586198	0	32.1	0	0	3
406	1067	333.262984	2.13320692	304.421039	304.998134	304.417896	305.56511	0.694868091	0.222586198	0	32	0	0	3
407	1070	333.821712	2.13846112	304.41999	304.988144	304.417896	305.56511	0.698802894	0.222586198	0	31.8	0	0	3
408	1072	334.36275	2.14371533	304.420542	304.978426	304.417896	305.56511	0.702173282	0.222586198	0	31.6	0	0	3
409	1074	334.921078	2.14896953	304.424633	304.968397	304.417896	305.56511	0.705944041	0.222586198	0	31.5	0	0	3
410	1077	335.462474	2.15422374	304.42583	304.958612	304.417896	305.56511	0.709232156	0.222586198	0	31.3	0	0	3
411	1079	336.020202	2.15947794	304.425136	304.948433	304.417896	305.56511	0.713014297	0.222586198	0	31.2	0	0	3
412	1081	336.562652	2.16473215	304.425337	304.938474	304.417896	305.56511	0.716295695	0.222586198	0	31	0	0	3
413	1084	337.119663	2.16998635	304.42932	304.928225	304.417896	305.56511	0.719960016	0.222586198	0	30.9	0	0	3
414	1086	337.659578	2.17524055	304.43128	304.918252	304.417896	305.56511	0.723079519	0.222586198	0	30.7	0	0	3
415	1088	338.216552	2.18049476	304.430903	304.907906	304.417896	305.56511	0.726727876	0.222586198	0	30.6	0	0	3
416	1091	338.75599	2.18574896	304.4317	304.897802	304.417896	305.56511	0.729854978	0.222586198	0	30.4	0	0	3
417	1093	339.312621	2.19100317	304.436498	304.887351	304.417896	305.56511	0.733446366	0.222586198	0	30.3	0	0	3
418	1095	339.85252	2.19625737	304.438433	304.877173	304.417896	305.56511	0.736480911	0.222586198	0	30.2	0	0	3
419	1098	340.40888	2.20151158	304.438362	304.866634	304.417896	305.56511	0.740000194	0.222586198	0	30	0	0	3
420	1100	340.949576	2.20676578	304.439368	304.856344	304.417896	305.56511	0.743025002	0.222586198	0	29.9	0	0	3
421	1102	341.505336	2.21201998	304.444383	304.845709	304.417896	305.56511	0.746536806	0.222586198	0	29.8	0	0	3
422	1105	342.043648	2.21727419	304.44662	304.835349	304.417896	305.56511	0.749484797	0.222586198	0	29.6	0	0	3
423	1107	342.599169	2.22252839	304.446847	304.824615	304.417896	305.56511	0.752939607	0.222586198	0	29.5	0	0	3
424	1109	343.13728	2.2277826	304.447993	304.81419	304.417896	305.56511	0.755808369	0.222586198	0	29.4	0	0	3
425	1112	343.692422	2.2330368	304.452825	304.803403	304.417896	305.56511	0.759209743	0.222586198	0	29.3	0	0	3
426	1114	344.230839	2.23829101	304.455456	304.792868	304.417896	305.56511	0.762088956	0.222586198	0	29.2	0	0	3
427	1117	344.785697	2.24354521	304.455616	304.781941	304.417896	305.56511	0.765504056	0.222586198	0	29	0	0	3
428	1119	345.324994	2.24879941	304.457295	304.771297	304.417896	305.56511	0.768339954	0.222586198	0	28.9	0	0	3
429	1121	345.879119	2.25405362	304.462757	304.760348	304.417896	305.56511	0.771640045	0.222586198	0	28.8	0	0	3
430	1124	346.416312	2.25930782	304.465395	304.749681	304.417896	305.56511	0.774416422	0.222586198	0	28.7	0	0	3
431	1126	346.970339	2.26456203	304.466002	304.738596	304.417896	305.56511	0.777765742	0.222586198	0	28.6	0	0	3
432	1128	347.506922	2.26981623	304.467422	304.727788	304.417896	305.56511	0.78055638	0.222586198	0	28.5	0	0	3
433	1131	348.060686	2.27507044	304.472378	304.716651	304.417896	305.56511	0.783839189	0.222586198	0	28.3	0	0	3
434	1133	348.597483	2.28032464	304.475511	304.705827	304.417896	305.56511	0.786515177	0.222586198	0	28.3	0	0	3
435	1135	349.150842	2.28557884	304.476139	304.694613	304.417896	305.56511	0.789775982	0.222586198	0	28.1	0	0	3
436	1138	349.688922	2.29083305	304.477961	304.683644	304.417896	305.56511	0.792680471	0.222586198	0	28	0	0	3
437	1140	350.241622	2.29608725	304.483899	304.672342	304.417896	305.56511	0.796418271	0.222586198	0	27.9	0	0	3
438	1142	350.777251	2.30134146	304.486533	304.661355	304.417896	305.56511	0.799999176	0.222586198	0	27.8	0	0	3
439	1145	351.330017	2.30659566	304.487109	304.649989	304.417896	305.56511	0.804606221	0.222586198	0	27.6	0	0	3
440	1147	351.865089	2.31184986	304.488861	304.638901	304.417896	305.56511	0.809337723	0.222586198	0	27.5	0	0	3
441	1149	352.417538	2.31710407	304.494151	304.627418	304.417896	305.56511	0.815226568	0.222586198	0	27.3	0	0	3
442	1152	352.953231	2.32235827	304.497446	304.616289	304.417896	305.552449	0.821085608	0.222586198	0	27.1	0	0	3
443	1154	353.505437	2.32761248	304.498127	304.604925	304.417896	305.526409	0.827592859	0.222586198	0	26.8	0	0	3
444	1156	354.042107	2.33286668	304.500099	304.594191	304.417896	305.497951	0.833612271	0.222586198	0	26.7	0	0	3
445	1159	354.593585	2.33812089	304.506066	304.583498	304.417896	305.458744	0.839875903	0.222586198	0	26.5	0	0	3
446	1161	355.127894	2.34337509	304.50876	304.57356	304.417896	305.409109	0.845285385	0.222586198	0	26.3	0	0	3
447	1163	355.679068	2.34862929	304.509333	304.563859	304.417896	305.356529	0.850531124	0.222586198	0	26.1	0	0	3
448	1166	356.213099	2.3538835	304.511477	304.555012	304.417896	305.304104	0.85470634	0.222586198	0	26	0	0	3
449	1168	356.764078	2.3591377	304.517374	304.546525	304.417896	305.250895	0.832999044	0.222586198	0	26.7	0	0	3
450	1170	357.298436	2.36439191	304.520394	304.538875	304.417896	305.194847	0.776951282	0.222586198	0	28.6	0	0	3
451	1173	357.849248	2.36964611	304.521327	304.53161	304.417896	305.141818	0.723922282	0.222586198	0	30.7	0	0	3
452	1175	358.384453	2.37490032	304.523217	304.525131	304.417896	305.090837	0.672940825	0.222586198	0	33	0	0	3
453	1177	358.934618	2.38015452	304.528609	304.519061	304.417896	305.046478	0.628582173	0.222586198	0	35.4	0	0	3
454	1180	359.4676	2.38540872	304.531992	304.513666	304.417896	305.000772	0.582876424	0.222586198	0	38.1	0	0	3
455	1182	360.01773	2.39066293	304.532243	304.508605	304.417896	304.956957	0.539061683	0.222586198	0	41.2	0	0	3
456	1185	360.552463	2.39591713	304.50622	304.503887	304.417896	304.915132	0.497236256	0.222586198	0	44.7	0	0	3
457	1187	361.102012	2.40117134	304.479746	304.499203	304.417896	304.879973	0.46207768	0.222586198	0	48.1	0	0	3
458	1190	361.636358	2.40642554	304.442849	304.494648	304.417896	304.845145	0.427249742	0.222586198	0	52	0	0	3
459	1192	362.185433	2.41167975	304.394063	304.489822	304.394063	304.810649	0.416586014	0.222586198	0	53.4	0	0	3
460	1194	362.719747	2.41693395	304.342012	304.484967	304.342012	304.778219	0.43620726	0.222586198	0	51	0	0	3
461	1197	363.268301	2.42218815	304.288504	304.479763	304.288504	304.752206	0.463702001	0.222586198	0	48	0	0	3
462	1199	363.800081	2.42744236	304.233561	304.474431	304.233561	304.72512	0.491559178	0.222586198	0	45.2	0	0	3
463	1202	364.348979	2.43269656	304.174353	304.468607	304.174353	304.698146	0.523792674	0.222586198	0	42.4	0	0	3
464	1204	364.882464	2.43795077	304.118953	304.462669	304.118953	304.673291	0.554338007	0.222586198	0	40.1	0	0	3
465	1207	365.43073	2.44320497	304.064151	304.456255	304.064151	304.654402	0.590251203	0.222586198	0	37.7	0	0	3
466	1209	365.964172	2.44845918	304.016767	304.449733	304.016767	304.633907	0.617139738	0.222586198	0	36	0	0	3
467	1212	366.512187	2.45371338	303.967039	304.442726	303.967039	304.613132	0.646092799	0.222586198	0	34.4	0	0	3
468	1214	367.045234	2.45896758	303.918758	304.435639	303.918758	304.594172	0.675414221	0.222586198	0	32.9	0	0	3
469	1217	367.593029	2.46422179	303.873176	304.428078	303.873176	304.581103	0.707926708	0.222586198	0	31.4	0	0	3
470	1219	368.125837	2.46947599	303.834827	304.420471	303.834827	304.56573	0.73090233	0.222586198	0	30.4	0	0	3
471	1222	368.673328	2.4747302	303.794998	304.412397	303.794998	304.549796	0.754798595	0.222586198	0	29.4	0	0	3
472	1224	369.206057	2.4799844	303.756071	304.404311	303.756071	304.535581	0.779509343	0.222586198	0	28.5	0	0	3
473	1227	369.753514	2.4852386	303.719767	304.395768	303.719767	304.532243	0.812476205	0.222586198	0	27.3	0	0	3
474	1229	370.2859	2.49049281	303.687083	304.387219	303.687083	304.532243	0.845159977	0.222586198	0	26.3	0	0	3
475	1231	370.833349	2.49574701	303.658853	304.378246	303.658853	304.532243	0.854638241	0.222586198	0	26	0	0	3
476	1234	371.365543	2.50100122	303.63027	304.369355	303.63027	304.532243	0.855228363	0.222586198	0	26	0	0	3
477	1236	371.912767	2.50625542	303.600479	304.36001	303.600479	304.532243	0.856462094	0.222586198	0	25.9	0	0	3
478	1239	372.444999	2.51150963	303.574389	304.350712	303.574389	304.532243	0.857327002	0.222586198	0	25.9	0	0	3
479	1241	372.992047	2.51676383	303.552372	304.341	303.552372	304.532243	0.858775186	0.222586198	0	25.9	0	0	3
480	1244	373.524111	2.52201803	303.530535	304.331424	303.530535	304.532243	0.859745063	0.222586198	0	25.8	0	0	3
481	1246	374.071133	2.52727224	303.506813	304.321407	303.506813	304.532243	0.861331902	0.222586198	0	25.8	0	0	3
482	1249	374.603183	2.53252644	303.486337	304.311489	303.486337	304.532243	0.862486042	0.222586198	0	25.8	0	0	3
483	1251	375.150194	2.53778065	303.470451	304.301171	303.470451	304.532243	0.864223222	0.222586198	0	25.7	0	0	3
484	1253	375.682193	2.54303485	303.453043	304.291023	303.453043	304.532243	0.865463996	0.222586198	0	25.7	0	0	3
485	1256	376.229021	2.54828906	303.434248	304.280449	303.434248	304.532243	0.867350028	0.222586198	0	25.6	0	0	3
486	1258	376.76078	2.55354326	303.41788	304.270017	303.41788	304.532243	0.868740329	0.222586198	0	25.6	0	0	3
487	1261	377.307699	2.55879746	303.402902	304.259151	303.402902	304.532243	0.870759327	0.222586198	0	25.5	0	0	3
488	1263	377.839414	2.56405167	303.392299	304.248519	303.392299	304.532243	0.872197306	0.222586198	0	25.5	0	0	3
489	1265	378.386174	2.56930587	303.379448	304.23749	303.379448	304.532243	0.874252749	0.222586198	0	25.4	0	0	3
490	1268	378.917952	2.57456008	303.365412	304.226647	303.365412	304.532243	0.875822058	0.222586198	0	25.4	0	0	3
491	1270	379.464608	2.57981428	303.353173	304.215351	303.353173	304.532243	0.878029814	0.222586198	0	25.3	0	0	3
492	1272	379.996121	2.58506849	303.345638	304.204303	303.345638	304.532243	0.879643271	0.222586198	0	25.3	0	0	3
493	1275	380.542904	2.59032269	303.335532	304.192862	303.335532	304.532243	0.881881492	0.222586198	0	25.2	0	0	3
494	1277	381.074442	2.59557689	303.324186	304.181653	303.324186	304.532243	0.883581901	0.222586198	0	25.1	0	0	3
495	1279	381.621024	2.6008311	303.314485	304.170001	303.314485	304.532243	0.885974432	0.222586198	0	25.1	0	0	3
496	1282	382.152744	2.6060853	303.309269	304.158616	303.309269	304.532243	0.887694426	0.222586198	0	25	0	0	3
497	1284	382.699284	2.61133951	303.301673	304.146843	303.301673	304.532243	0.890009132	0.222586198	0	25	0	0	3
498	1286	383.230704	2.61659371	303.292639	304.13531	303.292639	304.532243	0.891770604	0.222586198	0	24.9	0	0	3
499	1289	383.777335	2.62184791	303.284723	304.123363	303.284723	304.532243	0.894218683	0.222586198	0	24.8	0	0	3
500	1291	384.308743	2.62710212	303.278265	304.111641	303.278265	304.532243	0.896120498	0.222586198	0	24.8	0	0	3
501	1294	384.855212	2.63235632	303.275147	304.099548	303.275147	304.532243	0.898585651	0.222586198	0	24.7	0	0	3
502	1297	385.386846	2.63761053	303.269852	304.087742	303.269852	304.532243	0.900401843	0.222586198	0	24.7	0	0	3
503	1299	385.933504	2.64286473	303.262663	304.075525	303.262663	304.532243	0.902901616	0.222586198	0	24.6	0	0	3
504	1301	386.464799	2.64811894	303.256899	304.063594	303.256899	304.532243	0.904802868	0.222586198	0	24.6	0	0	3
505	1304	387.011463	2.65337314	303.255044	304.051239	303.255044	304.532243	0.907372857	0.222586198	0	24.5	0	0	3
506	1306	387.542766	2.65862734	303.251022	304.039182	303.251022	304.532243	0.909251648	0.222586198	0	24.4	0	0	3
507	1308	388.089211	2.66388155	303.244898	304.026712	303.244898	304.532243	0.911762472	0.222586198	0	24.4	0	0	3
508	1310	388.620592	2.66913575	303.240447	304.014532	303.240447	304.532243	0.913692468	0.222586198	0	24.3	0	0	3
509	1313	389.166984	2.67438996	303.239818	304.00196	303.239818	304.532243	0.916291821	0.222586198	0	24.2	0	0	3
510	1315	389.697999	2.67964416	303.2367	303.989697	303.2367	304.532243	0.918208997	0.222586198	0	24.2	0	0	3
511	1318	390.244287	2.68489837	303.231508	303.977013	303.231508	304.532243	0.920788786	0.222586198	0	24.1	0	0	3
512	1320	390.775418	2.69015257	303.227942	303.96465	303.227942	304.532243	0.922701803	0.222586198	0	24.1	0	0	3
513	1322	391.32169	2.69540677	303.228044	303.951863	303.227942	304.532243	0.925310088	0.222586198	0	24	0	0	3
514	1324	391.852824	2.70066098	303.225741	303.939394	303.225741	304.532243	0.927239759	0.222586198	0	24	0	0	3
515	1327	392.39915	2.70591518	303.221385	303.92651	303.221385	304.532243	0.929833977	0.222586198	0	23.9	0	0	3
516	1329	392.93001	2.71116939	303.218478	303.913944	303.218478	304.532243	0.931765402	0.222586198	0	23.8	0	0	3
517	1331	393.476329	2.71642359	303.21898	303.900966	303.218478	304.532243	0.934382982	0.222586198	0	23.8	0	0	3
518	1334	394.007406	2.7216778	303.217521	303.888329	303.217521	304.532243	0.936286792	0.222586198	0	23.7	0	0	3
519	1336	394.55359	2.726932	303.213724	303.875265	303.213724	304.532243	0.938924936	0.222586198	0	23.7	0	0	3
520	1338	395.084753	2.7321862	303.211432	303.862544	303.211432	304.532243	0.94085906	0.222586198	0	23.6	0	0	3
521	1341	395.630905	2.73744041	303.21246	303.849399	303.211432	304.532243	0.943468373	0.222586198	0	23.5	0	0	3
522	1343	396.161774	2.74269461	303.211617	303.836596	303.211432	304.532243	0.945344668	0.222586198	0	23.5	0	0	3
523	1345	396.708072	2.74794882	303.208418	303.823372	303.208418	304.532243	0.94792512	0.222586198	0	23.4	0	0	3
524	1348	397.239099	2.75320302	303.206344	303.810475	303.206344	304.532243	0.949872892	0.222586198	0	23.4	0	0	3
525	1350	397.78519	2.75845723	303.204969	303.797141	303.204969	304.532243	0.952539649	0.222586198	0	23.3	0	0	3
526	1352	398.316416	2.76371143	303.207023	303.784184	303.204969	304.532243	0.954412244	0.222586198	0	23.3	0	0	3
527	1354	398.862608	2.76896563	303.206281	303.770822	303.204969	304.532243	0.956966503	0.222586198	0	23.2	0	0	3
528	1357	399.393465	2.77421984	303.203452	303.757813	303.203452	304.532243	0.958837952	0.222586198	0	23.2	0	0	3
529	1359	399.939735	2.77947404	303.201829	303.744331	303.201829	304.532243	0.961495188	0.222586198	0	23.1	0	0	3
530	1361	400.470671	2.78472825	303.20404	303.731235	303.201829	304.532243	0.96337797	0.222586198	0	23.1	0	0	3
531	1364	401.016618	2.78998245	303.203551	303.717733	303.201829	304.532243	0.965910792	0.222586198	0	23	0	0	3
532	1366	401.547725	2.79523665	303.200976	303.704553	303.200976	304.532243	0.967789798	0.222586198	0	22.9	0	0	3
533	1368	402.093823	2.80049086	303.199961	303.690931	303.199961	304.532243	0.970423498	0.222586198	0	22.9	0	0	3
534	1371	402.624535	2.80574506	303.201674	303.677704	303.199961	304.532243	0.972285557	0.222586198	0	22.8	0	0	3
535	1373	403.170578	2.81099927	303.201773	303.66406	303.199961	304.532243	0.974840581	0.222586198	0	22.8	0	0	3
536	1375	403.701382	2.81625347	303.199657	303.650791	303.199657	304.532243	0.976627473	0.222586198	0	22.7	0	0	3
537	1378	404.247116	2.82150768	303.198325	303.637037	303.198325	304.532243	0.979251375	0.222586198	0	22.7	0	0	3
538	1380	404.775981	2.82676188	303.197825	303.623661	303.197825	304.532243	0.9812643	0.222586198	0	22.6	0	0	3
