Iteration	CPUTime	PhysTime	Travels	Value	AvValue	MinValue	MaxValue	Delta	Criteria	PrevAvRefValue	Progress	CriteriaType	CriteriaVarType	CriteriaPercentage
1	29	0.0162367046	0.00525420424	298.153604	298.153604	298.153604	298.153604	0	0	0	0	0	0	3
2	31	0.0324781022	0.0105084085	298.157258	298.155431	298.153604	298.157258	0.0018272709	0	0	0	0	0	3
3	33	0.0487542881	0.0157626127	298.160956	298.157276	298.153604	298.160956	0.00367151034	0	0	0	0	0	3
4	36	0.0652875332	0.021016817	298.164732	298.159164	298.153604	298.164732	0.00555970006	0	0	0	0	0	3
5	38	0.0837201606	0.0262710212	298.168956	298.16132	298.153604	298.168956	0.00771572033	0	0	0	0	0	3
6	40	0.132420249	0.0315252254	298.180048	298.168208	298.153604	298.180048	0.0146034296	0	0	0	0	0	3
7	42	0.336429492	0.0367794297	298.224648	298.202433	298.153604	298.224648	0.0488284956	0	0	0	0	0	3
8	46	1.67553863	0.0420336339	298.457628	298.406388	298.153604	298.457628	0.252783601	0	0	0	0	0	3
9	50	10.7473596	0.0472878381	299.06809	298.964929	298.153604	299.06809	0.81132508	0	0	0	0	0	3
10	55	44.8039731	0.0525420424	299.60304	299.449973	298.153604	299.60304	1.29636894	0	0	0	0	0	3
11	58	45.6867102	0.0577962466	299.640354	299.453652	298.153604	299.640354	1.3000474	0	0	0	0	0	3
12	61	46.3795552	0.0630504509	299.668632	299.456863	298.153604	299.668632	1.3032589	0	0	0	0	0	3
13	64	46.8586132	0.0683046551	299.687497	299.459221	298.153604	299.687497	1.30561678	0	0	0	0	0	3
14	66	47.2647115	0.0735588593	299.702952	299.461315	298.153604	299.702952	1.30771092	0	0	0	0	0	3
15	69	47.6243691	0.0788130636	299.716231	299.46324	298.153604	299.716231	1.30963604	0	0	0	0	0	3
16	72	48.1363147	0.0840672678	299.734035	299.46612	298.153604	299.734035	1.31251603	0	0	0	0	0	3
17	74	48.6168349	0.0893214721	299.750017	299.468926	298.153604	299.750017	1.31532201	0	0	0	0	0	3
18	77	49.0827006	0.0945756763	299.764882	299.471735	298.153604	299.764882	1.31813106	0	0	0	0	0	3
19	79	49.5540243	0.0998298805	299.779269	299.47466	298.153604	299.779269	1.3210561	0	0	0	0	0	3
20	82	50.047109	0.105084085	299.793612	299.477803	298.153604	299.793612	1.32419855	0	0	0	0	0	3
21	85	50.8057684	0.110338289	299.81379	299.48282	298.153604	299.81379	1.32921569	0	0	0	0	0	3
22	87	51.5990821	0.115592493	299.833314	299.488209	298.153604	299.833314	1.3346044	0	0	0	0	0	3
23	90	52.4251184	0.120846697	299.852097	299.493942	298.153604	299.852097	1.34033801	0	0	0	0	0	3
24	93	53.2727271	0.126100902	299.869937	299.499924	298.153604	299.869937	1.34632037	0	0	0	0	0	3
25	95	54.130989	0.131355106	299.88669	299.506057	298.153604	299.88669	1.35245264	0	0	0	0	0	3
26	98	55.4182895	0.13660931	299.908723	299.51541	298.153604	299.908723	1.36180609	0	0	0	0	0	3
27	101	56.6950026	0.141863514	299.928447	299.524711	298.153604	299.928447	1.37110726	0	0	0	0	0	3
28	104	57.9460995	0.147117719	299.946081	299.533809	298.153604	299.946081	1.38020493	0	0	0	0	0	3
29	107	59.1662014	0.152371923	299.961935	299.542638	298.153604	299.961935	1.38903358	0	0	0	0	0	3
30	110	60.355004	0.157626127	299.998038	299.551608	298.153604	299.998038	1.39800351	0	0	0	0	0	3
31	113	61.8847727	0.162880331	300.103782	299.565257	298.153604	300.103782	1.41165307	0	0	0	0	0	3
32	116	63.379911	0.168134536	300.208649	299.580435	298.153604	300.208649	1.42683075	0	0	0	0	0	3
33	119	64.8470579	0.17338874	300.325524	299.597292	298.153604	300.325524	1.44368818	0	0	0	0	0	3
34	122	66.2896594	0.178642944	300.45326	299.61592	298.153604	300.45326	1.46231582	0	0	0	0	0	3
35	124	67.7108526	0.183897148	300.583126	299.636221	298.153604	300.583126	1.48261665	0	0	0	0	0	3
36	128	69.1116691	0.189151353	300.710397	299.657993	298.153604	300.710397	1.50438901	0	0	0	0	0	3
37	131	70.4936093	0.194405557	300.830558	299.68098	298.153604	300.830558	1.52737569	0	0	0	0	0	3
38	133	71.8566672	0.199659761	300.942197	299.704904	298.153604	300.942197	1.55129986	0	0	0	0	0	3
39	136	73.2023027	0.204913965	301.043806	299.729516	298.153604	301.043806	1.57591212	0	0	0	0	0	3
40	139	74.5301983	0.21016817	301.136387	299.754582	298.153604	301.136387	1.60097817	0	0	0	0	0	3
41	142	75.8411404	0.215422374	301.220312	299.779918	298.153604	301.220312	1.62631385	0	0	0	0	0	3
42	145	77.1354356	0.220676578	301.295488	299.805349	298.153604	301.295488	1.65174438	0	0	0	0	0	3
43	148	78.4134466	0.225930782	301.363533	299.830744	298.153604	301.363533	1.67714024	0	0	0	0	0	3
44	151	79.6755359	0.231184986	301.424882	299.855996	298.153604	301.424882	1.70239195	0	0	0	0	0	3
45	154	80.9223344	0.236439191	301.480102	299.881019	298.153604	301.480102	1.72741512	0	0	0	0	0	3
46	157	82.1541264	0.241693395	301.530128	299.905745	298.153604	301.530128	1.75214132	0	0	0	0	0	3
47	160	83.3718609	0.246947599	301.57558	299.930135	298.153604	301.57558	1.77653103	0	0	0	0	0	3
48	162	84.5752894	0.252201803	301.616995	299.954138	298.153604	301.616995	1.80053349	0	0	0	0	0	3
49	165	85.7659717	0.257456008	301.654913	299.977749	298.153604	301.654913	1.82414522	0	0	0	0	0	3
50	168	86.9434252	0.262710212	301.689722	300.000934	298.153604	301.689722	1.84733005	0	0	0	0	0	3
51	171	88.1093756	0.267964416	301.721909	300.023708	298.153604	301.721909	1.87010369	0	0	0	0	0	3
52	174	89.2629975	0.27321862	301.751658	300.04604	298.153604	301.751658	1.89243547	0	0	0	0	0	3
53	176	90.4060462	0.278472825	301.779255	300.067953	298.153604	301.779255	1.91434937	0	0	0	0	0	3
54	179	91.5377194	0.283727029	301.804992	300.089428	298.153604	301.804992	1.93582423	0	0	0	0	0	3
55	182	92.6598196	0.288981233	301.82908	300.110495	298.153604	301.82908	1.95689122	0	0	0	0	0	3
56	185	93.7715015	0.294235437	301.851628	300.131137	298.153604	301.851628	1.97753274	0	0	0	0	0	3
57	188	94.8744384	0.299489642	301.872873	300.151385	298.153604	301.872873	1.99778082	0	0	0	0	0	3
58	190	95.9676129	0.304743846	301.892952	300.171223	298.153604	301.892952	2.01761914	0	0	0	0	0	3
59	193	97.0527481	0.30999805	301.912	300.190687	298.153604	301.912	2.03708256	0	0	0	0	0	3
60	196	98.1287847	0.315252254	301.930067	300.20976	298.153604	301.930067	2.05615583	0	0	0	0	0	3
61	199	99.1976554	0.320506459	301.947304	300.228482	298.153604	301.947304	2.07487815	0	0	0	0	0	3
62	202	100.258183	0.325760663	301.963747	300.246838	298.153604	301.963747	2.09323372	0	0	0	0	0	3
63	204	101.311257	0.331014867	301.979496	300.264848	298.153604	301.979496	2.11124374	0	0	0	0	0	3
64	207	102.357164	0.336269071	301.994575	300.282523	298.153604	301.994575	2.12891846	0	0	0	0	0	3
65	210	103.395719	0.341523275	302.009074	300.299865	298.153604	302.009074	2.14626075	0	0	0	0	0	3
66	212	104.427781	0.34677748	302.023056	300.316895	298.153604	302.023056	2.16329108	0	0	0	0	0	3
67	215	105.453104	0.352031684	302.036556	300.333616	298.153604	302.036556	2.18001139	0	0	0	0	0	3
68	218	106.47211	0.357285888	302.049597	300.350039	298.153604	302.049597	2.19643441	0	0	0	0	0	3
69	221	107.484994	0.362540092	302.062239	300.366173	298.153604	302.062239	2.21256933	0	0	0	0	0	3
70	223	108.491859	0.367794297	302.074533	300.382028	298.153604	302.074533	2.22842386	0	0	0	0	0	3
71	226	109.493136	0.373048501	302.086468	300.397615	298.153604	302.086468	2.24401037	0	0	0	0	0	3
72	229	110.48873	0.378302705	302.098104	300.412937	298.153604	302.098104	2.25933319	0	0	0	0	0	3
73	231	111.478853	0.383556909	302.109439	300.428005	298.153604	302.109439	2.27440102	0	0	0	0	0	3
74	234	112.464077	0.388811114	302.120536	300.442832	298.153604	302.120536	2.28922818	0	0	0	0	0	3
75	237	113.443263	0.394065318	302.131365	300.457407	298.153604	302.131365	2.30380275	0	0	0	0	0	3
76	240	114.417958	0.399319522	302.141971	300.471757	298.153604	302.141971	2.31815308	0	0	0	0	0	3
77	242	115.386896	0.404573726	302.152357	300.48587	298.153604	302.152357	2.33226559	0	0	0	0	0	3
78	245	116.351776	0.409827931	302.162554	300.499774	298.153604	302.162554	2.34616997	0	0	0	0	0	3
79	248	117.311409	0.415082135	302.172564	300.513458	298.153604	302.172564	2.35985376	0	0	0	0	0	3
80	251	118.267444	0.420336339	302.18243	300.526949	298.153604	302.18243	2.37334518	0	0	0	0	0	3
81	253	119.218561	0.425590543	302.192127	300.540234	298.153604	302.192127	2.38662984	0	0	0	0	0	3
82	256	120.16619	0.430844748	302.2114	300.553413	298.153604	302.2114	2.39980864	0	0	0	0	0	3
83	258	121.109036	0.436098952	302.281206	300.566864	298.153604	302.281206	2.41325967	0	0	0	0	0	3
84	261	122.048265	0.441353156	302.353699	300.580614	298.153604	302.353699	2.42701037	0	0	0	0	0	3
85	264	122.983322	0.44660736	302.439319	300.594746	298.153604	302.439319	2.44114231	0	0	0	0	0	3
86	267	123.91461	0.451861564	302.536274	300.609338	298.153604	302.536274	2.45573399	0	0	0	0	0	3
87	270	124.842341	0.457115769	302.639051	300.624421	298.153604	302.639051	2.47081723	0	0	0	0	0	3
88	273	125.765674	0.462369973	302.744068	300.639983	298.153604	302.744068	2.48637902	0	0	0	0	0	3
89	276	126.685654	0.467624177	302.84729	300.656012	298.153604	302.84729	2.5024083	0	0	0	0	0	3
90	278	127.600797	0.472878381	302.946638	300.672441	298.153604	302.946638	2.51883649	0	0	0	0	0	3
91	281	128.512689	0.478132586	303.04135	300.68925	298.153604	303.04135	2.53564564	0	0	0	0	0	3
92	284	129.420043	0.48338679	303.129789	300.70636	298.153604	303.129789	2.55275608	0	0	0	0	0	3
93	286	130.32358	0.488640994	303.212479	300.723735	298.153604	303.212479	2.57013106	0	0	0	0	0	3
94	289	131.223462	0.493895198	303.289366	300.741329	298.153604	303.289366	2.58772521	0	0	0	0	0	3
95	292	132.118622	0.499149403	303.360807	300.759077	298.153604	303.360807	2.60547329	0	0	0	0	0	3
96	295	133.010281	0.504403607	303.42717	300.776963	298.153604	303.42717	2.62335935	0	0	0	0	0	3
97	298	133.897049	0.509657811	303.488792	300.795244	298.157258	303.488792	2.63981219	0	0	0	0	0	3
98	300	134.779986	0.514912015	303.546095	300.813587	298.160956	303.546095	2.65631094	0	0	0	0	0	3
99	303	135.658406	0.52016622	303.599364	300.83195	298.164732	303.599364	2.67278619	0	0	0	0	0	3
100	306	136.532588	0.525420424	303.648955	300.850318	298.168956	303.648955	2.68899847	0	0	0	0	0	3
101	309	137.403119	0.530674628	303.695179	300.868713	298.180048	303.695179	2.70050555	0	0	0	0	0	3
102	312	138.268708	0.535928832	303.738263	300.887642	298.224648	303.738263	2.68520955	0	0	0	0	0	3
103	314	139.130761	0.541183037	303.778566	300.909512	298.457628	303.778566	2.50312425	0	0	0	0	0	3
104	317	139.988093	0.546437241	303.816268	300.951268	299.06809	303.816268	1.98633888	0	0	0	0	0	3
105	320	140.842276	0.551691445	303.851662	301.10163	299.60304	303.851662	1.65165694	0	0	0	0	0	3
106	322	141.692186	0.556945649	303.884926	301.652806	299.640354	303.884926	2.19915441	0	0	0	0	0	3
107	325	142.53944	0.562199853	303.916273	301.690948	299.668632	303.916273	2.23408534	0	0	0	0	0	3
108	328	143.382779	0.567454058	303.945843	301.724997	299.687497	303.945843	2.26577573	0	0	0	0	0	3
109	330	144.223358	0.572708262	303.973823	301.754436	299.702952	303.973823	2.29312137	0	0	0	0	0	3
110	333	145.060041	0.577962466	304.000374	301.78217	299.716231	304.000374	2.31893011	0	0	0	0	0	3
111	335	145.892958	0.58321667	304.02553	301.808746	299.734035	304.02553	2.3426259	0	0	0	0	0	3
112	338	146.722343	0.588470875	304.049396	301.83837	299.750017	304.049396	2.36944379	0	0	0	0	0	3
113	341	147.548949	0.593725079	304.072172	301.867177	299.764882	304.072172	2.39544207	0	0	0	0	0	3
114	343	148.371499	0.598979283	304.093922	301.895489	299.779269	304.093922	2.42082835	0	0	0	0	0	3
115	346	149.191393	0.604233487	304.114728	301.923761	299.793612	304.114728	2.44595808	0	0	0	0	0	3
116	348	150.007513	0.609487692	304.134686	301.952319	299.81379	304.134686	2.46949948	0	0	0	0	0	3
117	351	150.821518	0.614741896	304.153892	301.986459	299.833314	304.153892	2.49825048	0	0	0	0	0	3
118	354	151.631739	0.6199961	304.172292	302.021239	299.852097	304.172292	2.52729677	0	0	0	0	0	3
119	356	152.440835	0.625250304	304.190107	302.056699	299.869937	304.190107	2.55677496	0	0	0	0	0	3
120	359	153.245536	0.630504509	304.207259	302.09255	299.88669	304.207259	2.5864932	0	0	0	0	0	3
121	361	154.049107	0.635758713	304.223897	302.128638	299.908723	304.223897	2.61322824	0	0	0	0	0	3
122	364	154.848083	0.641012917	304.239982	302.174345	299.928447	304.239982	2.6496338	0	0	0	0	0	3
123	367	155.646418	0.646267121	304.255607	302.220114	299.946081	304.255607	2.68630519	0	0	0	0	0	3
124	369	156.443696	0.651521326	304.270819	302.265598	299.961935	304.270819	2.72296006	0	0	0	0	0	3
125	372	157.240514	0.65677553	304.285679	302.310669	299.998038	304.285679	2.75906144	0	0	0	0	0	3
126	374	158.035365	0.662029734	304.300164	302.355004	300.103782	304.300164	2.78974645	0	0	0	0	0	3
127	377	158.827885	0.667283938	304.314294	302.406545	300.208649	304.314294	2.82611058	0	0	0	0	0	3
128	379	159.617132	0.672538143	304.328094	302.456451	300.325524	304.328094	2.85915833	0	0	0	0	0	3
129	382	160.404378	0.677792347	304.341596	302.504699	300.45326	304.341596	2.88877874	0	0	0	0	0	3
130	384	161.188516	0.683046551	304.354816	302.551171	300.583126	304.354816	2.91495009	0	0	0	0	0	3
131	387	161.97083	0.688300755	304.367759	302.595921	300.710397	304.367759	2.93792753	0	0	0	0	0	3
132	390	162.747933	0.693554959	304.38044	302.638938	300.830558	304.38044	2.95795867	0	0	0	0	0	3
133	392	163.535396	0.698809164	304.393086	302.680644	300.942197	304.393086	2.97574048	0	0	0	0	0	3
134	395	164.311637	0.704063368	304.405395	302.720755	301.043806	304.405395	2.99123885	0	0	0	0	0	3
135	397	165.092032	0.709317572	304.417565	302.759723	301.136387	304.417565	3.00514065	0	0	0	0	0	3
136	399	165.858274	0.714571776	304.429388	302.797334	301.220312	304.429388	3.01741649	0	0	0	0	0	3
137	402	166.639231	0.719825981	304.441306	302.834243	301.295488	304.441306	3.02889485	0	0	0	0	0	3
138	404	167.407477	0.725080185	304.452899	302.870081	301.363533	304.452899	3.03933654	0	0	0	0	0	3
139	407	168.182998	0.730334389	304.464476	302.905303	301.424882	304.464476	3.03959394	0	0	0	0	0	3
140	409	168.939097	0.735588593	304.47566	302.939536	301.480102	304.47566	2.995558	0	0	0	0	0	3
141	412	169.71173	0.740842798	304.486984	302.973495	301.530128	304.486984	2.95685514	0	0	0	0	0	3
142	414	170.46465	0.746097002	304.497941	303.006625	301.57558	304.497941	2.92236073	0	0	0	0	0	3
143	417	171.233429	0.751351206	304.509027	303.039605	301.616995	304.509027	2.892032	0	0	0	0	0	3
144	419	171.98159	0.75660541	304.519745	303.071861	301.654913	304.519745	2.8648325	0	0	0	0	0	3
145	422	172.746519	0.761859615	304.530617	303.104087	301.689722	304.530617	2.84089489	0	0	0	0	0	3
146	424	173.490658	0.767113819	304.541133	303.135684	301.721909	304.541133	2.81922406	0	0	0	0	0	3
147	426	174.251597	0.772368023	304.55182	303.16733	301.751658	304.55182	2.80016206	0	0	0	0	0	3
148	429	174.991797	0.777622227	304.562154	303.198423	301.779255	304.562154	2.78289909	0	0	0	0	0	3
149	431	175.748755	0.782876432	304.572661	303.22962	301.804992	304.572661	2.76766881	0	0	0	0	0	3
150	434	176.485066	0.788130636	304.582827	303.260328	301.82908	304.582827	2.75374661	0	0	0	0	0	3
151	436	177.237932	0.79338484	304.593167	303.291181	301.851628	304.593167	2.74153904	0	0	0	0	0	3
152	439	177.970544	0.798639044	304.603199	303.321603	301.872873	304.603199	2.730326	0	0	0	0	0	3
153	441	178.7196	0.803893248	304.613392	303.352201	301.892952	304.613392	2.7204404	0	0	0	0	0	3
154	443	179.449263	0.809147453	304.623281	303.382419	301.912	304.623281	2.71128061	0	0	0	0	0	3
155	446	180.194906	0.814401657	304.645081	303.412934	301.930067	304.645081	2.71501356	0	0	0	0	0	3
156	448	180.921696	0.819655861	304.702576	303.443528	301.947304	304.702576	2.75527226	0	0	0	0	0	3
157	451	181.664345	0.824910065	304.765145	303.474822	301.963747	304.765145	2.80139775	0	0	0	0	0	3
158	453	182.38801	0.83016427	304.837939	303.506345	301.979496	304.837939	2.85844304	0	0	0	0	0	3
159	456	183.127942	0.835418474	304.92263	303.538806	301.994575	304.92263	2.92805491	0	0	0	0	0	3
160	459	183.848217	0.840672678	305.01233	303.57165	302.009074	305.01233	3.00325538	0	0	0	0	0	3
161	461	184.585145	0.845926882	305.106253	303.605567	302.023056	305.106253	3.08319745	0	0	0	0	0	3
162	464	185.301945	0.851181087	305.197957	303.639876	302.036556	305.197957	3.16140101	0	0	0	0	0	3
163	466	186.035498	0.856435291	305.29015	303.675299	302.049597	305.29015	3.24055279	0	0	0	0	0	3
164	469	186.748391	0.861689495	305.376349	303.711041	302.062239	305.376349	3.31410996	0	0	0	0	0	3
165	471	187.478604	0.866943699	305.460499	303.747888	302.074533	305.460499	3.36586009	0	0	0	0	0	3
166	474	188.187669	0.872197904	305.538361	303.784959	302.086468	305.538361	3.38734459	0	0	0	0	0	3
167	476	188.914413	0.877452108	305.613939	303.823108	302.098104	305.613939	3.41017101	0	0	0	0	0	3
168	479	189.620192	0.882706312	305.683631	303.861406	302.109439	305.683631	3.4334005	0	0	0	0	0	3
169	481	190.343207	0.887960516	305.751048	303.900725	302.120536	305.751048	3.45789276	0	0	0	0	0	3
170	484	191.045551	0.893214721	305.813122	303.940137	302.131365	305.813122	3.4827301	0	0	0	0	0	3
171	487	191.765119	0.898468925	305.873054	303.980509	302.141971	305.873054	3.50875149	0	0	0	0	0	3
172	489	192.463852	0.903723129	305.928137	304.020907	302.152357	305.928137	3.53503683	0	0	0	0	0	3
173	491	193.180126	0.908977333	305.981386	304.062231	302.162554	305.981386	3.56245672	0	0	0	0	0	3
174	494	193.8754	0.914231537	306.030343	304.103526	302.172564	306.030343	3.59006793	0	0	0	0	0	3
175	496	194.588091	0.919485742	306.07772	304.145712	302.18243	306.07772	3.61876265	0	0	0	0	0	3
176	499	195.279719	0.924739946	306.121325	304.187827	302.192127	306.121325	3.64759279	0	0	0	0	0	3
177	501	195.989061	0.92999415	306.163633	304.230808	302.2114	306.163633	3.6773949	0	0	0	0	0	3
178	504	196.676677	0.935248354	306.202597	304.27354	302.281206	306.202597	3.70667635	0	0	0	0	0	3
179	506	197.382426	0.940502559	306.240517	304.316368	302.353699	306.240517	3.73575391	0	0	0	0	0	3
180	509	198.066794	0.945756763	306.275526	304.358255	302.439319	306.275526	3.76350887	0	0	0	0	0	3
181	511	198.768919	0.951010967	306.30967	304.400011	302.536274	306.30967	3.7733959	0	0	0	0	0	3
182	514	199.450243	0.956265171	306.341292	304.440499	302.639051	306.341292	3.70224104	0	0	0	0	0	3
183	517	200.149165	0.961519376	306.372183	304.48062	302.744068	306.372183	3.62811524	0	0	0	0	0	3
184	519	200.827531	0.96677358	306.400891	304.519335	302.84729	306.400891	3.55360035	0	0	0	0	0	3
185	521	201.523257	0.972027784	306.429029	304.557643	302.946638	306.429029	3.48239122	0	0	0	0	0	3
186	524	202.198439	0.977281988	306.455238	304.594582	303.04135	306.455238	3.41388836	0	0	0	0	0	3
187	526	202.89099	0.982536193	306.481055	304.63119	303.129789	306.481055	3.3512658	0	0	0	0	0	3
188	529	203.563001	0.987790397	306.505131	304.666549	303.212479	306.505131	3.29265221	0	0	0	0	0	3
189	531	204.252351	0.993044601	306.528899	304.701685	303.289366	306.528899	3.23953324	0	0	0	0	0	3
190	534	204.9211	0.998298805	306.551148	304.735713	303.360807	306.551148	3.19034141	0	0	0	0	0	3
191	536	205.607491	1.00355301	306.573176	304.769623	303.42717	306.573176	3.14600532	0.252366595	0	8	0	0	3
192	539	206.273191	1.00880721	306.59388	304.802537	303.488792	306.59388	3.10508788	0.252987726	0	8.1	0	0	3
193	541	206.956641	1.01406142	306.614475	304.835433	303.546095	306.614475	3.06838011	0.25329665	0	8.2	0	0	3
194	544	207.619536	1.01931562	306.633894	304.867429	303.599364	306.633894	3.03452944	0.253556051	0	8.3	0	0	3
195	546	208.299755	1.02456983	306.653172	304.899485	303.648955	306.653172	3.00421691	0.253798655	0	8.4	0	0	3
196	549	208.959801	1.02982403	306.67145	304.930727	303.695179	306.67145	2.97627099	0.253987333	0	8.5	0	0	3
197	551	209.636941	1.03507823	306.68962	304.962106	303.738263	306.68962	2.95135693	0.253980972	0	8.6	0	0	3
198	554	210.294379	1.04033244	306.706832	304.992739	303.778566	306.706832	2.92826642	0.253051708	0	8.6	0	0	3
199	556	210.968644	1.04558664	306.724096	305.02356	303.816268	306.724096	2.90782874	0.252366595	0	8.6	0	0	3
200	559	211.623549	1.05084085	306.740488	305.053705	303.851662	306.740488	2.88882621	0.252366595	0	8.7	0	0	3
201	562	212.295389	1.05609505	306.756912	305.084089	303.884926	306.756912	2.87198593	0.252366595	0	8.7	0	0	3
202	564	212.947526	1.06134926	306.772543	305.113845	303.916273	306.772543	2.85626959	0.252366595	0	8.8	0	0	3
203	567	213.61693	1.06660346	306.788279	305.14389	303.945843	306.788279	2.84243589	0.252366595	0	8.8	0	0	3
204	569	214.266368	1.07185766	306.803241	305.173347	303.973823	306.803241	2.82941781	0.252366595	0	8.9	0	0	3
205	572	214.933131	1.07711187	306.81834	305.203118	304.000374	306.81834	2.81796566	0.252366595	0	8.9	0	0	3
206	574	215.57996	1.08236607	306.832724	305.232336	304.02553	306.832724	2.80719364	0.252366595	0	8.9	0	0	3
207	576	216.244082	1.08762028	306.847256	305.261868	304.049396	306.847256	2.79786061	0.252366595	0	9	0	0	3
208	579	216.888495	1.09287448	306.861128	305.290888	304.072172	306.861128	2.78895625	0.252366595	0	9	0	0	3
209	581	217.550156	1.09812869	306.875164	305.320254	304.093922	306.875164	2.78124161	0.252366595	0	9	0	0	3
210	584	218.191919	1.10338289	306.888635	305.349117	304.114728	306.888635	2.77390743	0.252366595	0	9	0	0	3
211	586	218.851333	1.10863709	306.902272	305.378348	304.134686	306.902272	2.76758575	0.252366595	0	9.1	0	0	3
212	589	219.490515	1.1138913	306.915349	305.407095	304.153892	306.915349	2.7614563	0.252366595	0	9.1	0	0	3
213	591	220.147705	1.1191455	306.928627	305.436233	304.172292	306.928627	2.75633526	0.252366595	0	9.1	0	0	3
214	594	220.784634	1.12439971	306.941354	305.464905	304.190107	306.941354	2.75124681	0.252366595	0	9.1	0	0	3
215	596	221.439106	1.12965391	306.954306	305.493981	304.207259	306.954306	2.74704717	0.252366595	0	9.1	0	0	3
216	598	222.073834	1.13490812	306.966776	305.522607	304.223897	306.966776	2.74287902	0.252366595	0	9.2	0	0	3
217	601	222.725681	1.14016232	306.979448	305.55163	304.239982	306.979448	2.73946621	0.252366595	0	9.2	0	0	3
218	603	223.358369	1.14541652	306.991667	305.580226	304.255607	306.991667	2.7360601	0.252366595	0	9.2	0	0	3
219	606	224.007905	1.15067073	307.004089	305.609224	304.270819	307.004089	2.73326996	0.252366595	0	9.2	0	0	3
220	608	224.638372	1.15592493	307.016065	305.637878	304.285679	307.016065	2.7303866	0.252366595	0	9.2	0	0	3
221	611	225.285751	1.16117914	307.028253	305.66694	304.300164	307.028253	2.72808889	0.252366595	0	9.2	0	0	3
222	613	225.913901	1.16643334	307.040006	305.695651	304.314294	307.040006	2.72571252	0.252366595	0	9.2	0	0	3
223	616	226.559322	1.17168755	307.052	305.724739	304.328094	307.052	2.72390575	0.252366595	0	9.2	0	0	3
224	618	227.185205	1.17694175	307.063571	305.753455	304.341596	307.063571	2.72197503	0.252366595	0	9.2	0	0	3
225	620	227.828458	1.18219595	307.075364	305.782551	304.354816	307.075364	2.72054743	0.252366595	0	9.2	0	0	3
226	623	228.452279	1.18745016	307.086754	305.811291	304.367759	307.086754	2.71899503	0.252366595	0	9.2	0	0	3
227	625	229.093319	1.19270436	307.098391	305.840407	304.38044	307.098391	2.71795096	0.252366595	0	9.2	0	0	3
228	628	229.715262	1.19795857	307.10963	305.869137	304.393086	307.10963	2.71654435	0.252366595	0	9.2	0	0	3
229	630	230.353941	1.20321277	307.121112	305.898499	304.405395	307.121112	2.71571717	0.252366595	0	9.2	0	0	3
230	632	230.973836	1.20846697	307.132199	305.927357	304.417565	307.132199	2.71463397	0.252366595	0	9.2	0	0	3
231	635	231.610483	1.21372118	307.143539	305.95671	304.429388	307.143539	2.71415098	0.252366595	0	9.2	0	0	3
232	637	232.228511	1.21897538	307.154502	305.985497	304.441306	307.154502	2.71319599	0.252366595	0	9.3	0	0	3
233	640	232.863238	1.22422959	307.165728	306.015019	304.452899	307.165728	2.7128283	0.252366595	0	9.3	0	0	3
234	642	233.479548	1.22948379	307.176575	306.044017	304.464476	307.176575	2.71209954	0.252366595	0	9.3	0	0	3
235	645	234.112221	1.234738	307.187683	306.073572	304.47566	307.187683	2.71202275	0.252366595	0	9.3	0	0	3
236	647	234.726528	1.2399922	307.198431	306.102441	304.486984	307.198431	2.71144729	0.252366595	0	9.3	0	0	3
237	649	235.357203	1.2452464	307.209409	306.132089	304.497941	307.209409	2.7114683	0.252366595	0	9.3	0	0	3
238	652	235.969665	1.25050061	307.220041	306.161044	304.509027	307.220041	2.71101324	0.252366595	0	9.3	0	0	3
239	654	236.598192	1.25575481	307.230921	306.190762	304.519745	307.230921	2.71117623	0.252366595	0	9.3	0	0	3
240	657	237.208788	1.26100902	307.241472	306.219764	304.530617	307.241472	2.71085537	0.252366595	0	9.3	0	0	3
241	659	237.835358	1.26626322	307.252274	306.249555	304.541133	307.252274	2.71114057	0.252366595	0	9.3	0	0	3
242	661	238.444025	1.27151743	307.262721	306.278621	304.55182	307.262721	2.71090161	0.252366595	0	9.3	0	0	3
243	664	239.068774	1.27677163	307.27342	306.308482	304.562154	307.27342	2.71126626	0.252366595	0	9.3	0	0	3
244	666	239.675689	1.28202583	307.283789	306.337617	304.572661	307.283789	2.71112777	0.252366595	0	9.3	0	0	3
245	669	240.298631	1.28728004	307.275101	306.367362	304.582827	307.283789	2.70096181	0.252366595	0	9.3	0	0	3
246	671	240.903761	1.29253424	307.243644	306.39599	304.593167	307.283789	2.6906214	0.252366595	0	9.3	0	0	3
247	674	241.524949	1.29778845	307.20552	306.424926	304.603199	307.283789	2.68058937	0.252366595	0	9.4	0	0	3
248	676	242.128416	1.30304265	307.157185	306.452615	304.613392	307.283789	2.67039618	0.252366595	0	9.4	0	0	3
249	679	242.748015	1.30829686	307.098892	306.480386	304.623281	307.283789	2.66050802	0.252366595	0	9.4	0	0	3
250	681	243.349732	1.31355106	307.037168	306.506835	304.645081	307.283789	2.63870782	0.252366595	0	9.5	0	0	3
251	684	243.967796	1.31880526	306.971193	306.533103	304.702576	307.283789	2.5812122	0.252366595	0	9.7	0	0	3
252	686	244.567764	1.32405947	306.907079	306.557532	304.765145	307.283789	2.51864337	0.252366595	0	10	0	0	3
253	689	245.184859	1.32931367	306.842631	306.581257	304.837939	307.283789	2.44584964	0.252366595	0	10.3	0	0	3
254	691	245.783159	1.33456788	306.781976	306.603052	304.92263	307.283789	2.36115818	0.252366595	0	10.6	0	0	3
255	694	246.399695	1.33982208	306.722945	306.623871	305.01233	307.283789	2.27145882	0.252366595	0	11.1	0	0	3
256	696	246.9964	1.34507629	306.66894	306.642679	305.106253	307.283789	2.17753558	0.252366595	0	11.5	0	0	3
257	699	247.612088	1.35033049	306.616807	306.66039	305.197957	307.283789	2.08583152	0.252366595	0	12	0	0	3
258	701	248.207087	1.35558469	306.569533	306.676195	305.29015	307.283789	1.9936387	0.252366595	0	12.6	0	0	3
259	704	248.821689	1.3608389	306.524089	306.6909	305.376349	307.283789	1.90743985	0.252366595	0	13.2	0	0	3
260	706	249.41572	1.3660931	306.483054	306.703884	305.460499	307.283789	1.82328905	0.252366595	0	13.8	0	0	3
261	709	250.029162	1.37134731	306.443805	306.715848	305.538361	307.283789	1.74542744	0.252366595	0	14.4	0	0	3
262	711	250.621859	1.37660151	306.408566	306.726304	305.613939	307.283789	1.66984969	0.252366595	0	15.1	0	0	3
263	714	251.234262	1.38185571	306.375009	306.735824	305.683631	307.283789	1.60015723	0.252366595	0	15.7	0	0	3
264	716	251.828142	1.38710992	306.344878	306.744029	305.751048	307.283789	1.53274076	0.252366595	0	16.4	0	0	3
265	719	252.439574	1.39236412	306.316411	306.75138	305.813122	307.283789	1.47066695	0.252366595	0	17.1	0	0	3
266	721	253.033342	1.39761833	306.290925	306.757601	305.873054	307.283789	1.41073465	0.252366595	0	17.8	0	0	3
267	724	253.643952	1.40287253	306.267001	306.763046	305.928137	307.283789	1.35565124	0.252366595	0	18.6	0	0	3
268	726	254.235578	1.40812674	306.245697	306.767535	305.981386	307.283789	1.30240288	0.252366595	0	19.3	0	0	3
269	729	254.845577	1.41338094	306.225687	306.771306	306.030343	307.283789	1.25344539	0.252366595	0	20.1	0	0	3
270	731	255.435307	1.41863514	306.207977	306.774278	306.07772	307.283789	1.2060683	0.252366595	0	20.9	0	0	3
271	734	256.044616	1.42388935	306.191392	306.776577	306.121325	307.283789	1.16246307	0.252366595	0	21.7	0	0	3
272	736	256.63481	1.42914355	306.176806	306.778194	306.163633	307.283789	1.12015572	0.252366595	0	22.5	0	0	3
273	739	257.24339	1.43439776	306.16327	306.779201	306.16327	307.283789	1.12051848	0.252366595	0	22.5	0	0	3
274	741	257.833535	1.43965196	306.151379	306.779626	306.151379	307.283789	1.13240921	0.252366595	0	22.2	0	0	3
275	744	258.441225	1.44490617	306.140426	306.779496	306.140426	307.283789	1.14336264	0.252366595	0	22	0	0	3
276	746	259.030098	1.45016037	306.13091	306.778888	306.13091	307.283789	1.15287831	0.252366595	0	21.8	0	0	3
277	748	259.636298	1.45541457	306.122243	306.777761	306.122243	307.283789	1.1615455	0.252366595	0	21.7	0	0	3
278	751	260.222841	1.46066878	306.114808	306.776256	306.114808	307.283789	1.16898037	0.252366595	0	21.5	0	0	3
279	753	260.828128	1.46592298	306.108121	306.774245	306.108121	307.283789	1.1756675	0.252366595	0	21.4	0	0	3
280	756	261.414697	1.47117719	306.102466	306.771922	306.102466	307.283789	1.1813222	0.252366595	0	21.3	0	0	3
281	758	262.019333	1.47643139	306.097487	306.769125	306.097487	307.283789	1.18630149	0.252366595	0	21.2	0	0	3
282	761	262.605403	1.4816856	306.09337	306.766077	306.09337	307.283789	1.19041903	0.252366595	0	21.1	0	0	3
283	763	263.208977	1.4869398	306.089877	306.762583	306.089877	307.283789	1.1939114	0.252366595	0	21.1	0	0	3
284	765	263.795253	1.492194	306.08709	306.75888	306.08709	307.283789	1.19669882	0.252366595	0	21	0	0	3
285	768	264.39756	1.49744821	306.084858	306.754766	306.084858	307.283789	1.19893076	0.252366595	0	21	0	0	3
286	770	264.98103	1.50270241	306.083226	306.75051	306.083226	307.283789	1.20056288	0.252366595	0	21	0	0	3
287	773	265.582259	1.50795662	306.082109	306.745839	306.082109	307.283789	1.20167992	0.252366595	0	21	0	0	3
288	775	266.163879	1.51321082	306.081496	306.741076	306.081496	307.283789	1.20229234	0.252366595	0	20.9	0	0	3
289	777	266.764428	1.51846502	306.081376	306.735899	306.081376	307.283789	1.2024123	0.252366595	0	20.9	0	0	3
290	780	267.346126	1.52371923	306.081648	306.730659	306.081376	307.283789	1.2024123	0.252366595	0	20.9	0	0	3
291	782	267.945797	1.52897343	306.08234	306.725024	306.081376	307.283789	1.2024123	0.252366595	0	20.9	0	0	3
292	785	268.527045	1.53422764	306.083368	306.719357	306.081376	307.283789	1.2024123	0.252366595	0	20.9	0	0	3
293	787	269.125456	1.53948184	306.0848	306.713312	306.081376	307.283789	1.2024123	0.252366595	0	20.9	0	0	3
294	790	269.70695	1.54473605	306.086471	306.707249	306.081376	307.283789	1.2024123	0.252366595	0	20.9	0	0	3
295	792	270.304368	1.54999025	306.088467	306.700827	306.081376	307.283789	1.2024123	0.252366595	0	20.9	0	0	3
296	794	270.883235	1.55524445	306.090688	306.694429	306.081376	307.283789	1.2024123	0.252366595	0	20.9	0	0	3
297	797	271.479687	1.56049866	306.093246	306.687661	306.081376	307.283789	1.2024123	0.252366595	0	20.9	0	0	3
298	800	272.058616	1.56575286	306.095922	306.680929	306.081376	307.283789	1.2024123	0.252366595	0	20.9	0	0	3
299	802	272.654112	1.57100707	306.098969	306.673842	306.081376	307.283789	1.2024123	0.252366595	0	20.9	0	0	3
300	804	273.231767	1.57626127	306.102131	306.666816	306.081376	307.283789	1.2024123	0.252366595	0	20.9	0	0	3
301	808	273.826268	1.58151548	306.105614	306.659435	306.081376	307.283789	1.2024123	0.252366595	0	20.9	0	0	3
302	810	274.403918	1.58676968	306.109163	306.652126	306.081376	307.283789	1.2024123	0.252366595	0	20.9	0	0	3
303	812	274.997369	1.59202388	306.112994	306.644475	306.081376	307.283789	1.2024123	0.252366595	0	20.9	0	0	3
304	815	275.572247	1.59727809	306.11686	306.636927	306.081376	307.283789	1.2024123	0.252366595	0	20.9	0	0	3
305	817	276.165263	1.60253229	306.121003	306.629018	306.081376	307.283789	1.2024123	0.252366595	0	20.9	0	0	3
306	820	276.740921	1.6077865	306.125155	306.621218	306.081376	307.283789	1.2024123	0.252366595	0	20.9	0	0	3
307	822	277.333104	1.6130407	306.129605	306.613071	306.081376	307.283789	1.2024123	0.252366595	0	20.9	0	0	3
308	824	277.907029	1.61829491	306.134055	306.605057	306.081376	307.283789	1.2024123	0.252366595	0	20.9	0	0	3
309	827	278.498155	1.62354911	306.138711	306.596689	306.081376	307.283789	1.2024123	0.252366595	0	20.9	0	0	3
310	829	279.072202	1.62880331	306.143385	306.588458	306.081376	307.283789	1.2024123	0.252366595	0	20.9	0	0	3
311	832	279.66218	1.63405752	306.14826	306.579885	306.081376	307.283789	1.2024123	0.252366595	0	20.9	0	0	3
312	834	280.233785	1.63931172	306.153083	306.571468	306.081376	307.283789	1.2024123	0.252366595	0	20.9	0	0	3
313	837	280.822933	1.64456593	306.158155	306.562699	306.081376	307.283789	1.19940044	0.252366595	0	21	0	0	3
314	839	281.395206	1.64982013	306.163138	306.554083	306.081376	307.283789	1.17040253	0.252366595	0	21.5	0	0	3
315	841	281.983653	1.65507434	306.168372	306.545126	306.081376	307.283789	1.14174857	0.252366595	0	22.1	0	0	3
316	844	282.555151	1.66032854	306.173507	306.536333	306.081376	307.283789	1.1126862	0.252366595	0	22.6	0	0	3
317	847	283.142924	1.66558274	306.178889	306.527197	306.081376	307.283789	1.08397498	0.252366595	0	23.2	0	0	3
318	851	283.713708	1.67083695	306.184137	306.518237	306.081376	307.283789	1.05488702	0.252366595	0	23.9	0	0	3
319	855	284.300545	1.67609115	306.189634	306.508931	306.081376	307.283789	1.02617155	0.252366595	0	24.5	0	0	3
320	858	284.868435	1.68134536	306.194974	306.499822	306.081376	307.283789	0.997075071	0.252366595	0	25.3	0	0	3
321	860	285.45431	1.68659956	306.200541	306.490354	306.081376	307.283789	0.968335543	0.252366595	0	26	0	0	3
322	863	286.023159	1.69185376	306.206023	306.481083	306.081376	307.283789	0.939218944	0.252366595	0	26.8	0	0	3
323	865	286.608424	1.69710797	306.211677	306.471461	306.081376	307.283789	0.910489578	0.252366595	0	27.7	0	0	3
324	868	287.176652	1.70236217	306.217234	306.46204	306.081376	307.283789	0.881127289	0.252366595	0	28.6	0	0	3
325	870	287.761304	1.70761638	306.222996	306.452273	306.081376	307.283789	0.852268773	0.252366595	0	29.6	0	0	3
326	872	288.328513	1.71287058	306.228611	306.442712	306.081376	307.283789	0.822915784	0.252366595	0	30.6	0	0	3
327	875	288.912405	1.71812479	306.23443	306.432803	306.081376	307.283789	0.79412929	0.252366595	0	31.7	0	0	3
328	877	289.47708	1.72337899	306.240115	306.423112	306.081376	307.283789	0.764607192	0.252366595	0	33	0	0	3
329	880	290.060399	1.72863319	306.245986	306.413064	306.081376	307.283789	0.735609014	0.252366595	0	34.3	0	0	3
330	882	290.625968	1.7338874	306.251693	306.403233	306.081376	307.283789	0.706054072	0.252366595	0	35.7	0	0	3
331	884	291.208334	1.7391416	306.257609	306.393055	306.081376	307.283789	0.67718552	0.252366595	0	37.2	0	0	3
332	887	291.772902	1.74439581	306.263371	306.383099	306.081376	307.283789	0.647536977	0.252366595	0	38.9	0	0	3
333	889	292.354136	1.74965001	306.269348	306.372796	306.081376	307.283789	0.618581758	0.252366595	0	40.7	0	0	3
334	892	292.918126	1.75490422	306.275152	306.362717	306.081376	307.283789	0.588864173	0.252366595	0	42.8	0	0	3
335	894	293.498571	1.76015842	306.281143	306.352295	306.081376	307.283789	0.559861712	0.252366595	0	45	0	0	3
336	896	294.061683	1.76541262	306.286966	306.342098	306.081376	307.283789	0.53007139	0.252366595	0	47.6	0	0	3
337	899	294.641015	1.77066683	306.293003	306.331558	306.081376	307.283789	0.501004628	0.252366595	0	50.3	0	0	3
338	901	295.203062	1.77592103	306.298847	306.321248	306.081376	307.283789	0.471143873	0.252366595	0	53.5	0	0	3
339	903	295.781525	1.78117524	306.304886	306.310592	306.081376	307.283789	0.469033775	0.252366595	0	53.8	0	0	3
340	906	296.342865	1.78642944	306.310767	306.300171	306.081376	307.275101	0.479455133	0.252366595	0	52.6	0	0	3
341	908	296.92058	1.79168365	306.316872	306.289615	306.081376	307.243644	0.490010685	0.252366595	0	51.5	0	0	3
342	910	297.481028	1.79693785	306.322759	306.27974	306.081376	307.20552	0.499886307	0.252366595	0	50.4	0	0	3
343	913	298.057665	1.80219205	306.328844	306.270068	306.081376	307.157185	0.509558011	0.252366595	0	49.5	0	0	3
344	915	298.617143	1.80744626	306.334813	306.261232	306.081376	307.098892	0.518393811	0.252366595	0	48.6	0	0	3
345	918	299.194285	1.81270046	306.341011	306.252853	306.081376	307.037168	0.526772919	0.252366595	0	47.9	0	0	3
346	920	299.751495	1.81795467	306.346873	306.245415	306.081376	306.971193	0.534211451	0.252366595	0	47.2	0	0	3
347	923	300.327288	1.82320887	306.331004	306.23833	306.081376	306.907079	0.541296248	0.252366595	0	46.6	0	0	3
348	925	300.885475	1.82846307	306.297101	306.231788	306.081376	306.842631	0.547838113	0.252366595	0	46	0	0	3
349	928	301.460325	1.83371728	306.255981	306.225337	306.081376	306.781976	0.55428924	0.252366595	0	45.5	0	0	3
350	930	302.017737	1.83897148	306.206074	306.219224	306.081376	306.722945	0.560402467	0.252366595	0	45	0	0	3
351	933	302.591764	1.84422569	306.146705	306.212956	306.081376	306.66894	0.566670085	0.252366595	0	44.5	0	0	3
352	935	303.148727	1.84947989	306.083561	306.206827	306.081376	306.616807	0.535430564	0.252366595	0	47.1	0	0	3
353	938	303.721981	1.8547341	306.016595	306.200385	306.016595	306.569533	0.552937954	0.252366595	0	45.6	0	0	3
354	940	304.277983	1.8599883	305.951061	306.193995	305.951061	306.524089	0.573027526	0.252366595	0	44	0	0	3
355	943	304.85021	1.8652425	305.88479	306.187216	305.88479	306.483054	0.592409692	0.252366595	0	42.6	0	0	3
356	945	305.40537	1.87049671	305.822584	306.180462	305.822584	306.443805	0.599163893	0.252366595	0	42.1	0	0	3
357	948	305.976981	1.87575091	305.761269	306.173292	305.761269	306.408566	0.606334154	0.252366595	0	41.6	0	0	3
358	950	306.531555	1.88100512	305.704482	306.166148	305.704482	306.375009	0.61347847	0.252366595	0	41.1	0	0	3
359	953	307.102389	1.88625932	305.649574	306.15858	305.649574	306.346873	0.621046022	0.252366595	0	40.6	0	0	3
360	955	307.656073	1.89151353	305.599423	306.151053	305.599423	306.346873	0.628573349	0.252366595	0	40.1	0	0	3
361	958	308.226113	1.89676773	305.551091	306.14311	305.551091	306.346873	0.636516268	0.252366595	0	39.6	0	0	3
362	960	308.779346	1.90202193	305.507127	306.135224	305.507127	306.346873	0.644402288	0.252366595	0	39.1	0	0	3
363	963	309.349214	1.90727614	305.464879	306.126922	305.464879	306.346873	0.652704416	0.252366595	0	38.6	0	0	3
364	965	309.902291	1.91253034	305.426421	306.1187	305.426421	306.346873	0.660926588	0.252366595	0	38.1	0	0	3
365	968	310.471763	1.91778455	305.389404	306.11006	305.389404	306.346873	0.669565973	0.252366595	0	37.6	0	0	3
366	970	311.024078	1.92303875	305.355815	306.101527	305.355815	306.346873	0.678098737	0.252366595	0	37.2	0	0	3
367	972	311.592654	1.92829296	305.323654	306.09258	305.323654	306.346873	0.687046571	0.252366595	0	36.7	0	0	3
368	975	312.144263	1.93354716	305.294503	306.083753	305.294503	306.346873	0.695872757	0.252366595	0	36.2	0	0	3
369	978	312.712461	1.93880136	305.266549	306.07451	305.266549	306.346873	0.705116209	0.252366595	0	35.7	0	0	3
370	981	313.26391	1.94405557	305.241259	306.065402	305.241259	306.346873	0.71409385	0.252366595	0	35.3	0	0	3
371	983	313.831916	1.94930977	305.217093	306.05588	305.217093	306.346873	0.723008477	0.252366595	0	34.9	0	0	3
372	985	314.3829	1.95456398	305.195287	306.046515	305.195287	306.346873	0.731245881	0.252366595	0	34.5	0	0	3
373	988	314.950246	1.95981818	305.174431	306.03674	305.174431	306.346873	0.739515447	0.252366595	0	34.1	0	0	3
374	990	315.500549	1.96507239	305.155647	306.027141	305.155647	306.346873	0.747104754	0.252366595	0	33.7	0	0	3
375	993	316.067347	1.97032659	305.137764	306.017128	305.137764	306.346873	0.754794313	0.252366595	0	33.4	0	0	3
376	995	316.617253	1.97558079	305.12163	306.0073	305.12163	306.346873	0.761824355	0.252366595	0	33.1	0	0	3
377	998	317.183679	1.980835	305.106291	305.99706	305.106291	306.346873	0.769016571	0.252366595	0	32.8	0	0	3
378	1000	317.733092	1.9860892	305.092546	305.987022	305.092546	306.346873	0.775561137	0.252366595	0	32.5	0	0	3
379	1002	318.298958	1.99134341	305.079456	305.976573	305.079456	306.346873	0.782307655	0.252366595	0	32.2	0	0	3
380	1005	318.847874	1.99659761	305.067776	305.966334	305.067776	306.346873	0.78843207	0.252366595	0	32	0	0	3
381	1007	319.413385	2.00185181	305.05675	305.955687	305.05675	306.346873	0.794822679	0.252366595	0	31.7	0	0	3
382	1009	319.962064	2.00710602	305.046875	305.945264	305.046875	306.346873	0.800574571	0.252366595	0	31.5	0	0	3
383	1012	320.527309	2.01236022	305.037547	305.934429	305.037547	306.346873	0.806647471	0.252366595	0	31.2	0	0	3
384	1014	321.075651	2.01761443	305.029233	305.923832	305.029233	306.346873	0.812066844	0.252366595	0	31	0	0	3
385	1017	321.640539	2.02286863	305.021417	305.912818	305.021417	306.346873	0.817840467	0.252366595	0	30.8	0	0	3
386	1019	322.188637	2.02812284	305.014534	305.90205	305.014534	306.346873	0.822974268	0.252366595	0	30.6	0	0	3
387	1021	322.753339	2.03337704	305.008132	305.890867	305.008132	306.346873	0.828489739	0.252366595	0	30.4	0	0	3
388	1024	323.301187	2.03863124	305.002421	305.879938	305.002421	306.346873	0.833373993	0.252366595	0	30.2	0	0	3
389	1026	323.865446	2.04388545	304.997134	305.868599	304.997134	306.346873	0.838650016	0.252366595	0	30	0	0	3
390	1028	324.412621	2.04913965	304.992526	305.85752	304.992526	306.346873	0.843306897	0.252366595	0	29.9	0	0	3
391	1031	324.976183	2.05439386	304.988208	305.846036	304.988208	306.346873	0.848393145	0.252366595	0	29.7	0	0	3
392	1033	325.522837	2.05964806	304.984562	305.834825	304.984562	306.346873	0.852835926	0.252366595	0	29.5	0	0	3
393	1035	326.086185	2.06490227	304.981161	305.823195	304.981161	306.346873	0.857733521	0.252366595	0	29.4	0	0	3
394	1038	326.632823	2.07015647	304.978382	305.81184	304.978382	306.346873	0.862001315	0.252366595	0	29.2	0	0	3
395	1040	327.19596	2.07541067	304.975849	305.800074	304.975849	306.346873	0.86674175	0.252366595	0	29.1	0	0	3
396	1042	327.742325	2.08066488	304.973739	305.78859	304.973739	306.346873	0.870844556	0.252366595	0	28.9	0	0	3
397	1045	328.304155	2.08591908	304.971812	305.776707	304.971812	306.346873	0.875418434	0.252366595	0	28.8	0	0	3
398	1047	328.847924	2.09117329	304.970298	305.765126	304.970298	306.346873	0.879348645	0.252366595	0	28.6	0	0	3
399	1049	329.408894	2.09642749	304.96903	305.753124	304.96903	306.346873	0.883802586	0.252366595	0	28.5	0	0	3
400	1052	329.952171	2.1016817	304.96802	305.741436	304.96802	306.346873	0.887582386	0.252366595	0	28.4	0	0	3
401	1055	330.512675	2.1069359	304.967262	305.72931	304.967262	306.346873	0.891908682	0.252366595	0	28.2	0	0	3
402	1058	331.057441	2.1121901	304.96678	305.717466	304.96678	306.346873	0.895604629	0.252366595	0	28.1	0	0	3
403	1060	331.61732	2.11744431	304.966498	305.705225	304.966498	306.346873	0.899832323	0.252366595	0	28	0	0	3
404	1062	332.161801	2.12269851	304.966452	305.693275	304.966452	306.346873	0.903414005	0.252366595	0	27.9	0	0	3
405	1065	332.720881	2.12795272	304.966584	305.680926	304.966452	306.346873	0.907532179	0.252366595	0	27.8	0	0	3
406	1067	333.262984	2.13320692	304.966901	305.668884	304.966452	306.346873	0.911000893	0.252366595	0	27.7	0	0	3
407	1070	333.821712	2.13846112	304.967415	305.656426	304.966452	306.346873	0.915042493	0.252366595	0	27.5	0	0	3
408	1072	334.36275	2.14371533	304.968039	305.6443	304.966452	306.346873	0.918399071	0.252366595	0	27.4	0	0	3
409	1074	334.921078	2.14896953	304.968864	305.631733	304.966452	306.346873	0.92234981	0.252366595	0	27.3	0	0	3
410	1077	335.462474	2.15422374	304.969766	305.61948	304.966452	306.346873	0.925646381	0.252366595	0	27.2	0	0	3
411	1079	336.020202	2.15947794	304.970916	305.606809	304.966452	306.346873	0.929524239	0.252366595	0	27.1	0	0	3
412	1081	336.562652	2.16473215	304.97206	305.594437	304.966452	306.346873	0.932760828	0.252366595	0	27	0	0	3
413	1084	337.119663	2.16998635	304.973424	305.581664	304.966452	306.346873	0.936572853	0.252366595	0	26.9	0	0	3
414	1086	337.659578	2.17524055	304.974829	305.569216	304.966452	306.346873	0.939714921	0.252366595	0	26.8	0	0	3
415	1088	338.216552	2.18049476	304.976409	305.556339	304.966452	306.346873	0.943482729	0.252366595	0	26.7	0	0	3
416	1091	338.75599	2.18574896	304.978034	305.54382	304.966452	306.346873	0.946534741	0.252366595	0	26.6	0	0	3
417	1093	339.312621	2.19100317	304.979733	305.530846	304.966452	306.346873	0.950236666	0.252366595	0	26.5	0	0	3
418	1095	339.85252	2.19625737	304.981493	305.518201	304.966452	306.346873	0.953259913	0.252366595	0	26.4	0	0	3
419	1098	340.40888	2.20151158	304.983413	305.505127	304.966452	306.346873	0.956912841	0.252366595	0	26.3	0	0	3
420	1100	340.949576	2.20676578	304.985324	305.492375	304.966452	306.346873	0.959897597	0.252366595	0	26.2	0	0	3
421	1102	341.505336	2.21201998	304.987376	305.479205	304.966452	306.346873	0.963507141	0.252366595	0	26.1	0	0	3
422	1105	342.043648	2.21727419	304.989451	305.466383	304.966452	306.346873	0.966419862	0.252366595	0	26.1	0	0	3
423	1107	342.599169	2.22252839	304.991618	305.453118	304.966452	306.346873	0.969993974	0.252366595	0	26	0	0	3
424	1109	343.13728	2.2277826	304.993819	305.44023	304.966452	306.346873	0.972834245	0.252366595	0	25.9	0	0	3
425	1112	343.692422	2.2330368	304.996065	305.426869	304.966452	306.346873	0.9763641	0.252366595	0	25.8	0	0	3
426	1114	344.230839	2.23829101	304.998372	305.413862	304.966452	306.346873	0.979192759	0.252366595	0	25.7	0	0	3
427	1117	344.785697	2.24354521	305.000752	305.400413	304.966452	306.346873	0.982686062	0.252366595	0	25.6	0	0	3
428	1119	345.324994	2.24879941	305.003152	305.387315	304.966452	306.346873	0.985481171	0.252366595	0	25.6	0	0	3
429	1121	345.879119	2.25405362	305.00566	305.373785	304.966452	306.346873	0.988931548	0.252366595	0	25.5	0	0	3
430	1124	346.416312	2.25930782	305.008096	305.360611	304.966452	306.346873	0.991683539	0.252366595	0	25.4	0	0	3
431	1126	346.970339	2.26456203	305.010659	305.346993	304.966452	306.346873	0.995105228	0.252366595	0	25.3	0	0	3
432	1128	347.506922	2.26981623	305.013159	305.333737	304.966452	306.346873	0.997820666	0.252366595	0	25.2	0	0	3
433	1131	348.060686	2.27507044	305.015806	305.320038	304.966452	306.346873	1.00121015	0.252366595	0	25.2	0	0	3
434	1133	348.597483	2.28032464	305.018349	305.306702	304.966452	306.346873	1.00389038	0.252366595	0	25.1	0	0	3
435	1135	349.150842	2.28557884	305.021061	305.292921	304.966452	306.346873	1.00724987	0.252366595	0	25	0	0	3
436	1138	349.688922	2.29083305	305.023763	305.279496	304.966452	306.346873	1.0101196	0.252366595	0	24.9	0	0	3
437	1140	350.241622	2.29608725	305.026512	305.265634	304.966452	306.346873	1.01410589	0.252366595	0	24.8	0	0	3
438	1142	350.777251	2.30134146	305.029209	305.252141	304.966452	306.346873	1.01792669	0.252366595	0	24.7	0	0	3
439	1145	351.330017	2.30659566	305.031949	305.238202	304.966452	306.346873	1.02303023	0.252366595	0	24.6	0	0	3
440	1147	351.865089	2.31184986	305.034719	305.224635	304.966452	306.346873	1.028218	0.252366595	0	24.5	0	0	3
441	1149	352.417538	2.31710407	305.03761	305.210588	304.966452	306.346873	1.03482652	0.252366595	0	24.3	0	0	3
442	1152	352.953231	2.32235827	305.040376	305.196973	304.966452	306.331004	1.0413565	0.252366595	0	24.2	0	0	3
443	1154	353.505437	2.32761248	305.043226	305.183098	304.966452	306.297101	1.04869002	0.252366595	0	24	0	0	3
444	1156	354.042107	2.33286668	305.046033	305.170016	304.966452	306.255981	1.05532062	0.252366595	0	23.9	0	0	3
445	1159	354.593585	2.33812089	305.048909	305.15701	304.966452	306.206074	1.06221347	0.252366595	0	23.7	0	0	3
446	1161	355.127894	2.34337509	305.051752	305.144941	304.966452	306.146705	1.06801512	0.252366595	0	23.6	0	0	3
447	1163	355.679068	2.34862929	305.05468	305.133172	304.966452	306.083561	1.07365524	0.252366595	0	23.5	0	0	3
448	1166	356.213099	2.3538835	305.057538	305.122435	304.966452	306.016595	1.05014302	0.252366595	0	24	0	0	3
449	1168	356.764078	2.3591377	305.060513	305.112128	304.966452	305.951061	0.984609473	0.252366595	0	25.6	0	0	3
450	1170	357.298436	2.36439191	305.063378	305.10284	304.966452	305.88479	0.918338137	0.252366595	0	27.4	0	0	3
451	1173	357.849248	2.36964611	305.066356	305.094018	304.966452	305.822584	0.856132315	0.252366595	0	29.4	0	0	3
452	1175	358.384453	2.37490032	305.069272	305.086133	304.966452	305.761269	0.794817383	0.252366595	0	31.7	0	0	3
453	1177	358.934618	2.38015452	305.072263	305.078702	304.966452	305.704482	0.738029693	0.252366595	0	34.1	0	0	3
454	1180	359.4676	2.38540872	305.075159	305.07211	304.966452	305.649574	0.683121943	0.252366595	0	36.9	0	0	3
455	1182	360.01773	2.39066293	305.077487	305.065937	304.966452	305.599423	0.632971504	0.252366595	0	39.8	0	0	3
456	1185	360.552463	2.39591713	305.043045	305.060121	304.966452	305.551091	0.584638602	0.252366595	0	43.1	0	0	3
457	1187	361.102012	2.40117134	305.005032	305.054256	304.966452	305.507127	0.540675202	0.252366595	0	46.6	0	0	3
458	1190	361.636358	2.40642554	304.958092	305.048544	304.958092	305.464879	0.506786871	0.252366595	0	49.7	0	0	3
459	1192	362.185433	2.41167975	304.900325	305.042513	304.900325	305.426421	0.526096587	0.252366595	0	47.9	0	0	3
460	1194	362.719747	2.41693395	304.837796	305.036422	304.837796	305.389404	0.551608039	0.252366595	0	45.7	0	0	3
461	1197	363.268301	2.42218815	304.769921	305.029845	304.769921	305.355815	0.585893516	0.252366595	0	43	0	0	3
462	1199	363.800081	2.42744236	304.702614	305.023137	304.702614	305.323654	0.621039777	0.252366595	0	40.6	0	0	3
463	1202	364.348979	2.43269656	304.633869	305.015848	304.633869	305.294503	0.66063311	0.252366595	0	38.2	0	0	3
464	1204	364.882464	2.43795077	304.568291	305.008406	304.568291	305.266549	0.698257909	0.252366595	0	36.1	0	0	3
465	1207	365.43073	2.44320497	304.503427	305.000372	304.503427	305.241259	0.737831755	0.252366595	0	34.2	0	0	3
466	1209	365.964172	2.44845918	304.44283	304.992208	304.44283	305.217093	0.774263828	0.252366595	0	32.5	0	0	3
467	1212	366.512187	2.45371338	304.383556	304.983452	304.383556	305.195287	0.811731673	0.252366595	0	31	0	0	3
468	1214	367.045234	2.45896758	304.328991	304.974611	304.328991	305.174431	0.845440025	0.252366595	0	29.8	0	0	3
469	1217	367.593029	2.46422179	304.2761	304.965189	304.2761	305.155647	0.879547933	0.252366595	0	28.6	0	0	3
470	1219	368.125837	2.46947599	304.227359	304.955727	304.227359	305.137764	0.91040521	0.252366595	0	27.7	0	0	3
471	1222	368.673328	2.4747302	304.18046	304.945697	304.18046	305.12163	0.941169627	0.252366595	0	26.8	0	0	3
472	1224	369.206057	2.4799844	304.137424	304.935669	304.137424	305.106291	0.968867249	0.252366595	0	26	0	0	3
473	1227	369.753514	2.4852386	304.09612	304.925088	304.09612	305.092546	0.996426343	0.252366595	0	25.3	0	0	3
474	1229	370.2859	2.49049281	304.058349	304.914557	304.058349	305.079456	1.02110707	0.252366595	0	24.7	0	0	3
475	1231	370.833349	2.49574701	304.022022	304.90348	304.022022	305.077487	1.0554646	0.252366595	0	23.9	0	0	3
476	1234	371.365543	2.50100122	303.988885	304.892494	303.988885	305.077487	1.06319264	0.252366595	0	23.7	0	0	3
477	1236	371.912767	2.50625542	303.956984	304.880974	303.956984	305.077487	1.06429032	0.252366595	0	23.7	0	0	3
478	1239	372.444999	2.51150963	303.927814	304.869573	303.927814	305.077487	1.06485524	0.252366595	0	23.6	0	0	3
479	1241	372.992047	2.51676383	303.899725	304.857651	303.899725	305.077487	1.06618063	0.252366595	0	23.6	0	0	3
480	1244	373.524111	2.52201803	303.874071	304.845879	303.874071	305.077487	1.06693899	0.252366595	0	23.6	0	0	3
481	1246	374.071133	2.52727224	303.849395	304.833591	303.849395	305.077487	1.06845859	0.252366595	0	23.6	0	0	3
482	1249	374.603183	2.53252644	303.82686	304.82148	303.82686	305.077487	1.06938684	0.252366595	0	23.5	0	0	3
483	1251	375.150194	2.53778065	303.805139	304.808858	303.805139	305.077487	1.07107989	0.252366595	0	23.5	0	0	3
484	1253	375.682193	2.54303485	303.785278	304.796438	303.785278	305.077487	1.0721607	0.252366595	0	23.5	0	0	3
485	1256	376.229021	2.54828906	303.766213	304.783517	303.766213	305.077487	1.07400342	0.252366595	0	23.4	0	0	3
486	1258	376.76078	2.55354326	303.748805	304.770821	303.748805	305.077487	1.07521425	0.252366595	0	23.4	0	0	3
487	1261	377.307699	2.55879746	303.732048	304.757624	303.732048	305.077487	1.07720086	0.252366595	0	23.4	0	0	3
488	1263	377.839414	2.56405167	303.716752	304.744674	303.716752	305.077487	1.07852145	0.252366595	0	23.3	0	0	3
489	1265	378.386174	2.56930587	303.701987	304.731226	303.701987	305.077487	1.08061422	0.252366595	0	23.3	0	0	3
490	1268	378.917952	2.57456008	303.688517	304.718037	303.688517	305.077487	1.08203695	0.252366595	0	23.3	0	0	3
491	1270	379.464608	2.57981428	303.67558	304.704357	303.67558	305.077487	1.08423381	0.252366595	0	23.2	0	0	3
492	1272	379.996121	2.58506849	303.663745	304.690955	303.663745	305.077487	1.08575231	0.252366595	0	23.2	0	0	3
493	1275	380.542904	2.59032269	303.65238	304.677064	303.65238	305.077487	1.08806221	0.252366595	0	23.1	0	0	3
494	1277	381.074442	2.59557689	303.642015	304.663476	303.642015	305.077487	1.08964789	0.252366595	0	23.1	0	0	3
495	1279	381.621024	2.6008311	303.632047	304.649396	303.632047	305.077487	1.09203955	0.252366595	0	23.1	0	0	3
496	1282	382.152744	2.6060853	303.622947	304.635624	303.622947	305.077487	1.09368511	0.252366595	0	23	0	0	3
497	1284	382.699284	2.61133951	303.614213	304.621365	303.614213	305.077487	1.09610104	0.252366595	0	23	0	0	3
498	1286	383.230704	2.61659371	303.606256	304.607419	303.606256	305.077487	1.09780589	0.252366595	0	22.9	0	0	3
499	1289	383.777335	2.62184791	303.598579	304.592992	303.598579	305.077487	1.10028237	0.252366595	0	22.9	0	0	3
500	1291	384.308743	2.62710212	303.591602	304.578888	303.591602	305.077487	1.10203769	0.252366595	0	22.8	0	0	3
501	1294	384.855212	2.63235632	303.584922	304.564312	303.584922	305.077487	1.10457229	0.252366595	0	22.8	0	0	3
502	1297	385.386846	2.63761053	303.578804	304.550073	303.578804	305.077487	1.10635235	0.252366595	0	22.8	0	0	3
503	1299	385.933504	2.64286473	303.572938	304.535348	303.572938	305.077487	1.10895184	0.252366595	0	22.7	0	0	3
504	1301	386.464799	2.64811894	303.567587	304.520987	303.567587	305.077487	1.11074642	0.252366595	0	22.7	0	0	3
505	1304	387.011463	2.65337314	303.562464	304.506127	303.562464	305.077487	1.11335305	0.252366595	0	22.6	0	0	3
506	1306	387.542766	2.65862734	303.557799	304.491633	303.557799	305.077487	1.11517589	0.252366595	0	22.6	0	0	3
507	1308	388.089211	2.66388155	303.553331	304.476652	303.553331	305.077487	1.11778468	0.252366595	0	22.5	0	0	3
508	1310	388.620592	2.66913575	303.549258	304.462023	303.549258	305.077487	1.11964042	0.252366595	0	22.5	0	0	3
509	1313	389.166984	2.67438996	303.545331	304.446927	303.545331	305.077487	1.12228879	0.252366595	0	22.4	0	0	3
510	1315	389.697999	2.67964416	303.541782	304.432213	303.541782	305.077487	1.12412558	0.252366595	0	22.4	0	0	3
511	1318	390.244287	2.68489837	303.538409	304.417003	303.538409	305.077487	1.12681696	0.252366595	0	22.3	0	0	3
512	1320	390.775418	2.69015257	303.535335	304.402183	303.535335	305.077487	1.12866309	0.252366595	0	22.3	0	0	3
513	1322	391.32169	2.69540677	303.532392	304.386866	303.532392	305.077487	1.13133519	0.252366595	0	22.3	0	0	3
514	1324	391.852824	2.70066098	303.529719	304.371937	303.529719	305.077487	1.13318963	0.252366595	0	22.2	0	0	3
515	1327	392.39915	2.70591518	303.527143	304.356516	303.527143	305.077487	1.13585881	0.252366595	0	22.2	0	0	3
516	1329	392.93001	2.71116939	303.524811	304.341482	303.524811	305.077487	1.13772341	0.252366595	0	22.1	0	0	3
517	1331	393.476329	2.71642359	303.522571	304.325966	303.522571	305.077487	1.14041723	0.252366595	0	22.1	0	0	3
518	1334	394.007406	2.7216778	303.520574	304.310862	303.520574	305.077487	1.14225593	0.252366595	0	22	0	0	3
519	1336	394.55359	2.726932	303.518703	304.295255	303.518703	305.077487	1.14497506	0.252366595	0	22	0	0	3
520	1338	395.084753	2.7321862	303.51697	304.280061	303.51697	305.077487	1.14680809	0.252366595	0	22	0	0	3
521	1341	395.630905	2.73744041	303.515301	304.264366	303.515301	305.077487	1.14949642	0.252366595	0	21.9	0	0	3
522	1343	396.161774	2.74269461	303.513821	304.249083	303.513821	305.077487	1.15132962	0.252366595	0	21.9	0	0	3
523	1345	396.708072	2.74794882	303.512396	304.2333	303.512396	305.077487	1.1540149	0.252366595	0	21.8	0	0	3
524	1348	397.239099	2.75320302	303.511153	304.217916	303.511153	305.077487	1.15586988	0.252366595	0	21.8	0	0	3
525	1350	397.78519	2.75845723	303.509974	304.202058	303.509974	305.077487	1.15855315	0.252366595	0	21.7	0	0	3
526	1352	398.316416	2.76371143	303.508911	304.18662	303.508911	305.077487	1.16037237	0.252366595	0	21.7	0	0	3
527	1354	398.862608	2.76896563	303.507906	304.170679	303.507906	305.077487	1.16305857	0.252366595	0	21.6	0	0	3
528	1357	399.393465	2.77421984	303.506999	304.155176	303.506999	305.077487	1.16486231	0.252366595	0	21.6	0	0	3
529	1359	399.939735	2.77947404	303.506139	304.139155	303.506139	305.077487	1.16754668	0.252366595	0	21.6	0	0	3
530	1361	400.470671	2.78472825	303.505389	304.12357	303.505389	305.077487	1.16935071	0.252366595	0	21.5	0	0	3
531	1364	401.016618	2.78998245	303.504691	304.107481	303.504691	305.077487	1.17201522	0.252366595	0	21.5	0	0	3
532	1366	401.547725	2.79523665	303.504087	304.091794	303.504087	305.077487	1.17384014	0.252366595	0	21.4	0	0	3
533	1368	402.093823	2.80049086	303.503517	304.075635	303.503517	305.077487	1.17650657	0.252366595	0	21.4	0	0	3
534	1371	402.624535	2.80574506	303.503051	304.059923	303.503051	305.077487	1.1782795	0.252366595	0	21.4	0	0	3
535	1373	403.170578	2.81099927	303.502616	304.043688	303.502616	305.077487	1.18094735	0.252366595	0	21.3	0	0	3
536	1375	403.701382	2.81625347	303.502229	304.027914	303.502229	305.077487	1.18267461	0.252366595	0	21.3	0	0	3
537	1378	404.247116	2.82150768	303.50189	304.011613	303.50189	305.077487	1.18536084	0.252366595	0	21.2	0	0	3
538	1380	404.775981	2.82676188	303.501581	303.995773	303.501581	305.077487	1.1873248	0.252366595	0	21.2	0	0	3
