Iteration	CPUTime	PhysTime	Travels	Value	AvValue	MinValue	MaxValue	Delta	Criteria	PrevAvRefValue	Progress	CriteriaType	CriteriaVarType	CriteriaPercentage
1	29	0.0162367046	0.00525420424	298.153205	298.153205	298.153205	298.153205	0	0	0	0	0	0	3
2	31	0.0324781022	0.0105084085	298.15646	298.154833	298.153205	298.15646	0.00162746043	0	0	0	0	0	3
3	33	0.0487542881	0.0157626127	298.159757	298.156477	298.153205	298.159757	0.00327144365	0	0	0	0	0	3
4	36	0.0652875332	0.021016817	298.163128	298.158161	298.153205	298.163128	0.00495584508	0	0	0	0	0	3
5	38	0.0837201606	0.0262710212	298.166902	298.160086	298.153205	298.166902	0.00688038897	0	0	0	0	0	3
6	40	0.132420249	0.0315252254	298.176816	298.166239	298.153205	298.176816	0.0130332801	0	0	0	0	0	3
7	42	0.336429492	0.0367794297	298.216439	298.19668	298.153205	298.216439	0.0434743542	0	0	0	0	0	3
8	46	1.67553863	0.0420336339	298.418908	298.374287	298.153205	298.418908	0.22108156	0	0	0	0	0	3
9	50	10.7473596	0.0472878381	298.956728	298.865924	298.153205	298.956728	0.712718653	0	0	0	0	0	3
10	55	44.8039731	0.0525420424	299.446559	299.307279	298.153205	299.446559	1.15407372	0	0	0	0	0	3
11	58	45.6867102	0.0577962466	299.480319	299.310622	298.153205	299.480319	1.15741713	0	0	0	0	0	3
12	61	46.3795552	0.0630504509	299.505825	299.313538	298.153205	299.505825	1.16033319	0	0	0	0	0	3
13	64	46.8586132	0.0683046551	299.522789	299.315678	298.153205	299.522789	1.16247246	0	0	0	0	0	3
14	66	47.2647115	0.0735588593	299.536673	299.317576	298.153205	299.536673	1.16437125	0	0	0	0	0	3
15	69	47.6243691	0.0788130636	299.548613	299.319321	298.153205	299.548613	1.16611602	0	0	0	0	0	3
16	72	48.1363147	0.0840672678	299.564648	299.32193	298.153205	299.564648	1.16872515	0	0	0	0	0	3
17	74	48.6168349	0.0893214721	299.579068	299.324472	298.153205	299.579068	1.17126665	0	0	0	0	0	3
18	77	49.0827006	0.0945756763	299.592499	299.327016	298.153205	299.592499	1.17381061	0	0	0	0	0	3
19	79	49.5540243	0.0998298805	299.605531	299.329665	298.153205	299.605531	1.17645966	0	0	0	0	0	3
20	82	50.047109	0.105084085	299.618561	299.332511	298.153205	299.618561	1.17930598	0	0	0	0	0	3
21	85	50.8057684	0.110338289	299.636948	299.337057	298.153205	299.636948	1.18385199	0	0	0	0	0	3
22	87	51.5990821	0.115592493	299.654789	299.341942	298.153205	299.654789	1.18873698	0	0	0	0	0	3
23	90	52.4251184	0.120846697	299.67203	299.347143	298.153205	299.67203	1.19393801	0	0	0	0	0	3
24	93	53.2727271	0.126100902	299.688459	299.352574	298.153205	299.688459	1.1993686	0	0	0	0	0	3
25	95	54.130989	0.131355106	299.703934	299.358145	298.153205	299.703934	1.20493951	0	0	0	0	0	3
26	98	55.4182895	0.13660931	299.724362	299.366652	298.153205	299.724362	1.21344629	0	0	0	0	0	3
27	101	56.6950026	0.141863514	299.742743	299.375121	298.153205	299.742743	1.22191549	0	0	0	0	0	3
28	104	57.9460995	0.147117719	299.759247	299.383414	298.153205	299.759247	1.23020905	0	0	0	0	0	3
29	107	59.1662014	0.152371923	299.774156	299.391472	298.153205	299.774156	1.23826677	0	0	0	0	0	3
30	110	60.355004	0.157626127	299.805651	299.39963	298.153205	299.805651	1.24642478	0	0	0	0	0	3
31	113	61.8847727	0.162880331	299.895586	299.41189	298.153205	299.895586	1.25868463	0	0	0	0	0	3
32	116	63.379911	0.168134536	299.986724	299.42545	298.153205	299.986724	1.27224503	0	0	0	0	0	3
33	119	64.8470579	0.17338874	300.08885	299.44046	298.153205	300.08885	1.28725427	0	0	0	0	0	3
34	122	66.2896594	0.178642944	300.201479	299.457021	298.153205	300.201479	1.30381565	0	0	0	0	0	3
35	124	67.7108526	0.183897148	300.316727	299.475065	298.153205	300.316727	1.32186015	0	0	0	0	0	3
36	128	69.1116691	0.189151353	300.43008	299.494422	298.153205	300.43008	1.34121722	0	0	0	0	0	3
37	131	70.4936093	0.194405557	300.537534	299.514871	298.153205	300.537534	1.36166613	0	0	0	0	0	3
38	133	71.8566672	0.199659761	300.637733	299.536171	298.153205	300.637733	1.38296583	0	0	0	0	0	3
39	136	73.2023027	0.204913965	300.729398	299.558105	298.153205	300.729398	1.40490022	0	0	0	0	0	3
40	139	74.5301983	0.21016817	300.812942	299.580463	298.153205	300.812942	1.42725749	0	0	0	0	0	3
41	142	75.8411404	0.215422374	300.888985	299.603081	298.153205	300.888985	1.44987578	0	0	0	0	0	3
42	145	77.1354356	0.220676578	300.957398	299.625806	298.153205	300.957398	1.47260056	0	0	0	0	0	3
43	148	78.4134466	0.225930782	301.019525	299.648521	298.153205	301.019525	1.49531591	0	0	0	0	0	3
44	151	79.6755359	0.231184986	301.07571	299.671128	298.153205	301.07571	1.51792309	0	0	0	0	0	3
45	154	80.9223344	0.236439191	301.126486	299.693552	298.153205	301.126486	1.5403463	0	0	0	0	0	3
46	157	82.1541264	0.241693395	301.172564	299.715727	298.153205	301.172564	1.56252212	0	0	0	0	0	3
47	160	83.3718609	0.246947599	301.214513	299.737619	298.153205	301.214513	1.58441348	0	0	0	0	0	3
48	162	84.5752894	0.252201803	301.252876	299.759179	298.153205	301.252876	1.6059742	0	0	0	0	0	3
49	165	85.7659717	0.257456008	301.288131	299.780406	298.153205	301.288131	1.6272005	0	0	0	0	0	3
50	168	86.9434252	0.262710212	301.320569	299.801264	298.153205	301.320569	1.64805856	0	0	0	0	0	3
51	171	88.1093756	0.267964416	301.350648	299.821767	298.153205	301.350648	1.66856155	0	0	0	0	0	3
52	174	89.2629975	0.27321862	301.378484	299.841886	298.153205	301.378484	1.68868034	0	0	0	0	0	3
53	176	90.4060462	0.278472825	301.404549	299.861643	298.153205	301.404549	1.70843786	0	0	0	0	0	3
54	179	91.5377194	0.283727029	301.428751	299.881017	298.153205	301.428751	1.72781189	0	0	0	0	0	3
55	182	92.6598196	0.288981233	301.451466	299.900035	298.153205	301.451466	1.74682985	0	0	0	0	0	3
56	185	93.7715015	0.294235437	301.472795	299.918681	298.153205	301.472795	1.76547527	0	0	0	0	0	3
57	188	94.8744384	0.299489642	301.492993	299.936982	298.153205	301.492993	1.78377701	0	0	0	0	0	3
58	190	95.9676129	0.304743846	301.511986	299.954923	298.153205	301.511986	1.80171799	0	0	0	0	0	3
59	193	97.0527481	0.30999805	301.530096	299.972535	298.153205	301.530096	1.81932981	0	0	0	0	0	3
60	196	98.1287847	0.315252254	301.547187	299.989802	298.153205	301.547187	1.83659675	0	0	0	0	0	3
61	199	99.1976554	0.320506459	301.563573	300.00676	298.153205	301.563573	1.85355438	0	0	0	0	0	3
62	202	100.258183	0.325760663	301.579223	300.023393	298.153205	301.579223	1.87018784	0	0	0	0	0	3
63	204	101.311257	0.331014867	301.594149	300.03972	298.153205	301.594149	1.88651498	0	0	0	0	0	3
64	207	102.357164	0.336269071	301.608505	300.05575	298.153205	301.608505	1.90254515	0	0	0	0	0	3
65	210	103.395719	0.341523275	301.622213	300.071485	298.153205	301.622213	1.91827942	0	0	0	0	0	3
66	212	104.427781	0.34677748	301.635492	300.086942	298.153205	301.635492	1.93373654	0	0	0	0	0	3
67	215	105.453104	0.352031684	301.64837	300.102124	298.153205	301.64837	1.94891835	0	0	0	0	0	3
68	218	106.47211	0.357285888	301.660946	300.117043	298.153205	301.660946	1.96383727	0	0	0	0	0	3
69	221	107.484994	0.362540092	301.67316	300.131707	298.153205	301.67316	1.97850133	0	0	0	0	0	3
70	223	108.491859	0.367794297	301.685051	300.146122	298.153205	301.685051	1.99291723	0	0	0	0	0	3
71	226	109.493136	0.373048501	301.696633	300.160301	298.153205	301.696633	2.00709611	0	0	0	0	0	3
72	229	110.48873	0.378302705	301.70796	300.174247	298.153205	301.70796	2.02104179	0	0	0	0	0	3
73	231	111.478853	0.383556909	301.718981	300.187967	298.153205	301.718981	2.03476167	0	0	0	0	0	3
74	234	112.464077	0.388811114	301.729784	300.201474	298.153205	301.729784	2.04826852	0	0	0	0	0	3
75	237	113.443263	0.394065318	301.740345	300.214757	298.153205	301.740345	2.06155129	0	0	0	0	0	3
76	240	114.417958	0.399319522	301.750696	300.227841	298.153205	301.750696	2.07463553	0	0	0	0	0	3
77	242	115.386896	0.404573726	301.760838	300.240714	298.153205	301.760838	2.08750857	0	0	0	0	0	3
78	245	116.351776	0.409827931	301.77081	300.253403	298.153205	301.77081	2.10019732	0	0	0	0	0	3
79	248	117.311409	0.415082135	301.780611	300.265895	298.153205	301.780611	2.11269022	0	0	0	0	0	3
80	251	118.267444	0.420336339	301.790273	300.278218	298.153205	301.790273	2.12501279	0	0	0	0	0	3
81	253	119.218561	0.425590543	301.799772	300.290357	298.153205	301.799772	2.13715164	0	0	0	0	0	3
82	256	120.16619	0.430844748	301.817174	300.302397	298.153205	301.817174	2.1491921	0	0	0	0	0	3
83	258	121.109036	0.436098952	301.876537	300.314652	298.153205	301.876537	2.16144693	0	0	0	0	0	3
84	261	122.048265	0.441353156	301.939548	300.327157	298.153205	301.939548	2.17395141	0	0	0	0	0	3
85	264	122.983322	0.44660736	302.013968	300.339982	298.153205	302.013968	2.18677643	0	0	0	0	0	3
86	267	123.91461	0.451861564	302.099032	300.353202	298.153205	302.099032	2.19999669	0	0	0	0	0	3
87	270	124.842341	0.457115769	302.189659	300.366849	298.153205	302.189659	2.2136438	0	0	0	0	0	3
88	273	125.765674	0.462369973	302.282586	300.380914	298.153205	302.282586	2.22770855	0	0	0	0	0	3
89	276	126.685654	0.467624177	302.374245	300.395389	298.153205	302.374245	2.24218395	0	0	0	0	0	3
90	278	127.600797	0.472878381	302.462775	300.410216	298.153205	302.462775	2.25701108	0	0	0	0	0	3
91	281	128.512689	0.478132586	302.547399	300.425381	298.153205	302.547399	2.27217596	0	0	0	0	0	3
92	284	129.420043	0.48338679	302.626792	300.440815	298.153205	302.626792	2.28760989	0	0	0	0	0	3
93	286	130.32358	0.488640994	302.701156	300.456486	298.153205	302.701156	2.30328089	0	0	0	0	0	3
94	289	131.223462	0.493895198	302.770618	300.472356	298.153205	302.770618	2.31915035	0	0	0	0	0	3
95	292	132.118622	0.499149403	302.835314	300.488366	298.153205	302.835314	2.3351604	0	0	0	0	0	3
96	295	133.010281	0.504403607	302.895607	300.504503	298.153205	302.895607	2.3512978	0	0	0	0	0	3
97	298	133.897049	0.509657811	302.951759	300.520998	298.15646	302.951759	2.36616504	0	0	0	0	0	3
98	300	134.779986	0.514912015	303.004154	300.537554	298.159757	303.004154	2.38107701	0	0	0	0	0	3
99	303	135.658406	0.52016622	303.052957	300.554133	298.163128	303.052957	2.39597169	0	0	0	0	0	3
100	306	136.532588	0.525420424	303.098563	300.570722	298.166902	303.098563	2.41063593	0	0	0	0	0	3
101	309	137.403119	0.530674628	303.141151	300.587339	298.176816	303.141151	2.42110083	0	0	0	0	0	3
102	312	138.268708	0.535928832	303.181028	300.604442	298.216439	303.181028	2.40776216	0	0	0	0	0	3
103	314	139.130761	0.541183037	303.218372	300.624187	298.418908	303.218372	2.24990015	0	0	0	0	0	3
104	317	139.988093	0.546437241	303.253451	300.661835	298.956728	303.253451	1.79591156	0	0	0	0	0	3
105	320	140.842276	0.551691445	303.286421	300.797969	299.446559	303.286421	1.49069024	0	0	0	0	0	3
106	322	141.692186	0.556945649	303.317505	301.295097	299.480319	303.317505	1.98447477	0	0	0	0	0	3
107	325	142.53944	0.562199853	303.34685	301.329586	299.505825	303.34685	2.01604745	0	0	0	0	0	3
108	328	143.382779	0.567454058	303.374642	301.360392	299.522789	303.374642	2.04471395	0	0	0	0	0	3
109	330	144.223358	0.572708262	303.40097	301.38705	299.536673	303.40097	2.06947352	0	0	0	0	0	3
110	333	145.060041	0.577962466	303.42596	301.412178	299.548613	303.42596	2.09285629	0	0	0	0	0	3
111	335	145.892958	0.58321667	303.449721	301.436268	299.564648	303.449721	2.11433778	0	0	0	0	0	3
112	338	146.722343	0.588470875	303.472352	301.463116	299.579068	303.472352	2.13864457	0	0	0	0	0	3
113	341	147.548949	0.593725079	303.494016	301.489236	299.592499	303.494016	2.16222029	0	0	0	0	0	3
114	343	148.371499	0.598979283	303.514727	301.514916	299.605531	303.514727	2.18525081	0	0	0	0	0	3
115	346	149.191393	0.604233487	303.534596	301.540567	299.618561	303.534596	2.20805613	0	0	0	0	0	3
116	348	150.007513	0.609487692	303.553666	301.566484	299.636948	303.553666	2.2294268	0	0	0	0	0	3
117	351	150.821518	0.614741896	303.572033	301.597443	299.654789	303.572033	2.25550083	0	0	0	0	0	3
118	354	151.631739	0.6199961	303.589684	301.628986	299.67203	303.589684	2.28184239	0	0	0	0	0	3
119	356	152.440835	0.625250304	303.606775	301.661148	299.688459	303.606775	2.30857412	0	0	0	0	0	3
120	359	153.245536	0.630504509	303.623295	301.693667	299.703934	303.623295	2.33552216	0	0	0	0	0	3
121	361	154.049107	0.635758713	303.6393	301.726405	299.724362	303.6393	2.35975385	0	0	0	0	0	3
122	364	154.848083	0.641012917	303.65478	301.767821	299.742743	303.65478	2.39270035	0	0	0	0	0	3
123	367	155.646418	0.646267121	303.669885	301.809295	299.759247	303.669885	2.42588097	0	0	0	0	0	3
124	369	156.443696	0.651521326	303.684649	301.850514	299.774156	303.684649	2.4590424	0	0	0	0	0	3
125	372	157.240514	0.65677553	303.699082	301.891364	299.805651	303.699082	2.49173443	0	0	0	0	0	3
126	374	158.035365	0.662029734	303.713114	301.931572	299.895586	303.713114	2.51968249	0	0	0	0	0	3
127	377	158.827885	0.667283938	303.726833	301.978377	299.986724	303.726833	2.55292653	0	0	0	0	0	3
128	379	159.617132	0.672538143	303.740261	302.023768	300.08885	303.740261	2.58330885	0	0	0	0	0	3
129	382	160.404378	0.677792347	303.753415	302.067726	300.201479	303.753415	2.61070502	0	0	0	0	0	3
130	384	161.188516	0.683046551	303.766272	302.11013	300.316727	303.766272	2.63506509	0	0	0	0	0	3
131	387	161.97083	0.688300755	303.778892	302.15102	300.43008	303.778892	2.65659778	0	0	0	0	0	3
132	390	162.747933	0.693554959	303.791287	302.190379	300.537534	303.791287	2.67550732	0	0	0	0	0	3
133	392	163.535396	0.698809164	303.803645	302.228582	300.637733	303.803645	2.69241111	0	0	0	0	0	3
134	395	164.311637	0.704063368	303.8157	302.265361	300.729398	303.8157	2.70725575	0	0	0	0	0	3
135	397	165.092032	0.709317572	303.827646	302.301122	300.812942	303.827646	2.72065925	0	0	0	0	0	3
136	399	165.858274	0.714571776	303.839247	302.335665	300.888985	303.839247	2.73258372	0	0	0	0	0	3
137	402	166.639231	0.719825981	303.850917	302.369585	300.957398	303.850917	2.74377883	0	0	0	0	0	3
138	404	167.407477	0.725080185	303.86233	302.402536	301.019525	303.86233	2.7540148	0	0	0	0	0	3
139	407	168.182998	0.730334389	303.873701	302.434935	301.07571	303.873701	2.76380637	0	0	0	0	0	3
140	409	168.939097	0.735588593	303.884671	302.466433	301.126486	303.884671	2.75818444	0	0	0	0	0	3
141	412	169.71173	0.740842798	303.895759	302.497686	301.172564	303.895759	2.72319544	0	0	0	0	0	3
142	414	170.46465	0.746097002	303.906538	302.528181	301.214513	303.906538	2.69202474	0	0	0	0	0	3
143	417	171.233429	0.751351206	303.917412	302.558544	301.252876	303.917412	2.66453567	0	0	0	0	0	3
144	419	171.98159	0.75660541	303.927988	302.588242	301.288131	303.927988	2.6398575	0	0	0	0	0	3
145	422	172.746519	0.761859615	303.938641	302.617915	301.320569	303.938641	2.61807148	0	0	0	0	0	3
146	424	173.490658	0.767113819	303.949024	302.64701	301.350648	303.949024	2.5983758	0	0	0	0	0	3
147	426	174.251597	0.772368023	303.959499	302.676151	301.378484	303.959499	2.58101502	0	0	0	0	0	3
148	429	174.991797	0.777622227	303.969711	302.704782	301.404549	303.969711	2.56516237	0	0	0	0	0	3
149	431	175.748755	0.782876432	303.980016	302.733508	301.428751	303.980016	2.55126519	0	0	0	0	0	3
150	434	176.485066	0.788130636	303.990083	302.761781	301.451466	303.990083	2.53861676	0	0	0	0	0	3
151	436	177.237932	0.79338484	304.000242	302.79019	301.472795	304.000242	2.52744718	0	0	0	0	0	3
152	439	177.970544	0.798639044	304.010172	302.818198	301.492993	304.010172	2.51717917	0	0	0	0	0	3
153	441	178.7196	0.803893248	304.020199	302.846369	301.511986	304.020199	2.50821394	0	0	0	0	0	3
154	443	179.449263	0.809147453	304.029992	302.874188	301.530096	304.029992	2.49989628	0	0	0	0	0	3
155	446	180.194906	0.814401657	304.049581	302.902271	301.547187	304.049581	2.50239329	0	0	0	0	0	3
156	448	180.921696	0.819655861	304.099016	302.930389	301.563573	304.099016	2.53544287	0	0	0	0	0	3
157	451	181.664345	0.824910065	304.153652	302.95912	301.579223	304.153652	2.57442872	0	0	0	0	0	3
158	453	182.38801	0.83016427	304.217239	302.988024	301.594149	304.217239	2.62308998	0	0	0	0	0	3
159	456	183.127942	0.835418474	304.291567	303.017754	301.608505	304.291567	2.683062	0	0	0	0	0	3
160	459	183.848217	0.840672678	304.370753	303.0478	301.622213	304.370753	2.7485407	0	0	0	0	0	3
161	461	184.585145	0.845926882	304.453878	303.078798	301.635492	304.453878	2.81838566	0	0	0	0	0	3
162	464	185.301945	0.851181087	304.535221	303.110125	301.64837	304.535221	2.88685096	0	0	0	0	0	3
163	466	186.035498	0.856435291	304.617155	303.142443	301.660946	304.617155	2.95620935	0	0	0	0	0	3
164	469	186.748391	0.861689495	304.694075	303.175028	301.67316	304.694075	3.02091584	0	0	0	0	0	3
165	471	187.478604	0.866943699	304.769334	303.208598	301.685051	304.769334	3.06247578	0	0	0	0	0	3
166	474	188.187669	0.872197904	304.839225	303.242354	301.696633	304.839225	3.0820531	0	0	0	0	0	3
167	476	188.914413	0.877452108	304.907216	303.277076	301.70796	304.907216	3.1028289	0	0	0	0	0	3
168	479	189.620192	0.882706312	304.97015	303.311918	301.718981	304.97015	3.12395154	0	0	0	0	0	3
169	481	190.343207	0.887960516	305.031158	303.347679	301.729784	305.031158	3.14620531	0	0	0	0	0	3
170	484	191.045551	0.893214721	305.08752	303.383514	301.740345	305.08752	3.16875741	0	0	0	0	0	3
171	487	191.765119	0.898468925	305.142092	303.420214	301.750696	305.142092	3.19237281	0	0	0	0	0	3
172	489	192.463852	0.903723129	305.192519	303.456931	301.760838	305.192519	3.21621713	0	0	0	0	0	3
173	491	193.180126	0.908977333	305.24127	303.494485	301.77081	305.24127	3.24108285	0	0	0	0	0	3
174	494	193.8754	0.914231537	305.286283	303.532009	301.780611	305.286283	3.26611311	0	0	0	0	0	3
175	496	194.588091	0.919485742	305.32984	303.570338	301.790273	305.32984	3.29212031	0	0	0	0	0	3
176	499	195.279719	0.924739946	305.37011	303.608599	301.799772	305.37011	3.3182426	0	0	0	0	0	3
177	501	195.989061	0.92999415	305.409223	303.647647	301.817174	305.409223	3.34524923	0	0	0	0	0	3
178	504	196.676677	0.935248354	305.445414	303.686475	301.876537	305.445414	3.37182284	0	0	0	0	0	3
179	506	197.382426	0.940502559	305.480653	303.72545	301.939548	305.480653	3.39829304	0	0	0	0	0	3
180	509	198.066794	0.945756763	305.513337	303.763611	302.013968	305.513337	3.42362903	0	0	0	0	0	3
181	511	198.768919	0.951010967	305.545225	303.801704	302.099032	305.545225	3.44619271	0	0	0	0	0	3
182	514	199.450243	0.956265171	305.574887	303.83869	302.189659	305.574887	3.3852283	0	0	0	0	0	3
183	517	200.149165	0.961519376	305.603838	303.875388	302.282586	305.603838	3.32125158	0	0	0	0	0	3
184	519	200.827531	0.96677358	305.630887	303.910846	302.374245	305.630887	3.25664196	0	0	0	0	0	3
185	521	201.523257	0.972027784	305.657381	303.945972	302.462775	305.657381	3.1946052	0	0	0	0	0	3
186	524	202.198439	0.977281988	305.682172	303.979882	302.547399	305.682172	3.13477331	0	0	0	0	0	3
187	526	202.89099	0.982536193	305.706558	304.013522	302.626792	305.706558	3.07976621	0	0	0	0	0	3
188	529	203.563001	0.987790397	305.729447	304.046045	302.701156	305.729447	3.028291	0	0	0	0	0	3
189	531	204.252351	0.993044601	305.752017	304.078389	302.770618	305.752017	2.98139933	0	0	0	0	0	3
190	534	204.9211	0.998298805	305.773242	304.109737	302.835314	305.773242	2.93792822	0	0	0	0	0	3
191	536	205.607491	1.00355301	305.794239	304.140994	302.895607	305.794239	2.89863233	0.229034463	0	7.9	0	0	3
192	539	206.273191	1.00880721	305.814092	304.171354	302.951759	305.814092	2.86233338	0.229630059	0	8	0	0	3
193	541	206.956641	1.01406142	305.833828	304.201709	303.004154	305.833828	2.82967374	0.22992609	0	8.1	0	0	3
194	544	207.619536	1.01931562	305.852453	304.231248	303.052957	305.852453	2.79949595	0.230177309	0	8.2	0	0	3
195	546	208.299755	1.02456983	305.87096	304.260851	303.098563	305.87096	2.77239692	0.230413415	0	8.3	0	0	3
196	549	208.959801	1.02982403	305.888533	304.289713	303.141151	305.888533	2.74738221	0.230601034	0	8.3	0	0	3
197	551	209.636941	1.03507823	305.906044	304.318707	303.181028	305.906044	2.72501545	0.230615554	0	8.4	0	0	3
198	554	210.294379	1.04033244	305.92274	304.347021	303.218372	305.92274	2.70436722	0.229829754	0	8.4	0	0	3
199	556	210.968644	1.04558664	305.939429	304.375511	303.253451	305.939429	2.68597796	0.229034463	0	8.5	0	0	3
200	559	211.623549	1.05084085	305.955318	304.403383	303.286421	305.955318	2.66889729	0.229034463	0	8.5	0	0	3
201	562	212.295389	1.05609505	305.971224	304.431477	303.317505	305.971224	2.65371872	0.229034463	0	8.6	0	0	3
202	564	212.947526	1.06134926	305.986431	304.458995	303.34685	305.986431	2.6395805	0.229034463	0	8.6	0	0	3
203	567	213.61693	1.06660346	306.001642	304.486781	303.374642	306.001642	2.62700034	0.229034463	0	8.7	0	0	3
204	569	214.266368	1.07185766	306.016248	304.514025	303.40097	306.016248	2.61527812	0.229034463	0	8.7	0	0	3
205	572	214.933131	1.07711187	306.030862	304.54156	303.42596	306.030862	2.60490183	0.229034463	0	8.7	0	0	3
206	574	215.57996	1.08236607	306.0449	304.568585	303.449721	306.0449	2.59517819	0.229034463	0	8.8	0	0	3
207	576	216.244082	1.08762028	306.059052	304.595902	303.472352	306.059052	2.58670002	0.229034463	0	8.8	0	0	3
208	579	216.888495	1.09287448	306.072661	304.622745	303.494016	306.072661	2.57864487	0.229034463	0	8.8	0	0	3
209	581	217.550156	1.09812869	306.086367	304.649908	303.514727	306.086367	2.57164006	0.229034463	0	8.9	0	0	3
210	584	218.191919	1.10338289	306.099574	304.676607	303.534596	306.099574	2.56497805	0.229034463	0	8.9	0	0	3
211	586	218.851333	1.10863709	306.112905	304.703644	303.553666	306.112905	2.55923879	0.229034463	0	8.9	0	0	3
212	589	219.490515	1.1138913	306.125768	304.730234	303.572033	306.125768	2.55373475	0.229034463	0	8.9	0	0	3
213	591	220.147705	1.1191455	306.138746	304.757185	303.589684	306.138746	2.54906153	0.229034463	0	8.9	0	0	3
214	594	220.784634	1.12439971	306.151305	304.783705	303.606775	306.151305	2.5445297	0.229034463	0	9	0	0	3
215	596	221.439106	1.12965391	306.164009	304.810598	303.623295	306.164009	2.54071365	0.229034463	0	9	0	0	3
216	598	222.073834	1.13490812	306.176287	304.837074	303.6393	306.176287	2.53698667	0.229034463	0	9	0	0	3
217	601	222.725681	1.14016232	306.188704	304.863918	303.65478	306.188704	2.53392481	0.229034463	0	9	0	0	3
218	603	223.358369	1.14541652	306.200717	304.890364	303.669885	306.200717	2.53083251	0.229034463	0	9	0	0	3
219	606	224.007905	1.15067073	306.212879	304.917183	303.684649	306.212879	2.52823033	0.229034463	0	9	0	0	3
220	608	224.638372	1.15592493	306.2247	304.943681	303.699082	306.2247	2.52561835	0.229034463	0	9	0	0	3
221	611	225.285751	1.16117914	306.236667	304.970557	303.713114	306.236667	2.52355244	0.229034463	0	9	0	0	3
222	613	225.913901	1.16643334	306.248282	304.997105	303.726833	306.248282	2.52144867	0.229034463	0	9	0	0	3
223	616	226.559322	1.17168755	306.26005	305.024003	303.740261	306.26005	2.5197884	0.229034463	0	9	0	0	3
224	618	227.185205	1.17694175	306.271466	305.050554	303.753415	306.271466	2.51805131	0.229034463	0	9	0	0	3
225	620	227.828458	1.18219595	306.283083	305.077458	303.766272	306.283083	2.51681058	0.229034463	0	9.1	0	0	3
226	623	228.452279	1.18745016	306.294352	305.104029	303.778892	306.294352	2.51545996	0.229034463	0	9.1	0	0	3
227	625	229.093319	1.19270436	306.30578	305.130951	303.791287	306.30578	2.51449297	0.229034463	0	9.1	0	0	3
228	628	229.715262	1.19795857	306.316895	305.157511	303.803645	306.316895	2.51324927	0.229034463	0	9.1	0	0	3
229	630	230.353941	1.20321277	306.328189	305.184656	303.8157	306.328189	2.51248882	0.229034463	0	9.1	0	0	3
230	632	230.973836	1.20846697	306.339189	305.211333	303.827646	306.339189	2.51154247	0.229034463	0	9.1	0	0	3
231	635	231.610483	1.21372118	306.350347	305.238468	303.839247	306.350347	2.51109989	0.229034463	0	9.1	0	0	3
232	637	232.228511	1.21897538	306.36122	305.265076	303.850917	306.36122	2.51030244	0.229034463	0	9.1	0	0	3
233	640	232.863238	1.22422959	306.372241	305.292365	303.86233	306.372241	2.50991094	0.229034463	0	9.1	0	0	3
234	642	233.479548	1.22948379	306.38299	305.319166	303.873701	306.38299	2.50928876	0.229034463	0	9.1	0	0	3
235	645	234.112221	1.234738	306.393919	305.346482	303.884671	306.393919	2.50924814	0.229034463	0	9.1	0	0	3
236	647	234.726528	1.2399922	306.404566	305.373163	303.895759	306.404566	2.50880683	0.229034463	0	9.1	0	0	3
237	649	235.357203	1.2452464	306.415394	305.400565	303.906538	306.415394	2.50885593	0.229034463	0	9.1	0	0	3
238	652	235.969665	1.25050061	306.425948	305.427324	303.917412	306.425948	2.50853582	0.229034463	0	9.1	0	0	3
239	654	236.598192	1.25575481	306.436695	305.454789	303.927988	306.436695	2.5087067	0.229034463	0	9.1	0	0	3
240	657	237.208788	1.26100902	306.447157	305.481591	303.938641	306.447157	2.50851654	0.229034463	0	9.1	0	0	3
241	659	237.835358	1.26626322	306.457766	305.509121	303.949024	306.457766	2.50874216	0.229034463	0	9.1	0	0	3
242	661	238.444025	1.27151743	306.468114	305.535981	303.959499	306.468114	2.5086151	0.229034463	0	9.1	0	0	3
243	664	239.068774	1.27677163	306.478659	305.563574	303.969711	306.478659	2.50894785	0.229034463	0	9.1	0	0	3
244	666	239.675689	1.28202583	306.488953	305.590496	303.980016	306.488953	2.50893653	0.229034463	0	9.1	0	0	3
245	669	240.298631	1.28728004	306.483469	305.617999	303.990083	306.488953	2.49886993	0.229034463	0	9.1	0	0	3
246	671	240.903761	1.29253424	306.458606	305.644503	304.000242	306.488953	2.4887101	0.229034463	0	9.2	0	0	3
247	674	241.524949	1.29778845	306.427433	305.671324	304.010172	306.488953	2.47878026	0.229034463	0	9.2	0	0	3
248	676	242.128416	1.30304265	306.387371	305.697028	304.020199	306.488953	2.46875307	0.229034463	0	9.2	0	0	3
249	679	242.748015	1.30829686	306.338236	305.72285	304.029992	306.488953	2.45896017	0.229034463	0	9.3	0	0	3
250	681	243.349732	1.31355106	306.285887	305.747482	304.049581	306.488953	2.43937192	0.229034463	0	9.3	0	0	3
251	684	243.967796	1.31880526	306.229505	305.772005	304.099016	306.488953	2.38993702	0.229034463	0	9.5	0	0	3
252	686	244.567764	1.32405947	306.174829	305.794907	304.153652	306.488953	2.33530092	0.229034463	0	9.8	0	0	3
253	689	245.184859	1.32931367	306.119535	305.817249	304.217239	306.488953	2.2717136	0.229034463	0	10	0	0	3
254	691	245.783159	1.33456788	306.067559	305.837876	304.291567	306.488953	2.1973858	0.229034463	0	10.4	0	0	3
255	694	246.399695	1.33982208	306.01668	305.857702	304.370753	306.488953	2.11819933	0.229034463	0	10.8	0	0	3
256	696	246.9964	1.34507629	305.970194	305.875725	304.453878	306.488953	2.03507444	0.229034463	0	11.2	0	0	3
257	699	247.612088	1.35033049	305.925208	305.892833	304.535221	306.488953	1.95373135	0.229034463	0	11.7	0	0	3
258	701	248.207087	1.35558469	305.884401	305.908223	304.617155	306.488953	1.87179737	0.229034463	0	12.2	0	0	3
259	704	248.821689	1.3608389	305.845025	305.922689	304.694075	306.488953	1.79487705	0.229034463	0	12.7	0	0	3
260	706	249.41572	1.3660931	305.809569	305.935593	304.769334	306.488953	1.71961877	0.229034463	0	13.3	0	0	3
261	709	250.029162	1.37134731	305.77552	305.947638	304.839225	306.488953	1.64972784	0.229034463	0	13.8	0	0	3
262	711	250.621859	1.37660151	305.74498	305.958302	304.907216	306.488953	1.58173656	0.229034463	0	14.4	0	0	3
263	714	251.234262	1.38185571	305.715774	305.968176	304.97015	306.488953	1.51880261	0.229034463	0	15	0	0	3
264	716	251.828142	1.38710992	305.689639	305.97684	305.031158	306.488953	1.45779405	0.229034463	0	15.7	0	0	3
265	719	252.439574	1.39236412	305.664856	305.984779	305.08752	306.488953	1.40143238	0.229034463	0	16.3	0	0	3
266	721	253.033342	1.39761833	305.642743	305.991669	305.142092	306.488953	1.34686061	0.229034463	0	17	0	0	3
267	724	253.643952	1.40287253	305.621949	305.9979	305.192519	306.488953	1.29643369	0.229034463	0	17.6	0	0	3
268	726	254.235578	1.40812674	305.603533	306.003233	305.24127	306.488953	1.24768252	0.229034463	0	18.3	0	0	3
269	729	254.845577	1.41338094	305.586279	306.007959	305.286283	306.488953	1.20266916	0.229034463	0	19	0	0	3
270	731	255.435307	1.41863514	305.570965	306.011924	305.32984	306.488953	1.15911257	0.229034463	0	19.7	0	0	3
271	734	256.044616	1.42388935	305.556685	306.01532	305.37011	306.488953	1.11884248	0.229034463	0	20.4	0	0	3
272	736	256.63481	1.42914355	305.544133	306.018061	305.409223	306.488953	1.07972934	0.229034463	0	21.2	0	0	3
273	739	257.24339	1.43439776	305.532483	306.020287	305.445414	306.488953	1.04353859	0.229034463	0	21.9	0	0	3
274	741	257.833535	1.43965196	305.522319	306.021945	305.480653	306.488953	1.0082997	0.229034463	0	22.7	0	0	3
275	744	258.441225	1.44490617	305.512985	306.023136	305.512985	306.488953	0.975967882	0.229034463	0	23.4	0	0	3
276	746	259.030098	1.45016037	305.504974	306.023854	305.504974	306.488953	0.983978197	0.229034463	0	23.2	0	0	3
277	748	259.636298	1.45541457	305.497608	306.024134	305.497608	306.488953	0.991344781	0.229034463	0	23.1	0	0	3
278	751	260.222841	1.46066878	305.491422	306.024029	305.491422	306.488953	0.997530691	0.229034463	0	22.9	0	0	3
279	753	260.828128	1.46592298	305.48591	306.023501	305.48591	306.488953	1.00304206	0.229034463	0	22.8	0	0	3
280	756	261.414697	1.47117719	305.481348	306.022649	305.481348	306.488953	1.00760439	0.229034463	0	22.7	0	0	3
281	758	262.019333	1.47643139	305.477298	306.021399	305.477298	306.488953	1.01165414	0.229034463	0	22.6	0	0	3
282	761	262.605403	1.4816856	305.474115	306.019881	305.474115	306.488953	1.01483708	0.229034463	0	22.5	0	0	3
283	763	263.208977	1.4869398	305.471386	306.017989	305.471386	306.488953	1.01756621	0.229034463	0	22.5	0	0	3
284	765	263.795253	1.492194	305.469378	306.015869	305.469378	306.488953	1.01957459	0.229034463	0	22.4	0	0	3
285	768	264.39756	1.49744821	305.467868	306.013405	305.467868	306.488953	1.02108493	0.229034463	0	22.4	0	0	3
286	770	264.98103	1.50270241	305.466919	306.01077	305.466919	306.488953	1.0220336	0.229034463	0	22.4	0	0	3
287	773	265.582259	1.50795662	305.466418	306.007791	305.466418	306.488953	1.02253502	0.229034463	0	22.3	0	0	3
288	775	266.163879	1.51321082	305.466403	306.004687	305.466403	306.488953	1.02254945	0.229034463	0	22.3	0	0	3
289	777	266.764428	1.51846502	305.466712	306.001237	305.466403	306.488953	1.02254945	0.229034463	0	22.3	0	0	3
290	780	267.346126	1.52371923	305.467482	305.99769	305.466403	306.488953	1.02254945	0.229034463	0	22.3	0	0	3
291	782	267.945797	1.52897343	305.468623	305.993816	305.466403	306.488953	1.02254945	0.229034463	0	22.3	0	0	3
292	785	268.527045	1.53422764	305.470066	305.989872	305.466403	306.488953	1.02254945	0.229034463	0	22.3	0	0	3
293	787	269.125456	1.53948184	305.471843	305.985615	305.466403	306.488953	1.02254945	0.229034463	0	22.3	0	0	3
294	790	269.70695	1.54473605	305.473872	305.981303	305.466403	306.488953	1.02254945	0.229034463	0	22.3	0	0	3
295	792	270.304368	1.54999025	305.476246	305.976693	305.466403	306.488953	1.02254945	0.229034463	0	22.3	0	0	3
296	794	270.883235	1.55524445	305.478782	305.972066	305.466403	306.488953	1.02254945	0.229034463	0	22.3	0	0	3
297	797	271.479687	1.56049866	305.481562	305.967132	305.466403	306.488953	1.02254945	0.229034463	0	22.3	0	0	3
298	800	272.058616	1.56575286	305.484532	305.962193	305.466403	306.488953	1.02254945	0.229034463	0	22.3	0	0	3
299	802	272.654112	1.57100707	305.487817	305.95696	305.466403	306.488953	1.02254945	0.229034463	0	22.3	0	0	3
300	804	273.231767	1.57626127	305.491199	305.951745	305.466403	306.488953	1.02254945	0.229034463	0	22.3	0	0	3
301	808	273.826268	1.58151548	305.494839	305.946237	305.466403	306.488953	1.02254945	0.229034463	0	22.3	0	0	3
302	810	274.403918	1.58676968	305.498613	305.940756	305.466403	306.488953	1.02254945	0.229034463	0	22.3	0	0	3
303	812	274.997369	1.59202388	305.502575	305.934993	305.466403	306.488953	1.02254945	0.229034463	0	22.3	0	0	3
304	815	275.572247	1.59727809	305.506556	305.929284	305.466403	306.488953	1.02254945	0.229034463	0	22.3	0	0	3
305	817	276.165263	1.60253229	305.51087	305.923278	305.466403	306.488953	1.02254945	0.229034463	0	22.3	0	0	3
306	820	276.740921	1.6077865	305.51515	305.917333	305.466403	306.488953	1.02254945	0.229034463	0	22.3	0	0	3
307	822	277.333104	1.6130407	305.519701	305.911101	305.466403	306.488953	1.02254945	0.229034463	0	22.3	0	0	3
308	824	277.907029	1.61829491	305.524212	305.904951	305.466403	306.488953	1.02254945	0.229034463	0	22.3	0	0	3
309	827	278.498155	1.62354911	305.528958	305.898509	305.466403	306.488953	1.02254945	0.229034463	0	22.3	0	0	3
310	829	279.072202	1.62880331	305.533718	305.892154	305.466403	306.488953	1.02254945	0.229034463	0	22.3	0	0	3
311	832	279.66218	1.63405752	305.538681	305.885516	305.466403	306.488953	1.02254945	0.229034463	0	22.3	0	0	3
312	834	280.233785	1.63931172	305.543598	305.878982	305.466403	306.488953	1.02254945	0.229034463	0	22.3	0	0	3
313	837	280.822933	1.64456593	305.548678	305.872158	305.466403	306.488953	1.02254945	0.229034463	0	22.3	0	0	3
314	839	281.395206	1.64982013	305.553708	305.865436	305.466403	306.488953	1.02254945	0.229034463	0	22.3	0	0	3
315	841	281.983653	1.65507434	305.55895	305.858433	305.466403	306.488953	1.02254945	0.229034463	0	22.3	0	0	3
316	844	282.555151	1.66032854	305.564155	305.851542	305.466403	306.488953	1.02254945	0.229034463	0	22.3	0	0	3
317	847	283.142924	1.66558274	305.569548	305.844368	305.466403	306.488953	1.02254945	0.229034463	0	22.3	0	0	3
318	851	283.713708	1.67083695	305.574841	305.837316	305.466403	306.488953	1.00013078	0.229034463	0	22.9	0	0	3
319	855	284.300545	1.67609115	305.580313	305.829979	305.466403	306.488953	0.973580449	0.229034463	0	23.5	0	0	3
320	858	284.868435	1.68134536	305.585711	305.822784	305.466403	306.488953	0.946676168	0.229034463	0	24.1	0	0	3
321	860	285.45431	1.68659956	305.591299	305.815292	305.466403	306.488953	0.920105051	0.229034463	0	24.8	0	0	3
322	863	286.023159	1.69185376	305.596796	305.807943	305.466403	306.488953	0.89318346	0.229034463	0	25.6	0	0	3
323	865	286.608424	1.69710797	305.602425	305.800303	305.466403	306.488953	0.866623549	0.229034463	0	26.4	0	0	3
324	868	287.176652	1.70236217	305.607942	305.792809	305.466403	306.488953	0.839478304	0.229034463	0	27.2	0	0	3
325	870	287.761304	1.70761638	305.613713	305.785029	305.466403	306.488953	0.812801591	0.229034463	0	28.1	0	0	3
326	872	288.328513	1.71287058	305.619388	305.777401	305.466403	306.488953	0.785666647	0.229034463	0	29.1	0	0	3
327	875	288.912405	1.71812479	305.625216	305.769485	305.466403	306.488953	0.759057844	0.229034463	0	30.1	0	0	3
328	877	289.47708	1.72337899	305.630872	305.761729	305.466403	306.488953	0.731769466	0.229034463	0	31.2	0	0	3
329	880	290.060399	1.72863319	305.636727	305.75368	305.466403	306.488953	0.704968727	0.229034463	0	32.4	0	0	3
330	882	290.625968	1.7338874	305.642465	305.745792	305.466403	306.488953	0.677652225	0.229034463	0	33.7	0	0	3
331	884	291.208334	1.7391416	305.648351	305.737616	305.466403	306.488953	0.650971415	0.229034463	0	35.1	0	0	3
332	887	291.772902	1.74439581	305.654106	305.729608	305.466403	306.488953	0.623569681	0.229034463	0	36.7	0	0	3
333	889	292.354136	1.74965001	305.660047	305.72131	305.466403	306.488953	0.596810037	0.229034463	0	38.3	0	0	3
334	892	292.918126	1.75490422	305.665843	305.713183	305.466403	306.488953	0.569345609	0.229034463	0	40.2	0	0	3
335	894	293.498571	1.76015842	305.6718	305.704769	305.466403	306.488953	0.542543457	0.229034463	0	42.2	0	0	3
336	896	294.061683	1.76541262	305.677623	305.696527	305.466403	306.488953	0.515013557	0.229034463	0	44.4	0	0	3
337	899	294.641015	1.77066683	305.683605	305.687998	305.466403	306.488953	0.48815372	0.229034463	0	46.9	0	0	3
338	901	295.203062	1.77592103	305.689446	305.679647	305.466403	306.488953	0.460560064	0.229034463	0	49.7	0	0	3
339	903	295.781525	1.78117524	305.695438	305.671006	305.466403	306.488953	0.433638304	0.229034463	0	52.8	0	0	3
340	906	296.342865	1.78642944	305.701306	305.662546	305.466403	306.483469	0.406134987	0.229034463	0	56.3	0	0	3
341	908	296.92058	1.79168365	305.707334	305.653971	305.466403	306.458606	0.379631363	0.229034463	0	60.3	0	0	3
342	910	297.481028	1.79693785	305.713209	305.645952	305.466403	306.427433	0.378182368	0.229034463	0	60.5	0	0	3
343	913	298.057665	1.80219205	305.719212	305.638112	305.466403	306.387371	0.386022101	0.229034463	0	59.3	0	0	3
344	915	298.617143	1.80744626	305.725179	305.63097	305.466403	306.338236	0.393164091	0.229034463	0	58.2	0	0	3
345	918	299.194285	1.81270046	305.731372	305.624233	305.466403	306.285887	0.399901033	0.229034463	0	57.2	0	0	3
346	920	299.751495	1.81795467	305.737257	305.618291	305.466403	306.229505	0.405843224	0.229034463	0	56.4	0	0	3
347	923	300.327288	1.82320887	305.725202	305.61268	305.466403	306.174829	0.411453833	0.229034463	0	55.6	0	0	3
348	925	300.885475	1.82846307	305.697537	305.607533	305.466403	306.119535	0.416601515	0.229034463	0	54.9	0	0	3
349	928	301.460325	1.83371728	305.663282	305.602488	305.466403	306.067559	0.421646448	0.229034463	0	54.3	0	0	3
350	930	302.017737	1.83897148	305.621234	305.597726	305.466403	306.01668	0.426408704	0.229034463	0	53.7	0	0	3
351	933	302.591764	1.84422569	305.570661	305.592852	305.466403	305.970194	0.431281929	0.229034463	0	53.1	0	0	3
352	935	303.148727	1.84947989	305.516594	305.588086	305.466403	305.925208	0.436048162	0.229034463	0	52.5	0	0	3
353	938	303.721981	1.8547341	305.459044	305.583069	305.459044	305.884401	0.425357666	0.229034463	0	53.8	0	0	3
354	940	304.277983	1.8599883	305.40261	305.578081	305.40261	305.845025	0.442415424	0.229034463	0	51.7	0	0	3
355	943	304.85021	1.8652425	305.345392	305.572777	305.345392	305.809569	0.451357504	0.229034463	0	50.7	0	0	3
356	945	305.40537	1.87049671	305.291596	305.567476	305.291596	305.77552	0.456657803	0.229034463	0	50.1	0	0	3
357	948	305.976981	1.87575091	305.238408	305.561833	305.238408	305.74498	0.462300951	0.229034463	0	49.5	0	0	3
358	950	306.531555	1.88100512	305.1891	305.556195	305.1891	305.737257	0.467939664	0.229034463	0	48.9	0	0	3
359	953	307.102389	1.88625932	305.141261	305.550206	305.141261	305.737257	0.473928508	0.229034463	0	48.3	0	0	3
360	955	307.656073	1.89151353	305.097526	305.544233	305.097526	305.737257	0.479901293	0.229034463	0	47.7	0	0	3
361	958	308.226113	1.89676773	305.055362	305.537916	305.055362	305.737257	0.486218741	0.229034463	0	47.1	0	0	3
362	960	308.779346	1.90202193	305.01685	305.531628	305.01685	305.737257	0.492506433	0.229034463	0	46.5	0	0	3
363	963	309.349214	1.90727614	304.979878	305.524993	304.979878	305.737257	0.499140923	0.229034463	0	45.8	0	0	3
364	965	309.902291	1.91253034	304.946036	305.518406	304.946036	305.737257	0.505727868	0.229034463	0	45.2	0	0	3
365	968	310.471763	1.91778455	304.913517	305.51147	304.913517	305.737257	0.512664714	0.229034463	0	44.6	0	0	3
366	970	311.024078	1.92303875	304.8839	305.504603	304.8839	305.737257	0.519531256	0.229034463	0	44	0	0	3
367	972	311.592654	1.92829296	304.855623	305.497389	304.855623	305.737257	0.526745338	0.229034463	0	43.4	0	0	3
368	975	312.144263	1.93354716	304.829859	305.490259	304.829859	305.737257	0.533875726	0.229034463	0	42.9	0	0	3
369	978	312.712461	1.93880136	304.80524	305.482778	304.80524	305.737257	0.541355981	0.229034463	0	42.3	0	0	3
370	981	313.26391	1.94405557	304.782882	305.475394	304.782882	305.737257	0.548739879	0.229034463	0	41.7	0	0	3
371	983	313.831916	1.94930977	304.761575	305.467662	304.761575	305.737257	0.556472169	0.229034463	0	41.1	0	0	3
372	985	314.3829	1.95456398	304.742199	305.460044	304.742199	305.737257	0.564090403	0.229034463	0	40.6	0	0	3
373	988	314.950246	1.95981818	304.723816	305.452081	304.723816	305.737257	0.571948534	0.229034463	0	40	0	0	3
374	990	315.500549	1.96507239	304.70721	305.444248	304.70721	305.737257	0.5792534	0.229034463	0	39.5	0	0	3
375	993	316.067347	1.97032659	304.691322	305.436066	304.691322	305.737257	0.586582649	0.229034463	0	39	0	0	3
376	995	316.617253	1.97558079	304.677112	305.428024	304.677112	305.737257	0.593374345	0.229034463	0	38.5	0	0	3
377	998	317.183679	1.980835	304.663466	305.419634	304.663466	305.737257	0.600246728	0.229034463	0	38.1	0	0	3
378	1000	317.733092	1.9860892	304.651383	305.411398	304.651383	305.737257	0.606591413	0.229034463	0	37.7	0	0	3
379	1002	318.298958	1.99134341	304.639788	305.402815	304.639788	305.737257	0.613053683	0.229034463	0	37.3	0	0	3
380	1005	318.847874	1.99659761	304.629526	305.394396	304.629526	305.737257	0.619009116	0.229034463	0	37	0	0	3
381	1007	319.413385	2.00185181	304.619752	305.385629	304.619752	305.737257	0.625141232	0.229034463	0	36.6	0	0	3
382	1009	319.962064	2.00710602	304.611112	305.377037	304.611112	305.737257	0.630754274	0.229034463	0	36.3	0	0	3
383	1012	320.527309	2.01236022	304.602852	305.368095	304.602852	305.737257	0.636592105	0.229034463	0	35.9	0	0	3
384	1014	321.075651	2.01761443	304.595593	305.359339	304.595593	305.737257	0.64189799	0.229034463	0	35.6	0	0	3
385	1017	321.640539	2.02286863	304.588719	305.350232	304.588719	305.737257	0.647458609	0.229034463	0	35.3	0	0	3
386	1019	322.188637	2.02812284	304.582715	305.341317	304.582715	305.737257	0.652498938	0.229034463	0	35.1	0	0	3
387	1021	322.753339	2.03337704	304.577069	305.33205	304.577069	305.737257	0.657822119	0.229034463	0	34.8	0	0	3
388	1024	323.301187	2.03863124	304.572209	305.322986	304.572209	305.737257	0.662629797	0.229034463	0	34.5	0	0	3
389	1026	323.865446	2.04388545	304.567571	305.313572	304.567571	305.737257	0.667731026	0.229034463	0	34.3	0	0	3
390	1028	324.412621	2.04913965	304.563671	305.304367	304.563671	305.737257	0.672326281	0.229034463	0	34	0	0	3
391	1031	324.976183	2.05439386	304.559983	305.294816	304.559983	305.737257	0.677250107	0.229034463	0	33.8	0	0	3
392	1033	325.522837	2.05964806	304.556905	305.285484	304.556905	305.737257	0.681648007	0.229034463	0	33.6	0	0	3
393	1035	326.086185	2.06490227	304.554022	305.275796	304.554022	305.737257	0.686396386	0.229034463	0	33.3	0	0	3
394	1038	326.632823	2.07015647	304.551762	305.26633	304.551762	305.737257	0.690630664	0.229034463	0	33.1	0	0	3
395	1040	327.19596	2.07541067	304.549655	305.256512	304.549655	305.737257	0.695232632	0.229034463	0	32.9	0	0	3
396	1042	327.742325	2.08066488	304.54801	305.246923	304.54801	305.737257	0.699313026	0.229034463	0	32.7	0	0	3
397	1045	328.304155	2.08591908	304.546448	305.236994	304.546448	305.737257	0.703761902	0.229034463	0	32.5	0	0	3
398	1047	328.847924	2.09117329	304.545334	305.22731	304.545334	305.737257	0.707682638	0.229034463	0	32.3	0	0	3
399	1049	329.408894	2.09642749	304.544342	305.217267	304.544342	305.737257	0.712017309	0.229034463	0	32.1	0	0	3
400	1052	329.952171	2.1016817	304.543708	305.207479	304.543708	305.737257	0.715798304	0.229034463	0	31.9	0	0	3
401	1055	330.512675	2.1069359	304.54319	305.197318	304.54319	305.737257	0.720014684	0.229034463	0	31.8	0	0	3
402	1058	331.057441	2.1121901	304.543011	305.187387	304.543011	305.737257	0.723713916	0.229034463	0	31.6	0	0	3
403	1060	331.61732	2.11744431	304.542916	305.177115	304.542916	305.737257	0.727836158	0.229034463	0	31.4	0	0	3
404	1062	332.161801	2.12269851	304.543167	305.167081	304.542916	305.737257	0.73142771	0.229034463	0	31.3	0	0	3
405	1065	332.720881	2.12795272	304.543484	305.156706	304.542916	305.737257	0.735447567	0.229034463	0	31.1	0	0	3
406	1067	333.262984	2.13320692	304.544049	305.146584	304.542916	305.737257	0.738932422	0.229034463	0	30.9	0	0	3
407	1070	333.821712	2.13846112	304.544679	305.136103	304.542916	305.737257	0.74287938	0.229034463	0	30.8	0	0	3
408	1072	334.36275	2.14371533	304.545551	305.125897	304.542916	305.737257	0.746260719	0.229034463	0	30.6	0	0	3
409	1074	334.921078	2.14896953	304.546486	305.115313	304.542916	305.737257	0.750122992	0.229034463	0	30.5	0	0	3
410	1077	335.462474	2.15422374	304.547599	305.104988	304.542916	305.737257	0.75344449	0.229034463	0	30.3	0	0	3
411	1079	336.020202	2.15947794	304.548787	305.094304	304.542916	305.737257	0.757237874	0.229034463	0	30.2	0	0	3
412	1081	336.562652	2.16473215	304.550143	305.083866	304.542916	305.737257	0.760501242	0.229034463	0	30.1	0	0	3
413	1084	337.119663	2.16998635	304.551563	305.073085	304.542916	305.737257	0.764231873	0.229034463	0	29.9	0	0	3
414	1086	337.659578	2.17524055	304.553131	305.062572	304.542916	305.737257	0.767407507	0.229034463	0	29.8	0	0	3
415	1088	338.216552	2.18049476	304.554707	305.05169	304.542916	305.737257	0.771094106	0.229034463	0	29.7	0	0	3
416	1091	338.75599	2.18574896	304.556496	305.041105	304.542916	305.737257	0.774187361	0.229034463	0	29.5	0	0	3
417	1093	339.312621	2.19100317	304.55823	305.03013	304.542916	305.737257	0.777813104	0.229034463	0	29.4	0	0	3
418	1095	339.85252	2.19625737	304.560136	305.019427	304.542916	305.737257	0.780875385	0.229034463	0	29.3	0	0	3
419	1098	340.40888	2.20151158	304.562085	305.008356	304.542916	305.737257	0.784453305	0.229034463	0	29.1	0	0	3
420	1100	340.949576	2.20676578	304.564132	304.997553	304.542916	305.737257	0.78747573	0.229034463	0	29	0	0	3
421	1102	341.505336	2.21201998	304.566166	304.986389	304.542916	305.737257	0.791012002	0.229034463	0	28.9	0	0	3
422	1105	342.043648	2.21727419	304.568358	304.975516	304.542916	305.737257	0.793969163	0.229034463	0	28.8	0	0	3
423	1107	342.599169	2.22252839	304.57052	304.964259	304.542916	305.737257	0.797470618	0.229034463	0	28.7	0	0	3
424	1109	343.13728	2.2277826	304.572803	304.953318	304.542916	305.737257	0.800361284	0.229034463	0	28.6	0	0	3
425	1112	343.692422	2.2330368	304.575011	304.94197	304.542916	305.737257	0.803822461	0.229034463	0	28.4	0	0	3
426	1114	344.230839	2.23829101	304.577438	304.930917	304.542916	305.737257	0.806698924	0.229034463	0	28.3	0	0	3
427	1117	344.785697	2.24354521	304.579801	304.919483	304.542916	305.737257	0.810124844	0.229034463	0	28.2	0	0	3
428	1119	345.324994	2.24879941	304.582269	304.908342	304.542916	305.737257	0.812967829	0.229034463	0	28.1	0	0	3
429	1121	345.879119	2.25405362	304.584761	304.89683	304.542916	305.737257	0.816353132	0.229034463	0	28	0	0	3
430	1124	346.416312	2.25930782	304.587298	304.885614	304.542916	305.737257	0.819154223	0.229034463	0	27.9	0	0	3
431	1126	346.970339	2.26456203	304.589785	304.874015	304.542916	305.737257	0.82251147	0.229034463	0	27.8	0	0	3
432	1128	347.506922	2.26981623	304.59238	304.862721	304.542916	305.737257	0.825277748	0.229034463	0	27.7	0	0	3
433	1131	348.060686	2.27507044	304.594971	304.851043	304.542916	305.737257	0.828604346	0.229034463	0	27.6	0	0	3
434	1133	348.597483	2.28032464	304.597607	304.839669	304.542916	305.737257	0.831336675	0.229034463	0	27.5	0	0	3
435	1135	349.150842	2.28557884	304.600262	304.827911	304.542916	305.737257	0.834634336	0.229034463	0	27.4	0	0	3
436	1138	349.688922	2.29083305	304.603026	304.816453	304.542916	305.737257	0.837518419	0.229034463	0	27.3	0	0	3
437	1140	350.241622	2.29608725	304.605719	304.804616	304.542916	305.737257	0.841335894	0.229034463	0	27.2	0	0	3
438	1142	350.777251	2.30134146	304.608474	304.79309	304.542916	305.737257	0.845021903	0.229034463	0	27.1	0	0	3
439	1145	351.330017	2.30659566	304.611143	304.781178	304.542916	305.737257	0.849792482	0.229034463	0	26.9	0	0	3
440	1147	351.865089	2.31184986	304.613961	304.769579	304.542916	305.737257	0.85465451	0.229034463	0	26.7	0	0	3
441	1149	352.417538	2.31710407	304.616794	304.757563	304.542916	305.737257	0.860727687	0.229034463	0	26.6	0	0	3
442	1152	352.953231	2.32235827	304.619619	304.745914	304.542916	305.725202	0.866766891	0.229034463	0	26.4	0	0	3
443	1154	353.505437	2.32761248	304.622418	304.734028	304.542916	305.697537	0.873504969	0.229034463	0	26.2	0	0	3
444	1156	354.042107	2.33286668	304.625273	304.722812	304.542916	305.663282	0.879675637	0.229034463	0	26	0	0	3
445	1159	354.593585	2.33812089	304.628096	304.711654	304.542916	305.621234	0.886071426	0.229034463	0	25.8	0	0	3
446	1161	355.127894	2.34337509	304.631	304.701296	304.542916	305.570661	0.891556	0.229034463	0	25.6	0	0	3
447	1163	355.679068	2.34862929	304.633867	304.691196	304.542916	305.516594	0.896890196	0.229034463	0	25.5	0	0	3
448	1166	356.213099	2.3538835	304.636774	304.681985	304.542916	305.459044	0.901083677	0.229034463	0	25.4	0	0	3
449	1168	356.764078	2.3591377	304.639676	304.673147	304.542916	305.40261	0.859693494	0.229034463	0	26.6	0	0	3
450	1170	357.298436	2.36439191	304.642615	304.66519	304.542916	305.345392	0.802475907	0.229034463	0	28.5	0	0	3
451	1173	357.849248	2.36964611	304.645515	304.657641	304.542916	305.291596	0.748679716	0.229034463	0	30.5	0	0	3
452	1175	358.384453	2.37490032	304.648457	304.650906	304.542916	305.238408	0.695491592	0.229034463	0	32.9	0	0	3
453	1177	358.934618	2.38015452	304.651339	304.644569	304.542916	305.1891	0.646183637	0.229034463	0	35.4	0	0	3
454	1180	359.4676	2.38540872	304.654293	304.638962	304.542916	305.141261	0.598344098	0.229034463	0	38.2	0	0	3
455	1182	360.01773	2.39066293	304.656654	304.633727	304.542916	305.097526	0.55460937	0.229034463	0	41.2	0	0	3
456	1185	360.552463	2.39591713	304.628771	304.628822	304.542916	305.055362	0.512445717	0.229034463	0	44.6	0	0	3
457	1187	361.102012	2.40117134	304.596612	304.623889	304.542916	305.01685	0.473933316	0.229034463	0	48.3	0	0	3
458	1190	361.636358	2.40642554	304.557004	304.6191	304.542916	304.979878	0.436961122	0.229034463	0	52.4	0	0	3
459	1192	362.185433	2.41167975	304.507556	304.61405	304.507556	304.946036	0.438480682	0.229034463	0	52.2	0	0	3
460	1194	362.719747	2.41693395	304.45378	304.608952	304.45378	304.913517	0.459736361	0.229034463	0	49.8	0	0	3
461	1197	363.268301	2.42218815	304.395106	304.603445	304.395106	304.8839	0.488793782	0.229034463	0	46.8	0	0	3
462	1199	363.800081	2.42744236	304.336891	304.597824	304.336891	304.855623	0.518732263	0.229034463	0	44.1	0	0	3
463	1202	364.348979	2.43269656	304.277199	304.59171	304.277199	304.829859	0.552659997	0.229034463	0	41.4	0	0	3
464	1204	364.882464	2.43795077	304.220311	304.585462	304.220311	304.80524	0.584928514	0.229034463	0	39.1	0	0	3
465	1207	365.43073	2.44320497	304.163726	304.578707	304.163726	304.782882	0.619155529	0.229034463	0	36.9	0	0	3
466	1209	365.964172	2.44845918	304.110942	304.571836	304.110942	304.761575	0.650633144	0.229034463	0	35.2	0	0	3
467	1212	366.512187	2.45371338	304.059088	304.564456	304.059088	304.742199	0.683110726	0.229034463	0	33.5	0	0	3
468	1214	367.045234	2.45896758	304.011329	304.556998	304.011329	304.723816	0.712486095	0.229034463	0	32.1	0	0	3
469	1217	367.593029	2.46422179	303.964794	304.549038	303.964794	304.70721	0.742415733	0.229034463	0	30.8	0	0	3
470	1219	368.125837	2.46947599	303.921982	304.541035	303.921982	304.691322	0.769340483	0.229034463	0	29.7	0	0	3
471	1222	368.673328	2.4747302	303.880573	304.532542	303.880573	304.677112	0.796538561	0.229034463	0	28.7	0	0	3
472	1224	369.206057	2.4799844	303.842588	304.524041	303.842588	304.663466	0.820877948	0.229034463	0	27.9	0	0	3
473	1227	369.753514	2.4852386	303.80591	304.51506	303.80591	304.656654	0.850743859	0.229034463	0	26.9	0	0	3
474	1229	370.2859	2.49049281	303.772508	304.506113	303.772508	304.656654	0.884146685	0.229034463	0	25.9	0	0	3
475	1231	370.833349	2.49574701	303.740181	304.496691	303.740181	304.656654	0.897704866	0.229034463	0	25.5	0	0	3
476	1234	371.365543	2.50100122	303.710747	304.487338	303.710747	304.656654	0.898290734	0.229034463	0	25.4	0	0	3
477	1236	371.912767	2.50625542	303.68224	304.47752	303.68224	304.656654	0.899517075	0.229034463	0	25.4	0	0	3
478	1239	372.444999	2.51150963	303.656248	304.467795	303.656248	304.656654	0.900299828	0.229034463	0	25.4	0	0	3
479	1241	372.992047	2.51676383	303.631102	304.457616	303.631102	304.656654	0.901723686	0.229034463	0	25.3	0	0	3
480	1244	373.524111	2.52201803	303.608181	304.447556	303.608181	304.656654	0.902675606	0.229034463	0	25.3	0	0	3
481	1246	374.071133	2.52727224	303.586003	304.437046	303.586003	304.656654	0.904271067	0.229034463	0	25.3	0	0	3
482	1249	374.603183	2.53252644	303.565792	304.426679	303.565792	304.656654	0.905371024	0.229034463	0	25.2	0	0	3
483	1251	375.150194	2.53778065	303.546238	304.415867	303.546238	304.656654	0.907118972	0.229034463	0	25.2	0	0	3
484	1253	375.682193	2.54303485	303.528445	304.405219	303.528445	304.656654	0.908352984	0.229034463	0	25.2	0	0	3
485	1256	376.229021	2.54828906	303.51121	304.394133	303.51121	304.656654	0.910233977	0.229034463	0	25.1	0	0	3
486	1258	376.76078	2.55354326	303.495559	304.383233	303.495559	304.656654	0.911582544	0.229034463	0	25.1	0	0	3
487	1261	377.307699	2.55879746	303.480414	304.371894	303.480414	304.656654	0.913589823	0.229034463	0	25	0	0	3
488	1263	377.839414	2.56405167	303.466628	304.36076	303.466628	304.656654	0.915035746	0.229034463	0	25	0	0	3
489	1265	378.386174	2.56930587	303.453257	304.349191	303.453257	304.656654	0.91713827	0.229034463	0	24.9	0	0	3
490	1268	378.917952	2.57456008	303.441116	304.337838	303.441116	304.656654	0.91867414	0.229034463	0	24.9	0	0	3
491	1270	379.464608	2.57981428	303.429412	304.326055	303.429412	304.656654	0.920868677	0.229034463	0	24.8	0	0	3
492	1272	379.996121	2.58506849	303.418674	304.314504	303.418674	304.656654	0.92248967	0.229034463	0	24.8	0	0	3
493	1275	380.542904	2.59032269	303.408351	304.302525	303.408351	304.656654	0.924785098	0.229034463	0	24.7	0	0	3
494	1277	381.074442	2.59557689	303.398968	304.290801	303.398968	304.656654	0.926465676	0.229034463	0	24.7	0	0	3
495	1279	381.621024	2.6008311	303.389904	304.278646	303.389904	304.656654	0.92883343	0.229034463	0	24.6	0	0	3
496	1282	382.152744	2.6060853	303.381609	304.26675	303.381609	304.656654	0.930567835	0.229034463	0	24.6	0	0	3
497	1284	382.699284	2.61133951	303.373635	304.254428	303.373635	304.656654	0.932959524	0.229034463	0	24.5	0	0	3
498	1286	383.230704	2.61659371	303.36647	304.24237	303.36647	304.656654	0.934745049	0.229034463	0	24.5	0	0	3
499	1289	383.777335	2.62184791	303.359461	304.229891	303.359461	304.656654	0.937190081	0.229034463	0	24.4	0	0	3
500	1291	384.308743	2.62710212	303.353147	304.217686	303.353147	304.656654	0.939020728	0.229034463	0	24.3	0	0	3
501	1294	384.855212	2.63235632	303.347034	304.205066	303.347034	304.656654	0.941518174	0.229034463	0	24.3	0	0	3
502	1297	385.386846	2.63761053	303.341527	304.192732	303.341527	304.656654	0.943370609	0.229034463	0	24.2	0	0	3
503	1299	385.933504	2.64286473	303.336144	304.179973	303.336144	304.656654	0.945923855	0.229034463	0	24.2	0	0	3
504	1301	386.464799	2.64811894	303.331261	304.167523	303.331261	304.656654	0.947790426	0.229034463	0	24.1	0	0	3
505	1304	387.011463	2.65337314	303.32663	304.154636	303.32663	304.656654	0.950352192	0.229034463	0	24	0	0	3
506	1306	387.542766	2.65862734	303.322387	304.142061	303.322387	304.656654	0.952243218	0.229034463	0	24	0	0	3
507	1308	388.089211	2.66388155	303.318287	304.129059	303.318287	304.656654	0.954807565	0.229034463	0	23.9	0	0	3
508	1310	388.620592	2.66913575	303.314529	304.116357	303.314529	304.656654	0.956727774	0.229034463	0	23.9	0	0	3
509	1313	389.166984	2.67438996	303.310893	304.103243	303.310893	304.656654	0.959328229	0.229034463	0	23.8	0	0	3
510	1315	389.697999	2.67964416	303.307811	304.090459	303.307811	304.656654	0.961231097	0.229034463	0	23.8	0	0	3
511	1318	390.244287	2.68489837	303.304646	304.077238	303.304646	304.656654	0.963867151	0.229034463	0	23.7	0	0	3
512	1320	390.775418	2.69015257	303.30184	304.064351	303.30184	304.656654	0.965778411	0.229034463	0	23.7	0	0	3
513	1322	391.32169	2.69540677	303.299197	304.051029	303.299197	304.656654	0.968398633	0.229034463	0	23.6	0	0	3
514	1324	391.852824	2.70066098	303.296832	304.038039	303.296832	304.656654	0.970316329	0.229034463	0	23.6	0	0	3
515	1327	392.39915	2.70591518	303.294419	304.024617	303.294419	304.656654	0.972935709	0.229034463	0	23.5	0	0	3
516	1329	392.93001	2.71116939	303.292237	304.011526	303.292237	304.656654	0.974863477	0.229034463	0	23.4	0	0	3
517	1331	393.476329	2.71642359	303.290215	303.998012	303.290215	304.656654	0.977503465	0.229034463	0	23.4	0	0	3
518	1334	394.007406	2.7216778	303.288366	303.984851	303.288366	304.656654	0.979407826	0.229034463	0	23.3	0	0	3
519	1336	394.55359	2.726932	303.286682	303.971249	303.286682	304.656654	0.982069307	0.229034463	0	23.3	0	0	3
520	1338	395.084753	2.7321862	303.285073	303.958002	303.285073	304.656654	0.983967998	0.229034463	0	23.2	0	0	3
521	1341	395.630905	2.73744041	303.283593	303.944315	303.283593	304.656654	0.98660239	0.229034463	0	23.2	0	0	3
522	1343	396.161774	2.74269461	303.282286	303.930983	303.282286	304.656654	0.988499767	0.229034463	0	23.1	0	0	3
523	1345	396.708072	2.74794882	303.28097	303.917211	303.28097	304.656654	0.991131689	0.229034463	0	23.1	0	0	3
524	1348	397.239099	2.75320302	303.27982	303.903782	303.27982	304.656654	0.99304755	0.229034463	0	23	0	0	3
525	1350	397.78519	2.75845723	303.27869	303.889936	303.27869	304.656654	0.995678575	0.229034463	0	23	0	0	3
526	1352	398.316416	2.76371143	303.277888	303.876453	303.277888	304.656654	0.997561968	0.229034463	0	22.9	0	0	3
527	1354	398.862608	2.76896563	303.277012	303.862528	303.277012	304.656654	1.00019268	0.229034463	0	22.8	0	0	3
528	1357	399.393465	2.77421984	303.276225	303.848982	303.276225	304.656654	1.00206096	0.229034463	0	22.8	0	0	3
529	1359	399.939735	2.77947404	303.275411	303.834979	303.275411	304.656654	1.00469006	0.229034463	0	22.7	0	0	3
530	1361	400.470671	2.78472825	303.27472	303.821353	303.27472	304.656654	1.00655848	0.229034463	0	22.7	0	0	3
531	1364	401.016618	2.78998245	303.274138	303.807283	303.274138	304.656654	1.00917005	0.229034463	0	22.6	0	0	3
532	1366	401.547725	2.79523665	303.273579	303.79356	303.273579	304.656654	1.01105571	0.229034463	0	22.6	0	0	3
533	1368	402.093823	2.80049086	303.273107	303.779422	303.273107	304.656654	1.0136682	0.229034463	0	22.5	0	0	3
534	1371	402.624535	2.80574506	303.272511	303.765668	303.272511	304.656654	1.01550924	0.229034463	0	22.5	0	0	3
535	1373	403.170578	2.81099927	303.272296	303.751457	303.272296	304.656654	1.01812217	0.229034463	0	22.4	0	0	3
536	1375	403.701382	2.81625347	303.275063	303.737675	303.272296	304.656654	1.01988814	0.229034463	0	22.4	0	0	3
537	1378	404.247116	2.82150768	303.273529	303.723418	303.272296	304.656654	1.02249599	0.229034463	0	22.3	0	0	3
538	1380	404.775981	2.82676188	303.275165	303.709579	303.272296	304.656654	1.02444881	0.229034463	0	22.3	0	0	3
