Iteration	CPUTime	PhysTime	Travels	Value	AvValue	MinValue	MaxValue	Delta	Criteria	PrevAvRefValue	Progress	CriteriaType	CriteriaVarType	CriteriaPercentage
1	29	0.0162367046	0.00525420424	298.153599	298.153599	298.153599	298.153599	0	0	0	0	0	0	3
2	31	0.0324781022	0.0105084085	298.157248	298.155424	298.153599	298.157248	0.00182483337	0	0	0	0	0	3
3	33	0.0487542881	0.0157626127	298.160941	298.157266	298.153599	298.160941	0.00366665335	0	0	0	0	0	3
4	36	0.0652875332	0.021016817	298.164712	298.159152	298.153599	298.164712	0.00555241516	0	0	0	0	0	3
5	38	0.0837201606	0.0262710212	298.168932	298.161305	298.153599	298.168932	0.0077057311	0	0	0	0	0	3
6	40	0.132420249	0.0315252254	298.180012	298.168185	298.153599	298.180012	0.0145855436	0	0	0	0	0	3
7	42	0.336429492	0.0367794297	298.224587	298.202387	298.153599	298.224587	0.0487874772	0	0	0	0	0	3
8	46	1.67553863	0.0420336339	298.457732	298.406461	298.153599	298.457732	0.252861944	0	0	0	0	0	3
9	50	10.7473596	0.0472878381	299.069051	298.965752	298.153599	299.069051	0.812152876	0	0	0	0	0	3
10	55	44.8039731	0.0525420424	299.604728	299.451454	298.153599	299.604728	1.29785468	0	0	0	0	0	3
11	58	45.6867102	0.0577962466	299.642096	299.455137	298.153599	299.642096	1.30153818	0	0	0	0	0	3
12	61	46.3795552	0.0630504509	299.670415	299.458353	298.153599	299.670415	1.30475413	0	0	0	0	0	3
13	64	46.8586132	0.0683046551	299.689253	299.460714	298.153599	299.689253	1.30711473	0	0	0	0	0	3
14	66	47.2647115	0.0735588593	299.704743	299.462811	298.153599	299.704743	1.30921142	0	0	0	0	0	3
15	69	47.6243691	0.0788130636	299.71805	299.464738	298.153599	299.71805	1.31113898	0	0	0	0	0	3
16	72	48.1363147	0.0840672678	299.735887	299.467622	298.153599	299.735887	1.31402274	0	0	0	0	0	3
17	74	48.6168349	0.0893214721	299.751896	299.470432	298.153599	299.751896	1.31683245	0	0	0	0	0	3
18	77	49.0827006	0.0945756763	299.766783	299.473244	298.153599	299.766783	1.31964526	0	0	0	0	0	3
19	79	49.5540243	0.0998298805	299.781186	299.476173	298.153599	299.781186	1.32257419	0	0	0	0	0	3
20	82	50.047109	0.105084085	299.795566	299.47932	298.153599	299.795566	1.32572098	0	0	0	0	0	3
21	85	50.8057684	0.110338289	299.815769	299.484344	298.153599	299.815769	1.33074502	0	0	0	0	0	3
22	87	51.5990821	0.115592493	299.835304	299.48974	298.153599	299.835304	1.33614088	0	0	0	0	0	3
23	90	52.4251184	0.120846697	299.854127	299.495482	298.153599	299.854127	1.34188234	0	0	0	0	0	3
24	93	53.2727271	0.126100902	299.871986	299.501472	298.153599	299.871986	1.34787281	0	0	0	0	0	3
25	95	54.130989	0.131355106	299.888769	299.507613	298.153599	299.888769	1.35401352	0	0	0	0	0	3
26	98	55.4182895	0.13660931	299.91082	299.516979	298.153599	299.91082	1.36337953	0	0	0	0	0	3
27	101	56.6950026	0.141863514	299.93055	299.526292	298.153599	299.93055	1.37269274	0	0	0	0	0	3
28	104	57.9460995	0.147117719	299.948222	299.535402	298.153599	299.948222	1.3818025	0	0	0	0	0	3
29	107	59.1662014	0.152371923	299.964127	299.544243	298.153599	299.964127	1.3906435	0	0	0	0	0	3
30	110	60.355004	0.157626127	300.000307	299.553226	298.153599	300.000307	1.39962653	0	0	0	0	0	3
31	113	61.8847727	0.162880331	300.106268	299.566897	298.153599	300.106268	1.41329753	0	0	0	0	0	3
32	116	63.379911	0.168134536	300.211425	299.582101	298.153599	300.211425	1.42850201	0	0	0	0	0	3
33	119	64.8470579	0.17338874	300.328555	299.59899	298.153599	300.328555	1.44539033	0	0	0	0	0	3
34	122	66.2896594	0.178642944	300.456498	299.617651	298.153599	300.456498	1.4640515	0	0	0	0	0	3
35	124	67.7108526	0.183897148	300.586539	299.637987	298.153599	300.586539	1.48438765	0	0	0	0	0	3
36	128	69.1116691	0.189151353	300.71393	299.659795	298.153599	300.71393	1.50619581	0	0	0	0	0	3
37	131	70.4936093	0.194405557	300.834209	299.682818	298.153599	300.834209	1.52921875	0	0	0	0	0	3
38	133	71.8566672	0.199659761	300.945955	299.706779	298.153599	300.945955	1.55317935	0	0	0	0	0	3
39	136	73.2023027	0.204913965	301.047869	299.731431	298.153599	301.047869	1.57783183	0	0	0	0	0	3
40	139	74.5301983	0.21016817	301.140433	299.756535	298.153599	301.140433	1.60293586	0	0	0	0	0	3
41	142	75.8411404	0.215422374	301.224391	299.781908	298.153599	301.224391	1.62830829	0	0	0	0	0	3
42	145	77.1354356	0.220676578	301.299611	299.807374	298.153599	301.299611	1.65377461	0	0	0	0	0	3
43	148	78.4134466	0.225930782	301.367739	299.832805	298.153599	301.367739	1.67920602	0	0	0	0	0	3
44	151	79.6755359	0.231184986	301.429119	299.858091	298.153599	301.429119	1.7044922	0	0	0	0	0	3
45	154	80.9223344	0.236439191	301.484421	299.883149	298.153599	301.484421	1.72954963	0	0	0	0	0	3
46	157	82.1541264	0.241693395	301.534446	299.907908	298.153599	301.534446	1.75430863	0	0	0	0	0	3
47	160	83.3718609	0.246947599	301.579884	299.932329	298.153599	301.579884	1.77872962	0	0	0	0	0	3
48	162	84.5752894	0.252201803	301.621367	299.956362	298.153599	301.621367	1.80276307	0	0	0	0	0	3
49	165	85.7659717	0.257456008	301.659316	299.980004	298.153599	301.659316	1.82640504	0	0	0	0	0	3
50	168	86.9434252	0.262710212	301.694191	300.003219	298.153599	301.694191	1.84961986	0	0	0	0	0	3
51	171	88.1093756	0.267964416	301.726366	300.026021	298.153599	301.726366	1.87242224	0	0	0	0	0	3
52	174	89.2629975	0.27321862	301.756078	300.04838	298.153599	301.756078	1.89478124	0	0	0	0	0	3
53	176	90.4060462	0.278472825	301.783708	300.070321	298.153599	301.783708	1.91672185	0	0	0	0	0	3
54	179	91.5377194	0.283727029	301.809441	300.091822	298.153599	301.809441	1.93822244	0	0	0	0	0	3
55	182	92.6598196	0.288981233	301.833544	300.112914	298.153599	301.833544	1.95931451	0	0	0	0	0	3
56	185	93.7715015	0.294235437	301.856112	300.13358	298.153599	301.856112	1.97998051	0	0	0	0	0	3
57	188	94.8744384	0.299489642	301.877378	300.153852	298.153599	301.877378	2.00025257	0	0	0	0	0	3
58	190	95.9676129	0.304743846	301.897461	300.173713	298.153599	301.897461	2.02011415	0	0	0	0	0	3
59	193	97.0527481	0.30999805	301.916545	300.1932	298.153599	301.916545	2.03960054	0	0	0	0	0	3
60	196	98.1287847	0.315252254	301.934633	300.212296	298.153599	301.934633	2.05869632	0	0	0	0	0	3
61	199	99.1976554	0.320506459	301.951851	300.23104	298.153599	301.951851	2.07744031	0	0	0	0	0	3
62	202	100.258183	0.325760663	301.968297	300.249416	298.153599	301.968297	2.09581696	0	0	0	0	0	3
63	204	101.311257	0.331014867	301.984042	300.267447	298.153599	301.984042	2.11384744	0	0	0	0	0	3
64	207	102.357164	0.336269071	301.999147	300.285142	298.153599	301.999147	2.13154232	0	0	0	0	0	3
65	210	103.395719	0.341523275	302.013644	300.302503	298.153599	302.013644	2.1489042	0	0	0	0	0	3
66	212	104.427781	0.34677748	302.027621	300.319553	298.153599	302.027621	2.16595357	0	0	0	0	0	3
67	215	105.453104	0.352031684	302.041114	300.336292	298.153599	302.041114	2.18269236	0	0	0	0	0	3
68	218	106.47211	0.357285888	302.054173	300.352733	298.153599	302.054173	2.19913356	0	0	0	0	0	3
69	221	107.484994	0.362540092	302.066829	300.368886	298.153599	302.066829	2.21528635	0	0	0	0	0	3
70	223	108.491859	0.367794297	302.079121	300.384758	298.153599	302.079121	2.23115829	0	0	0	0	0	3
71	226	109.493136	0.373048501	302.091066	300.400361	298.153599	302.091066	2.24676189	0	0	0	0	0	3
72	229	110.48873	0.378302705	302.102708	300.415701	298.153599	302.102708	2.26210144	0	0	0	0	0	3
73	231	111.478853	0.383556909	302.114052	300.430785	298.153599	302.114052	2.2771857	0	0	0	0	0	3
74	234	112.464077	0.388811114	302.12515	300.445628	298.153599	302.12515	2.29202892	0	0	0	0	0	3
75	237	113.443263	0.394065318	302.13599	300.460218	298.153599	302.13599	2.30661928	0	0	0	0	0	3
76	240	114.417958	0.399319522	302.146604	300.474584	298.153599	302.146604	2.32098513	0	0	0	0	0	3
77	242	115.386896	0.404573726	302.156994	300.488712	298.153599	302.156994	2.33511284	0	0	0	0	0	3
78	245	116.351776	0.409827931	302.16719	300.502631	298.153599	302.16719	2.34903208	0	0	0	0	0	3
79	248	117.311409	0.415082135	302.177215	300.51633	298.153599	302.177215	2.36273055	0	0	0	0	0	3
80	251	118.267444	0.420336339	302.18708	300.529836	298.153599	302.18708	2.37623634	0	0	0	0	0	3
81	253	119.218561	0.425590543	302.196778	300.543134	298.153599	302.196778	2.38953509	0	0	0	0	0	3
82	256	120.16619	0.430844748	302.216087	300.556327	298.153599	302.216087	2.40272797	0	0	0	0	0	3
83	258	121.109036	0.436098952	302.286081	300.569793	298.153599	302.286081	2.41619427	0	0	0	0	0	3
84	261	122.048265	0.441353156	302.358773	300.583561	298.153599	302.358773	2.42996147	0	0	0	0	0	3
85	264	122.983322	0.44660736	302.444548	300.59771	298.153599	302.444548	2.44411077	0	0	0	0	0	3
86	267	123.91461	0.451861564	302.541658	300.61232	298.153599	302.541658	2.45872065	0	0	0	0	0	3
87	270	124.842341	0.457115769	302.64453	300.627422	298.153599	302.64453	2.47382245	0	0	0	0	0	3
88	273	125.765674	0.462369973	302.749636	300.643002	298.153599	302.749636	2.48940309	0	0	0	0	0	3
89	276	126.685654	0.467624177	302.852999	300.659051	298.153599	302.852999	2.50545189	0	0	0	0	0	3
90	278	127.600797	0.472878381	302.952451	300.675499	298.153599	302.952451	2.52189998	0	0	0	0	0	3
91	281	128.512689	0.478132586	303.047252	300.692329	298.153599	303.047252	2.53872931	0	0	0	0	0	3
92	284	129.420043	0.48338679	303.135773	300.709459	298.153599	303.135773	2.55586012	0	0	0	0	0	3
93	286	130.32358	0.488640994	303.218516	300.726855	298.153599	303.218516	2.57325547	0	0	0	0	0	3
94	289	131.223462	0.493895198	303.295466	300.744469	298.153599	303.295466	2.59087006	0	0	0	0	0	3
95	292	132.118622	0.499149403	303.366923	300.762238	298.153599	303.366923	2.6086383	0	0	0	0	0	3
96	295	133.010281	0.504403607	303.433339	300.780144	298.153599	303.433339	2.62654454	0	0	0	0	0	3
97	298	133.897049	0.509657811	303.49501	300.798444	298.157248	303.49501	2.64302032	0	0	0	0	0	3
98	300	134.779986	0.514912015	303.552353	300.816808	298.160941	303.552353	2.65954192	0	0	0	0	0	3
99	303	135.658406	0.52016622	303.605691	300.835192	298.164712	303.605691	2.67604009	0	0	0	0	0	3
100	306	136.532588	0.525420424	303.655313	300.85358	298.168932	303.655313	2.69227544	0	0	0	0	0	3
101	309	137.403119	0.530674628	303.701586	300.871996	298.180012	303.701586	2.70381079	0	0	0	0	0	3
102	312	138.268708	0.535928832	303.744732	300.890946	298.224587	303.744732	2.68855906	0	0	0	0	0	3
103	314	139.130761	0.541183037	303.785067	300.91284	298.457732	303.785067	2.50637921	0	0	0	0	0	3
104	317	139.988093	0.546437241	303.822822	300.954648	299.069051	303.822822	1.9888956	0	0	0	0	0	3
105	320	140.842276	0.551691445	303.858261	301.105199	299.604728	303.858261	1.65374549	0	0	0	0	0	3
106	322	141.692186	0.556945649	303.891551	301.657063	299.642096	303.891551	2.20192586	0	0	0	0	0	3
107	325	142.53944	0.562199853	303.922929	301.69525	299.670415	303.922929	2.23689625	0	0	0	0	0	3
108	328	143.382779	0.567454058	303.95253	301.729337	299.689253	303.95253	2.26862265	0	0	0	0	0	3
109	330	144.223358	0.572708262	303.980583	301.75881	299.704743	303.980583	2.29599934	0	0	0	0	0	3
110	333	145.060041	0.577962466	304.007091	301.786575	299.71805	304.007091	2.32183641	0	0	0	0	0	3
111	335	145.892958	0.58321667	304.032297	301.81318	299.735887	304.032297	2.34555792	0	0	0	0	0	3
112	338	146.722343	0.588470875	304.056203	301.842837	299.751896	304.056203	2.37240546	0	0	0	0	0	3
113	341	147.548949	0.593725079	304.078984	301.871677	299.766783	304.078984	2.39843213	0	0	0	0	0	3
114	343	148.371499	0.598979283	304.100745	301.900019	299.781186	304.100745	2.42384596	0	0	0	0	0	3
115	346	149.191393	0.604233487	304.121606	301.928323	299.795566	304.121606	2.44900302	0	0	0	0	0	3
116	348	150.007513	0.609487692	304.141555	301.956913	299.815769	304.141555	2.47256921	0	0	0	0	0	3
117	351	150.821518	0.614741896	304.160751	301.991091	299.835304	304.160751	2.50135133	0	0	0	0	0	3
118	354	151.631739	0.6199961	304.179201	302.025911	299.854127	304.179201	2.53042917	0	0	0	0	0	3
119	356	152.440835	0.625250304	304.19698	302.061411	299.871986	304.19698	2.55993887	0	0	0	0	0	3
120	359	153.245536	0.630504509	304.214177	302.097302	299.888769	304.214177	2.58968901	0	0	0	0	0	3
121	361	154.049107	0.635758713	304.230823	302.133431	299.91082	304.230823	2.61645192	0	0	0	0	0	3
122	364	154.848083	0.641012917	304.246915	302.179189	299.93055	304.246915	2.65289754	0	0	0	0	0	3
123	367	155.646418	0.646267121	304.262528	302.225011	299.948222	304.262528	2.68960895	0	0	0	0	0	3
124	369	156.443696	0.651521326	304.277793	302.270546	299.964127	304.277793	2.7263033	0	0	0	0	0	3
125	372	157.240514	0.65677553	304.292685	302.315668	300.000307	304.292685	2.7624426	0	0	0	0	0	3
126	374	158.035365	0.662029734	304.307146	302.360052	300.106268	304.307146	2.79315551	0	0	0	0	0	3
127	377	158.827885	0.667283938	304.321262	302.41165	300.211425	304.321262	2.82954898	0	0	0	0	0	3
128	379	159.617132	0.672538143	304.335095	302.461607	300.328555	304.335095	2.86261758	0	0	0	0	0	3
129	382	160.404378	0.677792347	304.348598	302.509903	300.456498	304.348598	2.8922523	0	0	0	0	0	3
130	384	161.188516	0.683046551	304.36183	302.55642	300.586539	304.36183	2.91843316	0	0	0	0	0	3
131	387	161.97083	0.688300755	304.374777	302.601212	300.71393	304.374777	2.94141716	0	0	0	0	0	3
132	390	162.747933	0.693554959	304.387442	302.644271	300.834209	304.387442	2.96145255	0	0	0	0	0	3
133	392	163.535396	0.698809164	304.400089	302.686016	300.945955	304.400089	2.97923705	0	0	0	0	0	3
134	395	164.311637	0.704063368	304.412393	302.726164	301.047869	304.412393	2.99473262	0	0	0	0	0	3
135	397	165.092032	0.709317572	304.424597	302.765165	301.140433	304.424597	3.00862994	0	0	0	0	0	3
136	399	165.858274	0.714571776	304.436451	302.80281	301.224391	304.436451	3.02090292	0	0	0	0	0	3
137	402	166.639231	0.719825981	304.448351	302.839753	301.299611	304.448351	3.03237916	0	0	0	0	0	3
138	404	167.407477	0.725080185	304.459961	302.875624	301.367739	304.459961	3.04281839	0	0	0	0	0	3
139	407	168.182998	0.730334389	304.471536	302.910878	301.429119	304.471536	3.04241751	0	0	0	0	0	3
140	409	168.939097	0.735588593	304.482729	302.945143	301.484421	304.482729	2.99830797	0	0	0	0	0	3
141	412	169.71173	0.740842798	304.49405	302.979133	301.534446	304.49405	2.95960396	0	0	0	0	0	3
142	414	170.46465	0.746097002	304.505002	303.012293	301.579884	304.505002	2.92511844	0	0	0	0	0	3
143	417	171.233429	0.751351206	304.516091	303.045304	301.621367	304.516091	2.89472429	0	0	0	0	0	3
144	419	171.98159	0.75660541	304.52681	303.07759	301.659316	304.52681	2.86749452	0	0	0	0	0	3
145	422	172.746519	0.761859615	304.537676	303.109845	301.694191	304.537676	2.84348462	0	0	0	0	0	3
146	424	173.490658	0.767113819	304.548192	303.141472	301.726366	304.548192	2.82182556	0	0	0	0	0	3
147	426	174.251597	0.772368023	304.558872	303.173146	301.756078	304.558872	2.80279431	0	0	0	0	0	3
148	429	174.991797	0.777622227	304.569215	303.204269	301.783708	304.569215	2.78550769	0	0	0	0	0	3
149	431	175.748755	0.782876432	304.579713	303.235495	301.809441	304.579713	2.77027204	0	0	0	0	0	3
150	434	176.485066	0.788130636	304.589881	303.266233	301.833544	304.589881	2.75633648	0	0	0	0	0	3
151	436	177.237932	0.79338484	304.600217	303.297115	301.856112	304.600217	2.74410569	0	0	0	0	0	3
152	439	177.970544	0.798639044	304.610245	303.327566	301.877378	304.610245	2.73286692	0	0	0	0	0	3
153	441	178.7196	0.803893248	304.620439	303.358193	301.897461	304.620439	2.72297834	0	0	0	0	0	3
154	443	179.449263	0.809147453	304.630339	303.38844	301.916545	304.630339	2.71379392	0	0	0	0	0	3
155	446	180.194906	0.814401657	304.652181	303.418984	301.934633	304.652181	2.71754805	0	0	0	0	0	3
156	448	180.921696	0.819655861	304.709826	303.449607	301.951851	304.709826	2.7579751	0	0	0	0	0	3
157	451	181.664345	0.824910065	304.772554	303.480933	301.968297	304.772554	2.80425649	0	0	0	0	0	3
158	453	182.38801	0.83016427	304.845495	303.512489	301.984042	304.845495	2.86145311	0	0	0	0	0	3
159	456	183.127942	0.835418474	304.930325	303.544985	301.999147	304.930325	2.93117777	0	0	0	0	0	3
160	459	183.848217	0.840672678	305.020137	303.577863	302.013644	305.020137	3.00649282	0	0	0	0	0	3
161	461	184.585145	0.845926882	305.114207	303.611817	302.027621	305.114207	3.08658644	0	0	0	0	0	3
162	464	185.301945	0.851181087	305.206003	303.646163	302.041114	305.206003	3.16488945	0	0	0	0	0	3
163	466	186.035498	0.856435291	305.29826	303.681625	302.054173	305.29826	3.24408703	0	0	0	0	0	3
164	469	186.748391	0.861689495	305.38453	303.717406	302.066829	305.38453	3.31770155	0	0	0	0	0	3
165	471	187.478604	0.866943699	305.468766	303.754293	302.079121	305.468766	3.36953548	0	0	0	0	0	3
166	474	188.187669	0.872197904	305.546709	303.791404	302.091066	305.546709	3.39104313	0	0	0	0	0	3
167	476	188.914413	0.877452108	305.62237	303.829595	302.102708	305.62237	3.41389428	0	0	0	0	0	3
168	479	189.620192	0.882706312	305.692133	303.867934	302.114052	305.692133	3.43714901	0	0	0	0	0	3
169	481	190.343207	0.887960516	305.759619	303.907296	302.12515	305.759619	3.46166798	0	0	0	0	0	3
170	484	191.045551	0.893214721	305.82175	303.946751	302.13599	305.82175	3.48653245	0	0	0	0	0	3
171	487	191.765119	0.898468925	305.881765	303.987167	302.146604	305.881765	3.51258246	0	0	0	0	0	3
172	489	192.463852	0.903723129	305.936934	304.027609	302.156994	305.936934	3.53889705	0	0	0	0	0	3
173	491	193.180126	0.908977333	305.990249	304.068979	302.16719	305.990249	3.56634769	0	0	0	0	0	3
174	494	193.8754	0.914231537	306.039255	304.11032	302.177215	306.039255	3.59398993	0	0	0	0	0	3
175	496	194.588091	0.919485742	306.086685	304.152552	302.18708	306.086685	3.6227169	0	0	0	0	0	3
176	499	195.279719	0.924739946	306.13034	304.194714	302.196778	306.13034	3.65157967	0	0	0	0	0	3
177	501	195.989061	0.92999415	306.172685	304.237743	302.216087	306.172685	3.6814154	0	0	0	0	0	3
178	504	196.676677	0.935248354	306.211686	304.280522	302.286081	306.211686	3.71072879	0	0	0	0	0	3
179	506	197.382426	0.940502559	306.249623	304.323396	302.358773	306.249623	3.73983554	0	0	0	0	0	3
180	509	198.066794	0.945756763	306.284658	304.365326	302.444548	306.284658	3.76761622	0	0	0	0	0	3
181	511	198.768919	0.951010967	306.318814	304.407123	302.541658	306.318814	3.77715509	0	0	0	0	0	3
182	514	199.450243	0.956265171	306.350455	304.447652	302.64453	306.350455	3.70592423	0	0	0	0	0	3
183	517	200.149165	0.961519376	306.381364	304.487812	302.749636	306.381364	3.63172866	0	0	0	0	0	3
184	519	200.827531	0.96677358	306.410091	304.526565	302.852999	306.410091	3.55709179	0	0	0	0	0	3
185	521	201.523257	0.972027784	306.43823	304.56491	302.952451	306.43823	3.48577904	0	0	0	0	0	3
186	524	202.198439	0.977281988	306.464462	304.601884	303.047252	306.464462	3.41720994	0	0	0	0	0	3
187	526	202.89099	0.982536193	306.490265	304.638527	303.135773	306.490265	3.35449247	0	0	0	0	0	3
188	529	203.563001	0.987790397	306.514356	304.67392	303.218516	306.514356	3.29583962	0	0	0	0	0	3
189	531	204.252351	0.993044601	306.538118	304.70909	303.295466	306.538118	3.24265259	0	0	0	0	0	3
190	534	204.9211	0.998298805	306.560401	304.743151	303.366923	306.560401	3.19347801	0	0	0	0	0	3
191	536	205.607491	1.00355301	306.582446	304.777093	303.433339	306.582446	3.14910639	0.252645139	0	8	0	0	3
192	539	206.273191	1.00880721	306.603176	304.81004	303.49501	306.603176	3.10816524	0.253267038	0	8.1	0	0	3
193	541	206.956641	1.01406142	306.623734	304.842968	303.552353	306.623734	3.07138078	0.253575414	0	8.2	0	0	3
194	544	207.619536	1.01931562	306.643145	304.874996	303.605691	306.643145	3.03745481	0.253834605	0	8.3	0	0	3
195	546	208.299755	1.02456983	306.662472	304.907083	303.655313	306.662472	3.00715886	0.254077504	0	8.4	0	0	3
196	549	208.959801	1.02982403	306.680724	304.938355	303.701586	306.680724	2.97913827	0.254266275	0	8.5	0	0	3
197	551	209.636941	1.03507823	306.698961	304.969764	303.744732	306.698961	2.95422819	0.254260432	0	8.6	0	0	3
198	554	210.294379	1.04033244	306.716221	305.000428	303.785067	306.716221	2.93115447	0.25333104	0	8.6	0	0	3
199	556	210.968644	1.04558664	306.73345	305.031278	303.822822	306.73345	2.91062819	0.252645139	0	8.6	0	0	3
200	559	211.623549	1.05084085	306.749863	305.061453	303.858261	306.749863	2.89160181	0.252645139	0	8.7	0	0	3
201	562	212.295389	1.05609505	306.766322	305.091866	303.891551	306.766322	2.87477147	0.252645139	0	8.7	0	0	3
202	564	212.947526	1.06134926	306.781999	305.121652	303.922929	306.781999	2.85906995	0.252645139	0	8.8	0	0	3
203	567	213.61693	1.06660346	306.797737	305.151726	303.95253	306.797737	2.84520685	0.252645139	0	8.8	0	0	3
204	569	214.266368	1.07185766	306.812704	305.181211	303.980583	306.812704	2.83212168	0.252645139	0	8.9	0	0	3
205	572	214.933131	1.07711187	306.827784	305.21101	304.007091	306.827784	2.82069347	0.252645139	0	8.9	0	0	3
206	574	215.57996	1.08236607	306.842192	305.240256	304.032297	306.842192	2.80989492	0.252645139	0	8.9	0	0	3
207	576	216.244082	1.08762028	306.856744	305.269817	304.056203	306.856744	2.80054147	0.252645139	0	9	0	0	3
208	579	216.888495	1.09287448	306.870662	305.298865	304.078984	306.870662	2.79167829	0.252645139	0	9	0	0	3
209	581	217.550156	1.09812869	306.88474	305.32826	304.100745	306.88474	2.78399507	0.252645139	0	9	0	0	3
210	584	218.191919	1.10338289	306.898214	305.357151	304.121606	306.898214	2.77660821	0.252645139	0	9	0	0	3
211	586	218.851333	1.10863709	306.911868	305.386411	304.141555	306.911868	2.77031347	0.252645139	0	9.1	0	0	3
212	589	219.490515	1.1138913	306.924938	305.415186	304.160751	306.924938	2.76418729	0.252645139	0	9.1	0	0	3
213	591	220.147705	1.1191455	306.93825	305.444353	304.179201	306.93825	2.75904908	0.252645139	0	9.1	0	0	3
214	594	220.784634	1.12439971	306.951006	305.473053	304.19698	306.951006	2.75402564	0.252645139	0	9.1	0	0	3
215	596	221.439106	1.12965391	306.96398	305.502159	304.214177	306.96398	2.74980299	0.252645139	0	9.1	0	0	3
216	598	222.073834	1.13490812	306.976443	305.530813	304.230823	306.976443	2.74562055	0.252645139	0	9.2	0	0	3
217	601	222.725681	1.14016232	306.989119	305.559865	304.246915	306.989119	2.74220396	0.252645139	0	9.2	0	0	3
218	603	223.358369	1.14541652	307.00134	305.588489	304.262528	307.00134	2.73881194	0.252645139	0	9.2	0	0	3
219	606	224.007905	1.15067073	307.013765	305.617516	304.277793	307.013765	2.73597198	0.252645139	0	9.2	0	0	3
220	608	224.638372	1.15592493	307.025747	305.646198	304.292685	307.025747	2.73306237	0.252645139	0	9.2	0	0	3
221	611	225.285751	1.16117914	307.037942	305.675289	304.307146	307.037942	2.73079568	0.252645139	0	9.2	0	0	3
222	613	225.913901	1.16643334	307.049703	305.704029	304.321262	307.049703	2.7284405	0.252645139	0	9.2	0	0	3
223	616	226.559322	1.17168755	307.061705	305.733146	304.335095	307.061705	2.72661032	0.252645139	0	9.2	0	0	3
224	618	227.185205	1.17694175	307.073279	305.76189	304.348598	307.073279	2.72468053	0.252645139	0	9.2	0	0	3
225	620	227.828458	1.18219595	307.085094	305.791015	304.36183	307.085094	2.72326421	0.252645139	0	9.2	0	0	3
226	623	228.452279	1.18745016	307.096494	305.819783	304.374777	307.096494	2.72171668	0.252645139	0	9.2	0	0	3
227	625	229.093319	1.19270436	307.108134	305.848929	304.387442	307.108134	2.72069216	0.252645139	0	9.2	0	0	3
228	628	229.715262	1.19795857	307.119383	305.877688	304.400089	307.119383	2.71929346	0.252645139	0	9.2	0	0	3
229	630	230.353941	1.20321277	307.130864	305.90708	304.412393	307.130864	2.71847192	0.252645139	0	9.2	0	0	3
230	632	230.973836	1.20846697	307.141968	305.935968	304.424597	307.141968	2.7173712	0.252645139	0	9.2	0	0	3
231	635	231.610483	1.21372118	307.153328	305.96535	304.436451	307.153328	2.71687727	0.252645139	0	9.2	0	0	3
232	637	232.228511	1.21897538	307.164292	305.994166	304.448351	307.164292	2.71594106	0.252645139	0	9.3	0	0	3
233	640	232.863238	1.22422959	307.175526	306.023718	304.459961	307.175526	2.71556576	0.252645139	0	9.3	0	0	3
234	642	233.479548	1.22948379	307.186381	306.052745	304.471536	307.186381	2.71484496	0.252645139	0	9.3	0	0	3
235	645	234.112221	1.234738	307.197472	306.08233	304.482729	307.197472	2.71474325	0.252645139	0	9.3	0	0	3
236	647	234.726528	1.2399922	307.208208	306.111228	304.49405	307.208208	2.71415811	0.252645139	0	9.3	0	0	3
237	649	235.357203	1.2452464	307.2192	306.140906	304.505002	307.2192	2.714198	0.252645139	0	9.3	0	0	3
238	652	235.969665	1.25050061	307.229832	306.169891	304.516091	307.229832	2.71374094	0.252645139	0	9.3	0	0	3
239	654	236.598192	1.25575481	307.240706	306.199638	304.52681	307.240706	2.71389605	0.252645139	0	9.3	0	0	3
240	657	237.208788	1.26100902	307.251249	306.22867	304.537676	307.251249	2.71357317	0.252645139	0	9.3	0	0	3
241	659	237.835358	1.26626322	307.262036	306.25849	304.548192	307.262036	2.713844	0.252645139	0	9.3	0	0	3
242	661	238.444025	1.27151743	307.272485	306.287586	304.558872	307.272485	2.71361293	0.252645139	0	9.3	0	0	3
243	664	239.068774	1.27677163	307.283184	306.317477	304.569215	307.283184	2.71396823	0.252645139	0	9.3	0	0	3
244	666	239.675689	1.28202583	307.293546	306.346641	304.579713	307.293546	2.71383299	0.252645139	0	9.3	0	0	3
245	669	240.298631	1.28728004	307.284801	306.376415	304.589881	307.293546	2.70366543	0.252645139	0	9.3	0	0	3
246	671	240.903761	1.29253424	307.253219	306.405072	304.600217	307.293546	2.6933287	0.252645139	0	9.3	0	0	3
247	674	241.524949	1.29778845	307.214951	306.434034	304.610245	307.293546	2.68330081	0.252645139	0	9.4	0	0	3
248	676	242.128416	1.30304265	307.166508	306.46175	304.620439	307.293546	2.67310689	0.252645139	0	9.4	0	0	3
249	679	242.748015	1.30829686	307.108112	306.489545	304.630339	307.293546	2.66320746	0.252645139	0	9.4	0	0	3
250	681	243.349732	1.31355106	307.0463	306.516018	304.652181	307.293546	2.64136518	0.252645139	0	9.5	0	0	3
251	684	243.967796	1.31880526	306.980237	306.542309	304.709826	307.293546	2.58372012	0.252645139	0	9.7	0	0	3
252	686	244.567764	1.32405947	306.916046	306.566758	304.772554	307.293546	2.52099232	0.252645139	0	10	0	0	3
253	689	245.184859	1.32931367	306.851529	306.590501	304.845495	307.293546	2.44805089	0.252645139	0	10.3	0	0	3
254	691	245.783159	1.33456788	306.790809	306.612311	304.930325	307.293546	2.36322105	0.252645139	0	10.6	0	0	3
255	694	246.399695	1.33982208	306.731712	306.633145	305.020137	307.293546	2.27340944	0.252645139	0	11.1	0	0	3
256	696	246.9964	1.34507629	306.677642	306.651963	305.114207	307.293546	2.179339	0.252645139	0	11.5	0	0	3
257	699	247.612088	1.35033049	306.625456	306.669684	305.206003	307.293546	2.08754271	0.252645139	0	12.1	0	0	3
258	701	248.207087	1.35558469	306.578125	306.685497	305.29826	307.293546	1.99528628	0.252645139	0	12.6	0	0	3
259	704	248.821689	1.3608389	306.53261	306.700208	305.38453	307.293546	1.90901567	0.252645139	0	13.2	0	0	3
260	706	249.41572	1.3660931	306.49153	306.713197	305.468766	307.293546	1.82478043	0.252645139	0	13.8	0	0	3
261	709	250.029162	1.37134731	306.452226	306.725165	305.546709	307.293546	1.74683681	0.252645139	0	14.4	0	0	3
262	711	250.621859	1.37660151	306.416939	306.735622	305.62237	307.293546	1.67117597	0.252645139	0	15.1	0	0	3
263	714	251.234262	1.38185571	306.383321	306.745143	305.692133	307.293546	1.60141275	0.252645139	0	15.7	0	0	3
264	716	251.828142	1.38710992	306.353146	306.753347	305.759619	307.293546	1.53392748	0.252645139	0	16.4	0	0	3
265	719	252.439574	1.39236412	306.324617	306.760696	305.82175	307.293546	1.47179567	0.252645139	0	17.1	0	0	3
266	721	253.033342	1.39761833	306.299082	306.766913	305.881765	307.293546	1.41178114	0.252645139	0	17.8	0	0	3
267	724	253.643952	1.40287253	306.275112	306.772353	305.936934	307.293546	1.35661163	0.252645139	0	18.6	0	0	3
268	726	254.235578	1.40812674	306.253779	306.776836	305.990249	307.293546	1.30329754	0.252645139	0	19.3	0	0	3
269	729	254.845577	1.41338094	306.233729	306.7806	306.039255	307.293546	1.2542914	0.252645139	0	20.1	0	0	3
270	731	255.435307	1.41863514	306.215998	306.783565	306.086685	307.293546	1.20686116	0.252645139	0	20.9	0	0	3
271	734	256.044616	1.42388935	306.199373	306.785854	306.13034	307.293546	1.1632065	0.252645139	0	21.7	0	0	3
272	736	256.63481	1.42914355	306.184768	306.787461	306.172685	307.293546	1.12086117	0.252645139	0	22.5	0	0	3
273	739	257.24339	1.43439776	306.171192	306.788458	306.171192	307.293546	1.12235451	0.252645139	0	22.5	0	0	3
274	741	257.833535	1.43965196	306.159282	306.788871	306.159282	307.293546	1.13426383	0.252645139	0	22.2	0	0	3
275	744	258.441225	1.44490617	306.148305	306.788729	306.148305	307.293546	1.14524127	0.252645139	0	22	0	0	3
276	746	259.030098	1.45016037	306.138775	306.78811	306.138775	307.293546	1.15477075	0.252645139	0	21.8	0	0	3
277	748	259.636298	1.45541457	306.130078	306.786969	306.130078	307.293546	1.16346837	0.252645139	0	21.7	0	0	3
278	751	260.222841	1.46066878	306.122629	306.785451	306.122629	307.293546	1.17091672	0.252645139	0	21.5	0	0	3
279	753	260.828128	1.46592298	306.115915	306.783427	306.115915	307.293546	1.17763071	0.252645139	0	21.4	0	0	3
280	756	261.414697	1.47117719	306.110244	306.78109	306.110244	307.293546	1.18330196	0.252645139	0	21.3	0	0	3
281	758	262.019333	1.47643139	306.105234	306.778278	306.105234	307.293546	1.18831187	0.252645139	0	21.2	0	0	3
282	761	262.605403	1.4816856	306.101114	306.775216	306.101114	307.293546	1.19243235	0.252645139	0	21.1	0	0	3
283	763	263.208977	1.4869398	306.097595	306.771707	306.097595	307.293546	1.19595138	0.252645139	0	21.1	0	0	3
284	765	263.795253	1.492194	306.094782	306.767989	306.094782	307.293546	1.19876367	0.252645139	0	21	0	0	3
285	768	264.39756	1.49744821	306.092532	306.763859	306.092532	307.293546	1.20101424	0.252645139	0	21	0	0	3
286	770	264.98103	1.50270241	306.090903	306.759587	306.090903	307.293546	1.20264273	0.252645139	0	21	0	0	3
287	773	265.582259	1.50795662	306.089751	306.7549	306.089751	307.293546	1.20379483	0.252645139	0	20.9	0	0	3
288	775	266.163879	1.51321082	306.089142	306.750121	306.089142	307.293546	1.20440378	0.252645139	0	20.9	0	0	3
289	777	266.764428	1.51846502	306.088997	306.744926	306.088997	307.293546	1.20454874	0.252645139	0	20.9	0	0	3
290	780	267.346126	1.52371923	306.089267	306.73967	306.088997	307.293546	1.20454874	0.252645139	0	20.9	0	0	3
291	782	267.945797	1.52897343	306.089943	306.734019	306.088997	307.293546	1.20454874	0.252645139	0	20.9	0	0	3
292	785	268.527045	1.53422764	306.090964	306.728334	306.088997	307.293546	1.20454874	0.252645139	0	20.9	0	0	3
293	787	269.125456	1.53948184	306.092373	306.722271	306.088997	307.293546	1.20454874	0.252645139	0	20.9	0	0	3
294	790	269.70695	1.54473605	306.094051	306.71619	306.088997	307.293546	1.20454874	0.252645139	0	20.9	0	0	3
295	792	270.304368	1.54999025	306.096015	306.709749	306.088997	307.293546	1.20454874	0.252645139	0	20.9	0	0	3
296	794	270.883235	1.55524445	306.098228	306.703332	306.088997	307.293546	1.20454874	0.252645139	0	20.9	0	0	3
297	797	271.479687	1.56049866	306.100763	306.696545	306.088997	307.293546	1.20454874	0.252645139	0	20.9	0	0	3
298	800	272.058616	1.56575286	306.10346	306.689793	306.088997	307.293546	1.20454874	0.252645139	0	20.9	0	0	3
299	802	272.654112	1.57100707	306.106498	306.682686	306.088997	307.293546	1.20454874	0.252645139	0	20.9	0	0	3
300	804	273.231767	1.57626127	306.109675	306.67564	306.088997	307.293546	1.20454874	0.252645139	0	20.9	0	0	3
301	808	273.826268	1.58151548	306.113104	306.668239	306.088997	307.293546	1.20454874	0.252645139	0	20.9	0	0	3
302	810	274.403918	1.58676968	306.116673	306.66091	306.088997	307.293546	1.20454874	0.252645139	0	20.9	0	0	3
303	812	274.997369	1.59202388	306.120467	306.653238	306.088997	307.293546	1.20454874	0.252645139	0	20.9	0	0	3
304	815	275.572247	1.59727809	306.12438	306.645669	306.088997	307.293546	1.20454874	0.252645139	0	20.9	0	0	3
305	817	276.165263	1.60253229	306.128504	306.637738	306.088997	307.293546	1.20454874	0.252645139	0	20.9	0	0	3
306	820	276.740921	1.6077865	306.132673	306.629917	306.088997	307.293546	1.20454874	0.252645139	0	20.9	0	0	3
307	822	277.333104	1.6130407	306.137105	306.621748	306.088997	307.293546	1.20454874	0.252645139	0	20.9	0	0	3
308	824	277.907029	1.61829491	306.141559	306.613713	306.088997	307.293546	1.20454874	0.252645139	0	20.9	0	0	3
309	827	278.498155	1.62354911	306.146219	306.605322	306.088997	307.293546	1.20454874	0.252645139	0	20.9	0	0	3
310	829	279.072202	1.62880331	306.150878	306.597069	306.088997	307.293546	1.20454874	0.252645139	0	20.9	0	0	3
311	832	279.66218	1.63405752	306.155771	306.588473	306.088997	307.293546	1.20454874	0.252645139	0	20.9	0	0	3
312	834	280.233785	1.63931172	306.160586	306.580033	306.088997	307.293546	1.20454874	0.252645139	0	20.9	0	0	3
313	837	280.822933	1.64456593	306.165658	306.571241	306.088997	307.293546	1.20038261	0.252645139	0	21	0	0	3
314	839	281.395206	1.64982013	306.170654	306.562603	306.088997	307.293546	1.1713556	0.252645139	0	21.5	0	0	3
315	841	281.983653	1.65507434	306.17585	306.553622	306.088997	307.293546	1.14267338	0.252645139	0	22.1	0	0	3
316	844	282.555151	1.66032854	306.180989	306.544806	306.088997	307.293546	1.11358261	0.252645139	0	22.6	0	0	3
317	847	283.142924	1.66558274	306.186349	306.535647	306.088997	307.293546	1.08484292	0.252645139	0	23.2	0	0	3
318	851	283.713708	1.67083695	306.191628	306.526663	306.088997	307.293546	1.05572582	0.252645139	0	23.9	0	0	3
319	855	284.300545	1.67609115	306.197105	306.517333	306.088997	307.293546	1.02698187	0.252645139	0	24.6	0	0	3
320	858	284.868435	1.68134536	306.202499	306.508201	306.088997	307.293546	0.997856298	0.252645139	0	25.3	0	0	3
321	860	285.45431	1.68659956	306.208111	306.49871	306.088997	307.293546	0.969088031	0.252645139	0	26	0	0	3
322	863	286.023159	1.69185376	306.213608	306.489416	306.088997	307.293546	0.939942309	0.252645139	0	26.8	0	0	3
323	865	286.608424	1.69710797	306.219292	306.479771	306.088997	307.293546	0.911183873	0.252645139	0	27.7	0	0	3
324	868	287.176652	1.70236217	306.224863	306.470328	306.088997	307.293546	0.881791864	0.252645139	0	28.6	0	0	3
325	870	287.761304	1.70761638	306.23064	306.460538	306.088997	307.293546	0.852903862	0.252645139	0	29.6	0	0	3
326	872	288.328513	1.71287058	306.236259	306.450955	306.088997	307.293546	0.823521076	0.252645139	0	30.6	0	0	3
327	875	288.912405	1.71812479	306.242079	306.441023	306.088997	307.293546	0.794705664	0.252645139	0	31.7	0	0	3
328	877	289.47708	1.72337899	306.247746	306.431308	306.088997	307.293546	0.765153583	0.252645139	0	33	0	0	3
329	880	290.060399	1.72863319	306.25365	306.421238	306.088997	307.293546	0.736126034	0.252645139	0	34.3	0	0	3
330	882	290.625968	1.7338874	306.25937	306.411384	306.088997	307.293546	0.706541293	0.252645139	0	35.7	0	0	3
331	884	291.208334	1.7391416	306.265301	306.401183	306.088997	307.293546	0.677643816	0.252645139	0	37.2	0	0	3
332	887	291.772902	1.74439581	306.271079	306.391205	306.088997	307.293546	0.647965372	0.252645139	0	38.9	0	0	3
333	889	292.354136	1.74965001	306.277084	306.38088	306.088997	307.293546	0.618980864	0.252645139	0	40.8	0	0	3
334	892	292.918126	1.75490422	306.282927	306.370779	306.088997	307.293546	0.589233288	0.252645139	0	42.8	0	0	3
335	894	293.498571	1.76015842	306.288924	306.360335	306.088997	307.293546	0.560201622	0.252645139	0	45	0	0	3
336	896	294.061683	1.76541262	306.294774	306.350117	306.088997	307.293546	0.530381357	0.252645139	0	47.6	0	0	3
337	899	294.641015	1.77066683	306.30081	306.339556	306.088997	307.293546	0.501285325	0.252645139	0	50.3	0	0	3
338	901	295.203062	1.77592103	306.306682	306.329226	306.088997	307.293546	0.471394427	0.252645139	0	53.5	0	0	3
339	903	295.781525	1.78117524	306.312748	306.318549	306.088997	307.293546	0.470322287	0.252645139	0	53.7	0	0	3
340	906	296.342865	1.78642944	306.318646	306.308108	306.088997	307.284801	0.480763706	0.252645139	0	52.5	0	0	3
341	908	296.92058	1.79168365	306.324748	306.297532	306.088997	307.253219	0.491339287	0.252645139	0	51.4	0	0	3
342	910	297.481028	1.79693785	306.330682	306.287639	306.088997	307.214951	0.501232583	0.252645139	0	50.4	0	0	3
343	913	298.057665	1.80219205	306.336774	306.277951	306.088997	307.166508	0.510920817	0.252645139	0	49.4	0	0	3
344	915	298.617143	1.80744626	306.34278	306.2691	306.088997	307.108112	0.519771159	0.252645139	0	48.6	0	0	3
345	918	299.194285	1.81270046	306.34903	306.260708	306.088997	307.0463	0.528163558	0.252645139	0	47.8	0	0	3
346	920	299.751495	1.81795467	306.354938	306.253258	306.088997	306.980237	0.535613647	0.252645139	0	47.1	0	0	3
347	923	300.327288	1.82320887	306.339007	306.246161	306.088997	306.916046	0.542709979	0.252645139	0	46.5	0	0	3
348	925	300.885475	1.82846307	306.305003	306.239608	306.088997	306.851529	0.54926324	0.252645139	0	45.9	0	0	3
349	928	301.460325	1.83371728	306.263751	306.233145	306.088997	306.790809	0.555726705	0.252645139	0	45.4	0	0	3
350	930	302.017737	1.83897148	306.213718	306.227019	306.088997	306.731712	0.561852466	0.252645139	0	44.9	0	0	3
351	933	302.591764	1.84422569	306.154183	306.220737	306.088997	306.677642	0.568133983	0.252645139	0	44.4	0	0	3
352	935	303.148727	1.84947989	306.090989	306.214595	306.088997	306.625456	0.536458695	0.252645139	0	47	0	0	3
353	938	303.721981	1.8547341	306.023973	306.208139	306.023973	306.578125	0.554152432	0.252645139	0	45.5	0	0	3
354	940	304.277983	1.8599883	305.958383	306.201737	305.958383	306.53261	0.5742271	0.252645139	0	43.9	0	0	3
355	943	304.85021	1.8652425	305.892012	306.194944	305.892012	306.49153	0.593927567	0.252645139	0	42.5	0	0	3
356	945	305.40537	1.87049671	305.829722	306.188176	305.829722	306.452226	0.600695561	0.252645139	0	42	0	0	3
357	948	305.976981	1.87575091	305.768298	306.180991	305.768298	306.416939	0.607880585	0.252645139	0	41.5	0	0	3
358	950	306.531555	1.88100512	305.711432	306.173832	305.711432	306.383321	0.615039468	0.252645139	0	41	0	0	3
359	953	307.102389	1.88625932	305.656405	306.166249	305.656405	306.354938	0.622622622	0.252645139	0	40.5	0	0	3
360	955	307.656073	1.89151353	305.606178	306.158706	305.606178	306.354938	0.630165384	0.252645139	0	40	0	0	3
361	958	308.226113	1.89676773	305.557809	306.150748	305.557809	306.354938	0.638123908	0.252645139	0	39.5	0	0	3
362	960	308.779346	1.90202193	305.513846	306.142847	305.513846	306.354938	0.646024584	0.252645139	0	39.1	0	0	3
363	963	309.349214	1.90727614	305.471518	306.134529	305.471518	306.354938	0.654342134	0.252645139	0	38.6	0	0	3
364	965	309.902291	1.91253034	305.432987	306.126292	305.432987	306.354938	0.662579691	0.252645139	0	38.1	0	0	3
365	968	310.471763	1.91778455	305.395912	306.117636	305.395912	306.354938	0.67123511	0.252645139	0	37.6	0	0	3
366	970	311.024078	1.92303875	305.362292	306.109088	305.362292	306.354938	0.679783509	0.252645139	0	37.1	0	0	3
367	972	311.592654	1.92829296	305.330036	306.100123	305.330036	306.354938	0.688748019	0.252645139	0	36.6	0	0	3
368	975	312.144263	1.93354716	305.300847	306.091281	305.300847	306.354938	0.697590579	0.252645139	0	36.2	0	0	3
369	978	312.712461	1.93880136	305.272864	306.082021	305.272864	306.354938	0.706850772	0.252645139	0	35.7	0	0	3
370	981	313.26391	1.94405557	305.24757	306.072897	305.24757	306.354938	0.715832537	0.252645139	0	35.2	0	0	3
371	983	313.831916	1.94930977	305.223341	306.063357	305.223341	306.354938	0.724752087	0.252645139	0	34.8	0	0	3
372	985	314.3829	1.95456398	305.201479	306.053976	305.201479	306.354938	0.732993493	0.252645139	0	34.4	0	0	3
373	988	314.950246	1.95981818	305.180608	306.044184	305.180608	306.354938	0.741267458	0.252645139	0	34	0	0	3
374	990	315.500549	1.96507239	305.161842	306.034568	305.161842	306.354938	0.748859401	0.252645139	0	33.7	0	0	3
375	993	316.067347	1.97032659	305.143897	306.024537	305.143897	306.354938	0.756552467	0.252645139	0	33.3	0	0	3
376	995	316.617253	1.97558079	305.127774	306.014693	305.127774	306.354938	0.763584451	0.252645139	0	33	0	0	3
377	998	317.183679	1.980835	305.112362	306.004436	305.112362	306.354938	0.770779667	0.252645139	0	32.7	0	0	3
378	1000	317.733092	1.9860892	305.098572	305.99438	305.098572	306.354938	0.777326559	0.252645139	0	32.5	0	0	3
379	1002	318.298958	1.99134341	305.085512	305.983914	305.085512	306.354938	0.784075339	0.252645139	0	32.2	0	0	3
380	1005	318.847874	1.99659761	305.073813	305.973659	305.073813	306.354938	0.790200875	0.252645139	0	31.9	0	0	3
381	1007	319.413385	2.00185181	305.062735	305.962994	305.062735	306.354938	0.796593553	0.252645139	0	31.7	0	0	3
382	1009	319.962064	2.00710602	305.052838	305.952553	305.052838	306.354938	0.802346199	0.252645139	0	31.4	0	0	3
383	1012	320.527309	2.01236022	305.043467	305.9417	305.043467	306.354938	0.808420698	0.252645139	0	31.2	0	0	3
384	1014	321.075651	2.01761443	305.035145	305.931086	305.035145	306.354938	0.813840874	0.252645139	0	31	0	0	3
385	1017	321.640539	2.02286863	305.027342	305.920054	305.027342	306.354938	0.819615985	0.252645139	0	30.8	0	0	3
386	1019	322.188637	2.02812284	305.020385	305.909268	305.020385	306.354938	0.824750238	0.252645139	0	30.6	0	0	3
387	1021	322.753339	2.03337704	305.013926	305.898066	305.013926	306.354938	0.830267839	0.252645139	0	30.4	0	0	3
388	1024	323.301187	2.03863124	305.008296	305.88712	305.008296	306.354938	0.835151283	0.252645139	0	30.2	0	0	3
389	1026	323.865446	2.04388545	305.002948	305.875762	305.002948	306.354938	0.840427429	0.252645139	0	30	0	0	3
390	1028	324.412621	2.04913965	304.998349	305.864666	304.998349	306.354938	0.845083421	0.252645139	0	29.8	0	0	3
391	1031	324.976183	2.05439386	304.994139	305.853164	304.994139	306.354938	0.850168074	0.252645139	0	29.7	0	0	3
392	1033	325.522837	2.05964806	304.990398	305.841936	304.990398	306.354938	0.854608422	0.252645139	0	29.5	0	0	3
393	1035	326.086185	2.06490227	304.987046	305.83029	304.987046	306.354938	0.859503615	0.252645139	0	29.3	0	0	3
394	1038	326.632823	2.07015647	304.984251	305.818918	304.984251	306.354938	0.863768202	0.252645139	0	29.2	0	0	3
395	1040	327.19596	2.07541067	304.981712	305.807134	304.981712	306.354938	0.868506556	0.252645139	0	29	0	0	3
396	1042	327.742325	2.08066488	304.97956	305.795633	304.97956	306.354938	0.872606401	0.252645139	0	28.9	0	0	3
397	1045	328.304155	2.08591908	304.977658	305.783733	304.977658	306.354938	0.877177479	0.252645139	0	28.8	0	0	3
398	1047	328.847924	2.09117329	304.976131	305.772134	304.976131	306.354938	0.881103547	0.252645139	0	28.6	0	0	3
399	1049	329.408894	2.09642749	304.974843	305.760115	304.974843	306.354938	0.885554234	0.252645139	0	28.5	0	0	3
400	1052	329.952171	2.1016817	304.973889	305.74841	304.973889	306.354938	0.889328873	0.252645139	0	28.4	0	0	3
401	1055	330.512675	2.1069359	304.973102	305.736266	304.973102	306.354938	0.893651395	0.252645139	0	28.2	0	0	3
402	1058	331.057441	2.1121901	304.972614	305.724406	304.972614	306.354938	0.897342287	0.252645139	0	28.1	0	0	3
403	1060	331.61732	2.11744431	304.972334	305.712147	304.972334	306.354938	0.90156597	0.252645139	0	28	0	0	3
404	1062	332.161801	2.12269851	304.972281	305.700179	304.972281	306.354938	0.905142255	0.252645139	0	27.9	0	0	3
405	1065	332.720881	2.12795272	304.972414	305.687813	304.972281	306.354938	0.909255735	0.252645139	0	27.7	0	0	3
406	1067	333.262984	2.13320692	304.972729	305.675754	304.972281	306.354938	0.912718366	0.252645139	0	27.6	0	0	3
407	1070	333.821712	2.13846112	304.973228	305.663278	304.972281	306.354938	0.91675541	0.252645139	0	27.5	0	0	3
408	1072	334.36275	2.14371533	304.973873	305.651135	304.972281	306.354938	0.920105873	0.252645139	0	27.4	0	0	3
409	1074	334.921078	2.14896953	304.974646	305.63855	304.972281	306.354938	0.924052314	0.252645139	0	27.3	0	0	3
410	1077	335.462474	2.15422374	304.975571	305.62628	304.972281	306.354938	0.927342882	0.252645139	0	27.2	0	0	3
411	1079	336.020202	2.15947794	304.976665	305.61359	304.972281	306.354938	0.931216063	0.252645139	0	27.1	0	0	3
412	1081	336.562652	2.16473215	304.97785	305.6012	304.972281	306.354938	0.934446115	0.252645139	0	27	0	0	3
413	1084	337.119663	2.16998635	304.979194	305.58841	304.972281	306.354938	0.938252949	0.252645139	0	26.9	0	0	3
414	1086	337.659578	2.17524055	304.980618	305.575944	304.972281	306.354938	0.941388475	0.252645139	0	26.8	0	0	3
415	1088	338.216552	2.18049476	304.982131	305.563049	304.972281	306.354938	0.945151953	0.252645139	0	26.7	0	0	3
416	1091	338.75599	2.18574896	304.983765	305.550511	304.972281	306.354938	0.948199036	0.252645139	0	26.6	0	0	3
417	1093	339.312621	2.19100317	304.98548	305.537518	304.972281	306.354938	0.95189766	0.252645139	0	26.5	0	0	3
418	1095	339.85252	2.19625737	304.987293	305.524855	304.972281	306.354938	0.954916282	0.252645139	0	26.4	0	0	3
419	1098	340.40888	2.20151158	304.989199	305.511761	304.972281	306.354938	0.958566289	0.252645139	0	26.3	0	0	3
420	1100	340.949576	2.20676578	304.991123	305.498991	304.972281	306.354938	0.9615471	0.252645139	0	26.2	0	0	3
421	1102	341.505336	2.21201998	304.993143	305.485801	304.972281	306.354938	0.965154247	0.252645139	0	26.1	0	0	3
422	1105	342.043648	2.21727419	304.995211	305.47296	304.972281	306.354938	0.968063225	0.252645139	0	26	0	0	3
423	1107	342.599169	2.22252839	304.997355	305.459673	304.972281	306.354938	0.97163493	0.252645139	0	26	0	0	3
424	1109	343.13728	2.2277826	304.999551	305.446766	304.972281	306.354938	0.974471564	0.252645139	0	25.9	0	0	3
425	1112	343.692422	2.2330368	305.001802	305.433385	304.972281	306.354938	0.977999436	0.252645139	0	25.8	0	0	3
426	1114	344.230839	2.23829101	305.004124	305.420358	304.972281	306.354938	0.980825181	0.252645139	0	25.7	0	0	3
427	1117	344.785697	2.24354521	305.006528	305.406888	304.972281	306.354938	0.984317024	0.252645139	0	25.6	0	0	3
428	1119	345.324994	2.24879941	305.008904	305.39377	304.972281	306.354938	0.987109992	0.252645139	0	25.5	0	0	3
429	1121	345.879119	2.25405362	305.011382	305.380219	304.972281	306.354938	0.990560444	0.252645139	0	25.5	0	0	3
430	1124	346.416312	2.25930782	305.013868	305.367024	304.972281	306.354938	0.993311328	0.252645139	0	25.4	0	0	3
431	1126	346.970339	2.26456203	305.016354	305.353383	304.972281	306.354938	0.99673436	0.252645139	0	25.3	0	0	3
432	1128	347.506922	2.26981623	305.018897	305.340106	304.972281	306.354938	0.999449901	0.252645139	0	25.2	0	0	3
433	1131	348.060686	2.27507044	305.021539	305.326385	304.972281	306.354938	1.00284103	0.252645139	0	25.1	0	0	3
434	1133	348.597483	2.28032464	305.024117	305.313027	304.972281	306.354938	1.00552188	0.252645139	0	25.1	0	0	3
435	1135	349.150842	2.28557884	305.0268	305.299224	304.972281	306.354938	1.00888403	0.252645139	0	25	0	0	3
436	1138	349.688922	2.29083305	305.029494	305.285776	304.972281	306.354938	1.0117561	0.252645139	0	24.9	0	0	3
437	1140	350.241622	2.29608725	305.032198	305.271891	304.972281	306.354938	1.01574815	0.252645139	0	24.8	0	0	3
438	1142	350.777251	2.30134146	305.034921	305.258375	304.972281	306.354938	1.01957542	0.252645139	0	24.7	0	0	3
439	1145	351.330017	2.30659566	305.037672	305.244412	304.972281	306.354938	1.02468808	0.252645139	0	24.6	0	0	3
440	1147	351.865089	2.31184986	305.040422	305.230822	304.972281	306.354938	1.02988611	0.252645139	0	24.5	0	0	3
441	1149	352.417538	2.31710407	305.043326	305.21675	304.972281	306.354938	1.03650783	0.252645139	0	24.3	0	0	3
442	1152	352.953231	2.32235827	305.046105	305.203111	304.972281	306.339007	1.04305057	0.252645139	0	24.2	0	0	3
443	1154	353.505437	2.32761248	305.048966	305.189211	304.972281	306.305003	1.05039703	0.252645139	0	24	0	0	3
444	1156	354.042107	2.33286668	305.051774	305.176107	304.972281	306.263751	1.05703783	0.252645139	0	23.9	0	0	3
445	1159	354.593585	2.33812089	305.054647	305.163079	304.972281	306.213718	1.06393998	0.252645139	0	23.7	0	0	3
446	1161	355.127894	2.34337509	305.057458	305.15099	304.972281	306.154183	1.0697479	0.252645139	0	23.6	0	0	3
447	1163	355.679068	2.34862929	305.060391	305.139202	304.972281	306.090989	1.07539371	0.252645139	0	23.4	0	0	3
448	1166	356.213099	2.3538835	305.06327	305.128447	304.972281	306.023973	1.05169164	0.252645139	0	24	0	0	3
449	1168	356.764078	2.3591377	305.066239	305.118123	304.972281	305.958383	0.986101713	0.252645139	0	25.6	0	0	3
450	1170	357.298436	2.36439191	305.069131	305.108818	304.972281	305.892012	0.919730947	0.252645139	0	27.4	0	0	3
451	1173	357.849248	2.36964611	305.072085	305.09998	304.972281	305.829722	0.857441114	0.252645139	0	29.4	0	0	3
452	1175	358.384453	2.37490032	305.075002	305.092081	304.972281	305.768298	0.796016252	0.252645139	0	31.7	0	0	3
453	1177	358.934618	2.38015452	305.077957	305.084635	304.972281	305.711432	0.739150515	0.252645139	0	34.1	0	0	3
454	1180	359.4676	2.38540872	305.08088	305.078031	304.972281	305.656405	0.68412319	0.252645139	0	36.9	0	0	3
455	1182	360.01773	2.39066293	305.083172	305.071845	304.972281	305.606178	0.633896889	0.252645139	0	39.8	0	0	3
456	1185	360.552463	2.39591713	305.048647	305.066017	304.972281	305.557809	0.58552813	0.252645139	0	43.1	0	0	3
457	1187	361.102012	2.40117134	305.010522	305.060139	304.972281	305.513846	0.541565065	0.252645139	0	46.6	0	0	3
458	1190	361.636358	2.40642554	304.963491	305.054413	304.963491	305.471518	0.508026529	0.252645139	0	49.7	0	0	3
459	1192	362.185433	2.41167975	304.905614	305.048368	304.905614	305.432987	0.527372841	0.252645139	0	47.9	0	0	3
460	1194	362.719747	2.41693395	304.843023	305.042263	304.843023	305.395912	0.552889141	0.252645139	0	45.6	0	0	3
461	1197	363.268301	2.42218815	304.775098	305.035672	304.775098	305.362292	0.587194057	0.252645139	0	43	0	0	3
462	1199	363.800081	2.42744236	304.707686	305.028949	304.707686	305.330036	0.622349752	0.252645139	0	40.5	0	0	3
463	1202	364.348979	2.43269656	304.638849	305.021646	304.638849	305.300847	0.661998494	0.252645139	0	38.1	0	0	3
464	1204	364.882464	2.43795077	304.573268	305.01419	304.573268	305.272864	0.699595703	0.252645139	0	36.1	0	0	3
465	1207	365.43073	2.44320497	304.508254	305.00614	304.508254	305.24757	0.739316334	0.252645139	0	34.1	0	0	3
466	1209	365.964172	2.44845918	304.447589	304.99796	304.447589	305.223341	0.775751685	0.252645139	0	32.5	0	0	3
467	1212	366.512187	2.45371338	304.388292	304.989188	304.388292	305.201479	0.813186789	0.252645139	0	31	0	0	3
468	1214	367.045234	2.45896758	304.333685	304.980332	304.333685	305.180608	0.846923036	0.252645139	0	29.8	0	0	3
469	1217	367.593029	2.46422179	304.280665	304.970893	304.280665	305.161842	0.8811771	0.252645139	0	28.6	0	0	3
470	1219	368.125837	2.46947599	304.231913	304.961414	304.231913	305.143897	0.911984089	0.252645139	0	27.7	0	0	3
471	1222	368.673328	2.4747302	304.184953	304.951367	304.184953	305.127774	0.942820839	0.252645139	0	26.7	0	0	3
472	1224	369.206057	2.4799844	304.141863	304.941322	304.141863	305.112362	0.970498116	0.252645139	0	26	0	0	3
473	1227	369.753514	2.4852386	304.100445	304.930722	304.100445	305.098572	0.99812785	0.252645139	0	25.3	0	0	3
474	1229	370.2859	2.49049281	304.062638	304.920173	304.062638	305.085512	1.0228736	0.252645139	0	24.6	0	0	3
475	1231	370.833349	2.49574701	304.026287	304.909077	304.026287	305.083172	1.05688438	0.252645139	0	23.9	0	0	3
476	1234	371.365543	2.50100122	303.99314	304.898074	303.99314	305.083172	1.06491982	0.252645139	0	23.7	0	0	3
477	1236	371.912767	2.50625542	303.961192	304.886535	303.961192	305.083172	1.06601883	0.252645139	0	23.6	0	0	3
478	1239	372.444999	2.51150963	303.931988	304.875116	303.931988	305.083172	1.06658408	0.252645139	0	23.6	0	0	3
479	1241	372.992047	2.51676383	303.903856	304.863175	303.903856	305.083172	1.06791071	0.252645139	0	23.6	0	0	3
480	1244	373.524111	2.52201803	303.878193	304.851385	303.878193	305.083172	1.06866963	0.252645139	0	23.6	0	0	3
481	1246	374.071133	2.52727224	303.853462	304.839077	303.853462	305.083172	1.07019086	0.252645139	0	23.6	0	0	3
482	1249	374.603183	2.53252644	303.830908	304.826948	303.830908	305.083172	1.07111865	0.252645139	0	23.5	0	0	3
483	1251	375.150194	2.53778065	303.809126	304.814307	303.809126	305.083172	1.07281322	0.252645139	0	23.5	0	0	3
484	1253	375.682193	2.54303485	303.789284	304.801867	303.789284	305.083172	1.07389475	0.252645139	0	23.5	0	0	3
485	1256	376.229021	2.54828906	303.770174	304.788927	303.770174	305.083172	1.07573912	0.252645139	0	23.4	0	0	3
486	1258	376.76078	2.55354326	303.752767	304.776212	303.752767	305.083172	1.07695206	0.252645139	0	23.4	0	0	3
487	1261	377.307699	2.55879746	303.73598	304.762994	303.73598	305.083172	1.07894246	0.252645139	0	23.4	0	0	3
488	1263	377.839414	2.56405167	303.720656	304.750024	303.720656	305.083172	1.08026573	0.252645139	0	23.3	0	0	3
489	1265	378.386174	2.56930587	303.705869	304.736555	303.705869	305.083172	1.08236264	0.252645139	0	23.3	0	0	3
490	1268	378.917952	2.57456008	303.692415	304.723346	303.692415	305.083172	1.08378807	0.252645139	0	23.3	0	0	3
491	1270	379.464608	2.57981428	303.679426	304.709644	303.679426	305.083172	1.08598866	0.252645139	0	23.2	0	0	3
492	1272	379.996121	2.58506849	303.667583	304.696222	303.667583	305.083172	1.08751026	0.252645139	0	23.2	0	0	3
493	1275	380.542904	2.59032269	303.656179	304.682309	303.656179	305.083172	1.0898247	0.252645139	0	23.1	0	0	3
494	1277	381.074442	2.59557689	303.645833	304.668701	303.645833	305.083172	1.09141363	0.252645139	0	23.1	0	0	3
495	1279	381.621024	2.6008311	303.635817	304.654599	303.635817	305.083172	1.09381004	0.252645139	0	23	0	0	3
496	1282	382.152744	2.6060853	303.626716	304.640806	303.626716	305.083172	1.09545969	0.252645139	0	23	0	0	3
497	1284	382.699284	2.61133951	303.617953	304.626525	303.617953	305.083172	1.09788059	0.252645139	0	23	0	0	3
498	1286	383.230704	2.61659371	303.609966	304.612557	303.609966	305.083172	1.09958975	0.252645139	0	22.9	0	0	3
499	1289	383.777335	2.62184791	303.602263	304.598108	303.602263	305.083172	1.10207184	0.252645139	0	22.9	0	0	3
500	1291	384.308743	2.62710212	303.595295	304.583982	303.595295	305.083172	1.10383146	0.252645139	0	22.8	0	0	3
501	1294	384.855212	2.63235632	303.588531	304.569382	303.588531	305.083172	1.1063725	0.252645139	0	22.8	0	0	3
502	1297	385.386846	2.63761053	303.582436	304.555121	303.582436	305.083172	1.10815723	0.252645139	0	22.7	0	0	3
503	1299	385.933504	2.64286473	303.576555	304.540372	303.576555	305.083172	1.11076289	0.252645139	0	22.7	0	0	3
504	1301	386.464799	2.64811894	303.571224	304.525988	303.571224	305.083172	1.11256187	0.252645139	0	22.7	0	0	3
505	1304	387.011463	2.65337314	303.566046	304.511105	303.566046	305.083172	1.11517423	0.252645139	0	22.6	0	0	3
506	1306	387.542766	2.65862734	303.561397	304.496588	303.561397	305.083172	1.11700151	0.252645139	0	22.6	0	0	3
507	1308	388.089211	2.66388155	303.55692	304.481585	303.55692	305.083172	1.11961576	0.252645139	0	22.5	0	0	3
508	1310	388.620592	2.66913575	303.55286	304.466934	303.55286	305.083172	1.1214762	0.252645139	0	22.5	0	0	3
509	1313	389.166984	2.67438996	303.548927	304.451814	303.548927	305.083172	1.12413012	0.252645139	0	22.4	0	0	3
510	1315	389.697999	2.67964416	303.545417	304.437079	303.545417	305.083172	1.12597057	0.252645139	0	22.4	0	0	3
511	1318	390.244287	2.68489837	303.541959	304.421845	303.541959	305.083172	1.12866656	0.252645139	0	22.3	0	0	3
512	1320	390.775418	2.69015257	303.538933	304.407003	303.538933	305.083172	1.13051529	0.252645139	0	22.3	0	0	3
513	1322	391.32169	2.69540677	303.535995	304.391663	303.535995	305.083172	1.1331917	0.252645139	0	22.2	0	0	3
514	1324	391.852824	2.70066098	303.533332	304.376712	303.533332	305.083172	1.13504922	0.252645139	0	22.2	0	0	3
515	1327	392.39915	2.70591518	303.530752	304.361268	303.530752	305.083172	1.13772257	0.252645139	0	22.2	0	0	3
516	1329	392.93001	2.71116939	303.528411	304.346211	303.528411	305.083172	1.13958986	0.252645139	0	22.1	0	0	3
517	1331	393.476329	2.71642359	303.526186	304.330673	303.526186	305.083172	1.142287	0.252645139	0	22.1	0	0	3
518	1334	394.007406	2.7216778	303.524204	304.315546	303.524204	305.083172	1.14412727	0.252645139	0	22	0	0	3
519	1336	394.55359	2.726932	303.522283	304.299917	303.522283	305.083172	1.1468497	0.252645139	0	22	0	0	3
520	1338	395.084753	2.7321862	303.520563	304.2847	303.520563	305.083172	1.14868419	0.252645139	0	21.9	0	0	3
521	1341	395.630905	2.73744041	303.518853	304.268982	303.518853	305.083172	1.15137577	0.252645139	0	21.9	0	0	3
522	1343	396.161774	2.74269461	303.51742	304.253678	303.51742	305.083172	1.15321069	0.252645139	0	21.9	0	0	3
523	1345	396.708072	2.74794882	303.515988	304.237871	303.515988	305.083172	1.15589887	0.252645139	0	21.8	0	0	3
524	1348	397.239099	2.75320302	303.514759	304.222465	303.514759	305.083172	1.1577545	0.252645139	0	21.8	0	0	3
525	1350	397.78519	2.75845723	303.513562	304.206584	303.513562	305.083172	1.1604396	0.252645139	0	21.7	0	0	3
526	1352	398.316416	2.76371143	303.512544	304.191125	303.512544	305.083172	1.16225857	0.252645139	0	21.7	0	0	3
527	1354	398.862608	2.76896563	303.511529	304.175161	303.511529	305.083172	1.16494527	0.252645139	0	21.6	0	0	3
528	1357	399.393465	2.77421984	303.510571	304.159636	303.510571	305.083172	1.16674912	0.252645139	0	21.6	0	0	3
529	1359	399.939735	2.77947404	303.509666	304.143592	303.509666	305.083172	1.16943541	0.252645139	0	21.6	0	0	3
530	1361	400.470671	2.78472825	303.50891	304.127984	303.50891	305.083172	1.17123987	0.252645139	0	21.5	0	0	3
531	1364	401.016618	2.78998245	303.508197	304.11187	303.508197	305.083172	1.17390572	0.252645139	0	21.5	0	0	3
532	1366	401.547725	2.79523665	303.507557	304.09616	303.507557	305.083172	1.17573053	0.252645139	0	21.4	0	0	3
533	1368	402.093823	2.80049086	303.506987	304.079978	303.506987	305.083172	1.17839746	0.252645139	0	21.4	0	0	3
534	1371	402.624535	2.80574506	303.506527	304.064242	303.506527	305.083172	1.18016975	0.252645139	0	21.4	0	0	3
535	1373	403.170578	2.81099927	303.506093	304.047984	303.506093	305.083172	1.18283788	0.252645139	0	21.3	0	0	3
536	1375	403.701382	2.81625347	303.505673	304.032186	303.505673	305.083172	1.18456363	0.252645139	0	21.3	0	0	3
537	1378	404.247116	2.82150768	303.505329	304.015861	303.505329	305.083172	1.18724974	0.252645139	0	21.2	0	0	3
538	1380	404.775981	2.82676188	303.505022	303.999998	303.505022	305.083172	1.18921291	0.252645139	0	21.2	0	0	3
