Iteration	CPUTime	PhysTime	Travels	Value	AvValue	MinValue	MaxValue	Delta	Criteria	PrevAvRefValue	Progress	CriteriaType	CriteriaVarType	CriteriaPercentage
1	29	0.0162367046	0.00525420424	298.15325	298.15325	298.15325	298.15325	0	0	0	0	0	0	3
2	31	0.0324781022	0.0105084085	298.156549	298.1549	298.15325	298.156549	0.00164978714	0	0	0	0	0	3
3	33	0.0487542881	0.0157626127	298.159891	298.156566	298.15325	298.159891	0.00331610238	0	0	0	0	0	3
4	36	0.0652875332	0.021016817	298.163307	298.158273	298.15325	298.163307	0.00502317328	0	0	0	0	0	3
5	38	0.0837201606	0.0262710212	298.167131	298.160223	298.15325	298.167131	0.00697337942	0	0	0	0	0	3
6	40	0.132420249	0.0315252254	298.177172	298.166457	298.15325	298.177172	0.0132066101	0	0	0	0	0	3
7	42	0.336429492	0.0367794297	298.217286	298.19728	298.15325	298.217286	0.0440295876	0	0	0	0	0	3
8	46	1.67553863	0.0420336339	298.422155	298.377002	298.15325	298.422155	0.223752306	0	0	0	0	0	3
9	50	10.7473596	0.0472878381	298.965116	298.873428	298.15325	298.965116	0.720177874	0	0	0	0	0	3
10	55	44.8039731	0.0525420424	299.45836	299.318049	298.15325	299.45836	1.16479916	0	0	0	0	0	3
11	58	45.6867102	0.0577962466	299.492408	299.321418	298.15325	299.492408	1.16816804	0	0	0	0	0	3
12	61	46.3795552	0.0630504509	299.518144	299.324357	298.15325	299.518144	1.17110685	0	0	0	0	0	3
13	64	46.8586132	0.0683046551	299.535265	299.326513	298.15325	299.535265	1.17326306	0	0	0	0	0	3
14	66	47.2647115	0.0735588593	299.549282	299.328427	298.15325	299.549282	1.1751771	0	0	0	0	0	3
15	69	47.6243691	0.0788130636	299.561334	299.330186	298.15325	299.561334	1.176936	0	0	0	0	0	3
16	72	48.1363147	0.0840672678	299.57751	299.332816	298.15325	299.57751	1.17956637	0	0	0	0	0	3
17	74	48.6168349	0.0893214721	299.592058	299.335379	298.15325	299.592058	1.18212868	0	0	0	0	0	3
18	77	49.0827006	0.0945756763	299.605607	299.337943	298.15325	299.605607	1.18469353	0	0	0	0	0	3
19	79	49.5540243	0.0998298805	299.618749	299.340614	298.15325	299.618749	1.18736436	0	0	0	0	0	3
20	82	50.047109	0.105084085	299.631887	299.343484	298.15325	299.631887	1.1902341	0	0	0	0	0	3
21	85	50.8057684	0.110338289	299.650418	299.348067	298.15325	299.650418	1.1948174	0	0	0	0	0	3
22	87	51.5990821	0.115592493	299.668392	299.352992	298.15325	299.668392	1.19974225	0	0	0	0	0	3
23	90	52.4251184	0.120846697	299.685757	299.358235	298.15325	299.685757	1.20498546	0	0	0	0	0	3
24	93	53.2727271	0.126100902	299.7023	299.36371	298.15325	299.7023	1.21045978	0	0	0	0	0	3
25	95	54.130989	0.131355106	299.717876	299.369325	298.15325	299.717876	1.21607519	0	0	0	0	0	3
26	98	55.4182895	0.13660931	299.738429	299.377899	298.15325	299.738429	1.22464903	0	0	0	0	0	3
27	101	56.6950026	0.141863514	299.756915	299.386434	298.15325	299.756915	1.23318408	0	0	0	0	0	3
28	104	57.9460995	0.147117719	299.773507	299.394791	298.15325	299.773507	1.24154126	0	0	0	0	0	3
29	107	59.1662014	0.152371923	299.788429	299.402909	298.15325	299.788429	1.24965871	0	0	0	0	0	3
30	110	60.355004	0.157626127	299.82021	299.411128	298.15325	299.82021	1.25787823	0	0	0	0	0	3
31	113	61.8847727	0.162880331	299.911241	299.423491	298.15325	299.911241	1.27024084	0	0	0	0	0	3
32	116	63.379911	0.168134536	300.003399	299.437171	298.15325	300.003399	1.28392094	0	0	0	0	0	3
33	119	64.8470579	0.17338874	300.10668	299.452318	298.15325	300.10668	1.29906841	0	0	0	0	0	3
34	122	66.2896594	0.178642944	300.220491	299.469035	298.15325	300.220491	1.31578546	0	0	0	0	0	3
35	124	67.7108526	0.183897148	300.336836	299.48725	298.15325	300.336836	1.33399986	0	0	0	0	0	3
36	128	69.1116691	0.189151353	300.451299	299.50679	298.15325	300.451299	1.35354008	0	0	0	0	0	3
37	131	70.4936093	0.194405557	300.559733	299.527432	298.15325	300.559733	1.37418172	0	0	0	0	0	3
38	133	71.8566672	0.199659761	300.660793	299.548931	298.15325	300.660793	1.39568059	0	0	0	0	0	3
39	136	73.2023027	0.204913965	300.753214	299.571068	298.15325	300.753214	1.41781823	0	0	0	0	0	3
40	139	74.5301983	0.21016817	300.837447	299.593631	298.15325	300.837447	1.44038116	0	0	0	0	0	3
41	142	75.8411404	0.215422374	300.9141	299.616456	298.15325	300.9141	1.46320595	0	0	0	0	0	3
42	145	77.1354356	0.220676578	300.983045	299.639387	298.15325	300.983045	1.48613665	0	0	0	0	0	3
43	148	78.4134466	0.225930782	301.045622	299.662306	298.15325	301.045622	1.50905599	0	0	0	0	0	3
44	151	79.6755359	0.231184986	301.102209	299.685115	298.15325	301.102209	1.53186457	0	0	0	0	0	3
45	154	80.9223344	0.236439191	301.153348	299.707736	298.15325	301.153348	1.55448615	0	0	0	0	0	3
46	157	82.1541264	0.241693395	301.199736	299.730107	298.15325	301.199736	1.5768567	0	0	0	0	0	3
47	160	83.3718609	0.246947599	301.241976	299.752189	298.15325	301.241976	1.59893915	0	0	0	0	0	3
48	162	84.5752894	0.252201803	301.280604	299.773937	298.15325	301.280604	1.6206871	0	0	0	0	0	3
49	165	85.7659717	0.257456008	301.316044	299.795346	298.15325	301.316044	1.64209604	0	0	0	0	0	3
50	168	86.9434252	0.262710212	301.34881	299.816384	298.15325	301.34881	1.66313422	0	0	0	0	0	3
51	171	88.1093756	0.267964416	301.379058	299.837063	298.15325	301.379058	1.68381306	0	0	0	0	0	3
52	174	89.2629975	0.27321862	301.40703	299.857353	298.15325	301.40703	1.70410309	0	0	0	0	0	3
53	176	90.4060462	0.278472825	301.433091	299.877276	298.15325	301.433091	1.72402594	0	0	0	0	0	3
54	179	91.5377194	0.283727029	301.457412	299.896811	298.15325	301.457412	1.74356103	0	0	0	0	0	3
55	182	92.6598196	0.288981233	301.480245	299.915986	298.15325	301.480245	1.76273624	0	0	0	0	0	3
56	185	93.7715015	0.294235437	301.501706	299.934785	298.15325	301.501706	1.78153531	0	0	0	0	0	3
57	188	94.8744384	0.299489642	301.521961	299.953237	298.15325	301.521961	1.79998659	0	0	0	0	0	3
58	190	95.9676129	0.304743846	301.541116	299.971324	298.15325	301.541116	1.81807425	0	0	0	0	0	3
59	193	97.0527481	0.30999805	301.559327	299.989079	298.15325	301.559327	1.83582953	0	0	0	0	0	3
60	196	98.1287847	0.315252254	301.576608	300.006488	298.15325	301.576608	1.85323765	0	0	0	0	0	3
61	199	99.1976554	0.320506459	301.593111	300.023584	298.15325	301.593111	1.87033378	0	0	0	0	0	3
62	202	100.258183	0.325760663	301.6089	300.040353	298.15325	301.6089	1.88710319	0	0	0	0	0	3
63	204	101.311257	0.331014867	301.624035	300.056815	298.15325	301.624035	1.90356469	0	0	0	0	0	3
64	207	102.357164	0.336269071	301.638575	300.072977	298.15325	301.638575	1.91972745	0	0	0	0	0	3
65	210	103.395719	0.341523275	301.652563	300.088844	298.15325	301.652563	1.93559354	0	0	0	0	0	3
66	212	104.427781	0.34677748	301.66605	300.104431	298.15325	301.66605	1.95118111	0	0	0	0	0	3
67	215	105.453104	0.352031684	301.679101	300.119742	298.15325	301.679101	1.96649166	0	0	0	0	0	3
68	218	106.47211	0.357285888	301.69174	300.134787	298.15325	301.69174	1.98153668	0	0	0	0	0	3
69	221	107.484994	0.362540092	301.703992	300.149574	298.15325	301.703992	1.99632408	0	0	0	0	0	3
70	223	108.491859	0.367794297	301.715903	300.16411	298.15325	301.715903	2.01086049	0	0	0	0	0	3
71	226	109.493136	0.373048501	301.727497	300.178407	298.15325	301.727497	2.02515711	0	0	0	0	0	3
72	229	110.48873	0.378302705	301.738797	300.192467	298.15325	301.738797	2.03921751	0	0	0	0	0	3
73	231	111.478853	0.383556909	301.749833	300.2063	298.15325	301.749833	2.05304958	0	0	0	0	0	3
74	234	112.464077	0.388811114	301.760616	300.219916	298.15325	301.760616	2.06666593	0	0	0	0	0	3
75	237	113.443263	0.394065318	301.771168	300.233306	298.15325	301.771168	2.08005556	0	0	0	0	0	3
76	240	114.417958	0.399319522	301.781528	300.246494	298.15325	301.781528	2.09324444	0	0	0	0	0	3
77	242	115.386896	0.404573726	301.791672	300.25947	298.15325	301.791672	2.10621975	0	0	0	0	0	3
78	245	116.351776	0.409827931	301.801632	300.272259	298.15325	301.801632	2.11900857	0	0	0	0	0	3
79	248	117.311409	0.415082135	301.811424	300.284849	298.15325	301.811424	2.13159927	0	0	0	0	0	3
80	251	118.267444	0.420336339	301.821052	300.297267	298.15325	301.821052	2.14401743	0	0	0	0	0	3
81	253	119.218561	0.425590543	301.830537	300.3095	298.15325	301.830537	2.15624974	0	0	0	0	0	3
82	256	120.16619	0.430844748	301.848044	300.321633	298.15325	301.848044	2.16838269	0	0	0	0	0	3
83	258	121.109036	0.436098952	301.908113	300.333984	298.15325	301.908113	2.18073359	0	0	0	0	0	3
84	261	122.048265	0.441353156	301.971794	300.346587	298.15325	301.971794	2.19333745	0	0	0	0	0	3
85	264	122.983322	0.44660736	302.047097	300.359517	298.15325	302.047097	2.20626662	0	0	0	0	0	3
86	267	123.91461	0.451861564	302.133021	300.372845	298.15325	302.133021	2.21959551	0	0	0	0	0	3
87	270	124.842341	0.457115769	302.224566	300.386606	298.15325	302.224566	2.23335605	0	0	0	0	0	3
88	273	125.765674	0.462369973	302.318405	300.400789	298.15325	302.318405	2.24753872	0	0	0	0	0	3
89	276	126.685654	0.467624177	302.410995	300.415387	298.15325	302.410995	2.26213666	0	0	0	0	0	3
90	278	127.600797	0.472878381	302.500349	300.43034	298.15325	302.500349	2.27708986	0	0	0	0	0	3
91	281	128.512689	0.478132586	302.585779	300.445634	298.15325	302.585779	2.29238428	0	0	0	0	0	3
92	284	129.420043	0.48338679	302.665857	300.4612	298.15325	302.665857	2.3079501	0	0	0	0	0	3
93	286	130.32358	0.488640994	302.740924	300.477005	298.15325	302.740924	2.32375549	0	0	0	0	0	3
94	289	131.223462	0.493895198	302.810916	300.493011	298.15325	302.810916	2.33976059	0	0	0	0	0	3
95	292	132.118622	0.499149403	302.876136	300.509157	298.15325	302.876136	2.35590728	0	0	0	0	0	3
96	295	133.010281	0.504403607	302.936954	300.525432	298.15325	302.936954	2.37218247	0	0	0	0	0	3
97	298	133.897049	0.509657811	302.993555	300.542068	298.156549	302.993555	2.38716814	0	0	0	0	0	3
98	300	134.779986	0.514912015	303.046311	300.558765	298.159891	303.046311	2.40219848	0	0	0	0	0	3
99	303	135.658406	0.52016622	303.095506	300.575484	298.163307	303.095506	2.41721124	0	0	0	0	0	3
100	306	136.532588	0.525420424	303.141407	300.592213	298.167131	303.141407	2.43199005	0	0	0	0	0	3
101	309	137.403119	0.530674628	303.184325	300.608971	298.177172	303.184325	2.44251492	0	0	0	0	0	3
102	312	138.268708	0.535928832	303.224434	300.626218	298.217286	303.224434	2.42893828	0	0	0	0	0	3
103	314	139.130761	0.541183037	303.262039	300.64613	298.422155	303.262039	2.26912749	0	0	0	0	0	3
104	317	139.988093	0.546437241	303.29731	300.684095	298.965116	303.29731	1.81066728	0	0	0	0	0	3
105	320	140.842276	0.551691445	303.330495	300.821339	299.45836	303.330495	1.50329025	0	0	0	0	0	3
106	322	141.692186	0.556945649	303.361727	301.322717	299.492408	303.361727	2.00129887	0	0	0	0	0	3
107	325	142.53944	0.562199853	303.391232	301.357494	299.518144	303.391232	2.03313699	0	0	0	0	0	3
108	328	143.382779	0.567454058	303.419123	301.388555	299.535265	303.419123	2.06204197	0	0	0	0	0	3
109	330	144.223358	0.572708262	303.445565	301.415432	299.549282	303.445565	2.08700535	0	0	0	0	0	3
110	333	145.060041	0.577962466	303.470661	301.440765	299.561334	303.470661	2.11057909	0	0	0	0	0	3
111	335	145.892958	0.58321667	303.494503	301.465051	299.57751	303.494503	2.13223467	0	0	0	0	0	3
112	338	146.722343	0.588470875	303.51722	301.492117	299.592058	303.51722	2.15673864	0	0	0	0	0	3
113	341	147.548949	0.593725079	303.538921	301.518448	299.605607	303.538921	2.18050412	0	0	0	0	0	3
114	343	148.371499	0.598979283	303.559685	301.544333	299.618749	303.559685	2.20371886	0	0	0	0	0	3
115	346	149.191393	0.604233487	303.57956	301.570189	299.631887	303.57956	2.22670532	0	0	0	0	0	3
116	348	150.007513	0.609487692	303.598662	301.596312	299.650418	303.598662	2.2482446	0	0	0	0	0	3
117	351	150.821518	0.614741896	303.617038	301.627519	299.668392	303.617038	2.27452637	0	0	0	0	0	3
118	354	151.631739	0.6199961	303.634753	301.659313	299.685757	303.634753	2.30107783	0	0	0	0	0	3
119	356	152.440835	0.625250304	303.651925	301.691733	299.7023	303.651925	2.32802284	0	0	0	0	0	3
120	359	153.245536	0.630504509	303.668429	301.724511	299.717876	303.668429	2.35518545	0	0	0	0	0	3
121	361	154.049107	0.635758713	303.684499	301.75751	299.738429	303.684499	2.3796107	0	0	0	0	0	3
122	364	154.848083	0.641012917	303.700009	301.799259	299.756915	303.700009	2.41282544	0	0	0	0	0	3
123	367	155.646418	0.646267121	303.715132	301.841068	299.773507	303.715132	2.44627664	0	0	0	0	0	3
124	369	156.443696	0.651521326	303.729864	301.882618	299.788429	303.729864	2.47970959	0	0	0	0	0	3
125	372	157.240514	0.65677553	303.744276	301.923796	299.82021	303.744276	2.51266828	0	0	0	0	0	3
126	374	158.035365	0.662029734	303.758347	301.964326	299.911241	303.758347	2.54083525	0	0	0	0	0	3
127	377	158.827885	0.667283938	303.772123	302.011503	300.003399	303.772123	2.57433188	0	0	0	0	0	3
128	379	159.617132	0.672538143	303.785553	302.05725	300.10668	303.785553	2.60493134	0	0	0	0	0	3
129	382	160.404378	0.677792347	303.798671	302.101545	300.220491	303.798671	2.63250915	0	0	0	0	0	3
130	384	161.188516	0.683046551	303.811556	302.144269	300.336836	303.811556	2.65701911	0	0	0	0	0	3
131	387	161.97083	0.688300755	303.824196	302.185463	300.451299	303.824196	2.67867286	0	0	0	0	0	3
132	390	162.747933	0.693554959	303.836548	302.225109	300.559733	303.836548	2.69767727	0	0	0	0	0	3
133	392	163.535396	0.698809164	303.848904	302.263588	300.660793	303.848904	2.71465712	0	0	0	0	0	3
134	395	164.311637	0.704063368	303.860921	302.300629	300.753214	303.860921	2.72956039	0	0	0	0	0	3
135	397	165.092032	0.709317572	303.87283	302.336641	300.837447	303.87283	2.74301015	0	0	0	0	0	3
136	399	165.858274	0.714571776	303.884422	302.371425	300.9141	303.884422	2.75496927	0	0	0	0	0	3
137	402	166.639231	0.719825981	303.896081	302.40558	300.983045	303.896081	2.76619303	0	0	0	0	0	3
138	404	167.407477	0.725080185	303.907429	302.438757	301.045622	303.907429	2.77645084	0	0	0	0	0	3
139	407	168.182998	0.730334389	303.918778	302.471376	301.102209	303.918778	2.78626165	0	0	0	0	0	3
140	409	168.939097	0.735588593	303.929776	302.503088	301.153348	303.929776	2.77642892	0	0	0	0	0	3
141	412	169.71173	0.740842798	303.940882	302.534553	301.199736	303.940882	2.74114563	0	0	0	0	0	3
142	414	170.46465	0.746097002	303.951642	302.565253	301.241976	303.951642	2.70966635	0	0	0	0	0	3
143	417	171.233429	0.751351206	303.962511	302.595819	301.280604	303.962511	2.68190716	0	0	0	0	0	3
144	419	171.98159	0.75660541	303.973041	302.625716	301.316044	303.973041	2.65699738	0	0	0	0	0	3
145	422	172.746519	0.761859615	303.983719	302.655587	301.34881	303.983719	2.63490978	0	0	0	0	0	3
146	424	173.490658	0.767113819	303.994033	302.684873	301.379058	303.994033	2.61497551	0	0	0	0	0	3
147	426	174.251597	0.772368023	304.004526	302.714205	301.40703	304.004526	2.59749598	0	0	0	0	0	3
148	429	174.991797	0.777622227	304.014695	302.743024	301.433091	304.014695	2.5816039	0	0	0	0	0	3
149	431	175.748755	0.782876432	304.025004	302.771939	301.457412	304.025004	2.56759207	0	0	0	0	0	3
150	434	176.485066	0.788130636	304.035022	302.800399	301.480245	304.035022	2.55477684	0	0	0	0	0	3
151	436	177.237932	0.79338484	304.045181	302.828994	301.501706	304.045181	2.54347422	0	0	0	0	0	3
152	439	177.970544	0.798639044	304.05502	302.857186	301.521961	304.05502	2.53305883	0	0	0	0	0	3
153	441	178.7196	0.803893248	304.065044	302.885541	301.541116	304.065044	2.52392732	0	0	0	0	0	3
154	443	179.449263	0.809147453	304.074796	302.913541	301.559327	304.074796	2.51546828	0	0	0	0	0	3
155	446	180.194906	0.814401657	304.094554	302.941807	301.576608	304.094554	2.51794652	0	0	0	0	0	3
156	448	180.921696	0.819655861	304.144514	302.970108	301.593111	304.144514	2.55140288	0	0	0	0	0	3
157	451	181.664345	0.824910065	304.19974	302.999029	301.6089	304.19974	2.59083956	0	0	0	0	0	3
158	453	182.38801	0.83016427	304.263998	303.028125	301.624035	304.263998	2.63996273	0	0	0	0	0	3
159	456	183.127942	0.835418474	304.339146	303.058054	301.638575	304.339146	2.70057127	0	0	0	0	0	3
160	459	183.848217	0.840672678	304.419117	303.088303	301.652563	304.419117	2.76655364	0	0	0	0	0	3
161	461	184.585145	0.845926882	304.503082	303.11951	301.66605	304.503082	2.83703232	0	0	0	0	0	3
162	464	185.301945	0.851181087	304.585226	303.151049	301.679101	304.585226	2.90612567	0	0	0	0	0	3
163	466	186.035498	0.856435291	304.667948	303.183586	301.69174	304.667948	2.97620776	0	0	0	0	0	3
164	469	186.748391	0.861689495	304.745565	303.216394	301.703992	304.745565	3.04157305	0	0	0	0	0	3
165	471	187.478604	0.866943699	304.821521	303.250197	301.715903	304.821521	3.08608619	0	0	0	0	0	3
166	474	188.187669	0.872197904	304.892001	303.284188	301.727497	304.892001	3.10578097	0	0	0	0	0	3
167	476	188.914413	0.877452108	304.960589	303.319153	301.738797	304.960589	3.12668594	0	0	0	0	0	3
168	479	189.620192	0.882706312	305.024018	303.354243	301.749833	305.024018	3.14794298	0	0	0	0	0	3
169	481	190.343207	0.887960516	305.085539	303.390258	301.760616	305.085539	3.17034182	0	0	0	0	0	3
170	484	191.045551	0.893214721	305.142348	303.426349	301.771168	305.142348	3.19304381	0	0	0	0	0	3
171	487	191.765119	0.898468925	305.197365	303.463313	301.781528	305.197365	3.21681901	0	0	0	0	0	3
172	489	192.463852	0.903723129	305.24809	303.500296	301.791672	305.24809	3.24082592	0	0	0	0	0	3
173	491	193.180126	0.908977333	305.297221	303.538122	301.801632	305.297221	3.26586356	0	0	0	0	0	3
174	494	193.8754	0.914231537	305.342467	303.575917	301.811424	305.342467	3.29106803	0	0	0	0	0	3
175	496	194.588091	0.919485742	305.386366	303.614526	301.821052	305.386366	3.31725864	0	0	0	0	0	3
176	499	195.279719	0.924739946	305.426886	303.653067	301.830537	305.426886	3.34356698	0	0	0	0	0	3
177	501	195.989061	0.92999415	305.466268	303.6924	301.848044	305.466268	3.3707671	0	0	0	0	0	3
178	504	196.676677	0.935248354	305.502623	303.731512	301.908113	305.502623	3.39752852	0	0	0	0	0	3
179	506	197.382426	0.940502559	305.53806	303.770768	301.971794	305.53806	3.4241802	0	0	0	0	0	3
180	509	198.066794	0.945756763	305.570858	303.8092	302.047097	305.570858	3.44968341	0	0	0	0	0	3
181	511	198.768919	0.951010967	305.602924	303.847559	302.133021	305.602924	3.46990312	0	0	0	0	0	3
182	514	199.450243	0.956265171	305.632673	303.8848	302.224566	305.632673	3.40810629	0	0	0	0	0	3
183	517	200.149165	0.961519376	305.661796	303.921745	302.318405	305.661796	3.34339119	0	0	0	0	0	3
184	519	200.827531	0.96677358	305.688927	303.957438	302.410995	305.688927	3.27793231	0	0	0	0	0	3
185	521	201.523257	0.972027784	305.715526	303.992793	302.500349	305.715526	3.21517674	0	0	0	0	0	3
186	524	202.198439	0.977281988	305.740395	304.026919	302.585779	305.740395	3.15461557	0	0	0	0	0	3
187	526	202.89099	0.982536193	305.764872	304.06077	302.665857	305.764872	3.09901466	0	0	0	0	0	3
188	529	203.563001	0.987790397	305.78779	304.093494	302.740924	305.78779	3.04686626	0	0	0	0	0	3
189	531	204.252351	0.993044601	305.810431	304.126035	302.810916	305.810431	2.99951487	0	0	0	0	0	3
190	534	204.9211	0.998298805	305.831698	304.15757	302.876136	305.831698	2.95556167	0	0	0	0	0	3
191	536	205.607491	1.00355301	305.852761	304.189013	302.936954	305.852761	2.91580734	0.230786105	0	7.9	0	0	3
192	539	206.273191	1.00880721	305.872583	304.219549	302.993555	305.872583	2.87902816	0.231380765	0	8	0	0	3
193	541	206.956641	1.01406142	305.892299	304.250077	303.046311	305.892299	2.84598754	0.2316765	0	8.1	0	0	3
194	544	207.619536	1.01931562	305.910934	304.279784	303.095506	305.910934	2.81542735	0.231927264	0	8.2	0	0	3
195	546	208.299755	1.02456983	305.929484	304.309553	303.141407	305.929484	2.78807793	0.2321631	0	8.3	0	0	3
196	549	208.959801	1.02982403	305.947109	304.338576	303.184325	305.947109	2.76278402	0.232350102	0	8.4	0	0	3
197	551	209.636941	1.03507823	305.964627	304.367729	303.224434	305.964627	2.74019356	0.232361788	0	8.4	0	0	3
198	554	210.294379	1.04033244	305.981291	304.396197	303.262039	305.981291	2.7192521	0.231563546	0	8.5	0	0	3
199	556	210.968644	1.04558664	305.998028	304.424842	303.29731	305.998028	2.70071835	0.230786105	0	8.5	0	0	3
200	559	211.623549	1.05084085	306.013936	304.452864	303.330495	306.013936	2.68344092	0.230786105	0	8.6	0	0	3
201	562	212.295389	1.05609505	306.02984	304.481109	303.361727	306.02984	2.66811228	0.230786105	0	8.6	0	0	3
202	564	212.947526	1.06134926	306.045012	304.508774	303.391232	306.045012	2.65377933	0.230786105	0	8.6	0	0	3
203	567	213.61693	1.06660346	306.060242	304.536706	303.419123	306.060242	2.64111931	0.230786105	0	8.7	0	0	3
204	569	214.266368	1.07185766	306.074789	304.564095	303.445565	306.074789	2.62922369	0.230786105	0	8.7	0	0	3
205	572	214.933131	1.07711187	306.089484	304.591775	303.470661	306.089484	2.61882377	0.230786105	0	8.8	0	0	3
206	574	215.57996	1.08236607	306.103475	304.618943	303.494503	306.103475	2.6089726	0.230786105	0	8.8	0	0	3
207	576	216.244082	1.08762028	306.117636	304.646403	303.51722	306.117636	2.6004163	0.230786105	0	8.8	0	0	3
208	579	216.888495	1.09287448	306.131215	304.673387	303.538921	306.131215	2.59229449	0.230786105	0	8.9	0	0	3
209	581	217.550156	1.09812869	306.144939	304.700693	303.559685	306.144939	2.58525419	0.230786105	0	8.9	0	0	3
210	584	218.191919	1.10338289	306.158114	304.727531	303.57956	306.158114	2.578554	0.230786105	0	8.9	0	0	3
211	586	218.851333	1.10863709	306.171428	304.754711	303.598662	306.171428	2.57276544	0.230786105	0	8.9	0	0	3
212	589	219.490515	1.1138913	306.184277	304.78144	303.617038	306.184277	2.56723966	0.230786105	0	8.9	0	0	3
213	591	220.147705	1.1191455	306.197261	304.808534	303.634753	306.197261	2.56250854	0.230786105	0	9	0	0	3
214	594	220.784634	1.12439971	306.209757	304.835192	303.651925	306.209757	2.55783255	0.230786105	0	9	0	0	3
215	596	221.439106	1.12965391	306.222477	304.862226	303.668429	306.222477	2.55404818	0.230786105	0	9	0	0	3
216	598	222.073834	1.13490812	306.234688	304.88884	303.684499	306.234688	2.55018956	0.230786105	0	9	0	0	3
217	601	222.725681	1.14016232	306.247115	304.915824	303.700009	306.247115	2.54710561	0.230786105	0	9	0	0	3
218	603	223.358369	1.14541652	306.259056	304.942408	303.715132	306.259056	2.54392406	0.230786105	0	9	0	0	3
219	606	224.007905	1.15067073	306.271213	304.969366	303.729864	306.271213	2.54134909	0.230786105	0	9	0	0	3
220	608	224.638372	1.15592493	306.282993	304.996001	303.744276	306.282993	2.53871692	0.230786105	0	9	0	0	3
221	611	225.285751	1.16117914	306.294912	305.023017	303.758347	306.294912	2.53656517	0.230786105	0	9	0	0	3
222	613	225.913901	1.16643334	306.306469	305.049703	303.772123	306.306469	2.53434544	0.230786105	0	9.1	0	0	3
223	616	226.559322	1.17168755	306.318243	305.07674	303.785553	306.318243	2.53268964	0.230786105	0	9.1	0	0	3
224	618	227.185205	1.17694175	306.329612	305.103428	303.798671	306.329612	2.53094152	0.230786105	0	9.1	0	0	3
225	620	227.828458	1.18219595	306.341243	305.130471	303.811556	306.341243	2.52968772	0.230786105	0	9.1	0	0	3
226	623	228.452279	1.18745016	306.352419	305.157179	303.824196	306.352419	2.52822327	0.230786105	0	9.1	0	0	3
227	625	229.093319	1.19270436	306.363853	305.184239	303.836548	306.363853	2.52730571	0.230786105	0	9.1	0	0	3
228	628	229.715262	1.19795857	306.374936	305.210937	303.848904	306.374936	2.52603238	0.230786105	0	9.1	0	0	3
229	630	230.353941	1.20321277	306.386226	305.238222	303.860921	306.386226	2.52530417	0.230786105	0	9.1	0	0	3
230	632	230.973836	1.20846697	306.397191	305.265037	303.87283	306.397191	2.52436113	0.230786105	0	9.1	0	0	3
231	635	231.610483	1.21372118	306.40835	305.292313	303.884422	306.40835	2.52392829	0.230786105	0	9.1	0	0	3
232	637	232.228511	1.21897538	306.419155	305.31906	303.896081	306.419155	2.52307323	0.230786105	0	9.1	0	0	3
233	640	232.863238	1.22422959	306.430203	305.346491	303.907429	306.430203	2.52277375	0.230786105	0	9.1	0	0	3
234	642	233.479548	1.22948379	306.440872	305.373432	303.918778	306.440872	2.52209347	0.230786105	0	9.1	0	0	3
235	645	234.112221	1.234738	306.451803	305.400891	303.929776	306.451803	2.52202643	0.230786105	0	9.1	0	0	3
236	647	234.726528	1.2399922	306.462344	305.42771	303.940882	306.462344	2.52146213	0.230786105	0	9.1	0	0	3
237	649	235.357203	1.2452464	306.473191	305.455254	303.951642	306.473191	2.52154895	0.230786105	0	9.1	0	0	3
238	652	235.969665	1.25050061	306.483693	305.482152	303.962511	306.483693	2.52118181	0.230786105	0	9.1	0	0	3
239	654	236.598192	1.25575481	306.494382	305.509759	303.973041	306.494382	2.52134051	0.230786105	0	9.1	0	0	3
240	657	237.208788	1.26100902	306.504793	305.5367	303.983719	306.504793	2.52107358	0.230786105	0	9.1	0	0	3
241	659	237.835358	1.26626322	306.515422	305.564372	303.994033	306.515422	2.52138905	0.230786105	0	9.1	0	0	3
242	661	238.444025	1.27151743	306.525687	305.591371	304.004526	306.525687	2.52116038	0.230786105	0	9.1	0	0	3
243	664	239.068774	1.27677163	306.53622	305.619107	304.014695	306.53622	2.52152465	0.230786105	0	9.1	0	0	3
244	666	239.675689	1.28202583	306.546404	305.646168	304.025004	306.546404	2.5214	0.230786105	0	9.1	0	0	3
245	669	240.298631	1.28728004	306.540678	305.673811	304.035022	306.546404	2.51138267	0.230786105	0	9.1	0	0	3
246	671	240.903761	1.29253424	306.515266	305.700447	304.045181	306.546404	2.50122371	0.230786105	0	9.2	0	0	3
247	674	241.524949	1.29778845	306.483486	305.727398	304.05502	306.546404	2.49138412	0.230786105	0	9.2	0	0	3
248	676	242.128416	1.30304265	306.4427	305.753223	304.065044	306.546404	2.48136081	0.230786105	0	9.3	0	0	3
249	679	242.748015	1.30829686	306.392837	305.779162	304.074796	306.546404	2.47160859	0.230786105	0	9.3	0	0	3
250	681	243.349732	1.31355106	306.33963	305.803901	304.094554	306.546404	2.45184999	0.230786105	0	9.4	0	0	3
251	684	243.967796	1.31880526	306.282582	305.828527	304.144514	306.546404	2.40189073	0.230786105	0	9.6	0	0	3
252	686	244.567764	1.32405947	306.226998	305.851513	304.19974	306.546404	2.34666486	0.230786105	0	9.8	0	0	3
253	689	245.184859	1.32931367	306.171057	305.873929	304.263998	306.546404	2.28240635	0.230786105	0	10.1	0	0	3
254	691	245.783159	1.33456788	306.118262	305.894612	304.339146	306.546404	2.20725804	0.230786105	0	10.4	0	0	3
255	694	246.399695	1.33982208	306.066753	305.91448	304.419117	306.546404	2.1272873	0.230786105	0	10.8	0	0	3
256	696	246.9964	1.34507629	306.019605	305.93253	304.503082	306.546404	2.04332242	0.230786105	0	11.2	0	0	3
257	699	247.612088	1.35033049	305.974078	305.949649	304.585226	306.546404	1.96117817	0.230786105	0	11.7	0	0	3
258	701	248.207087	1.35558469	305.932761	305.965037	304.667948	306.546404	1.87845677	0.230786105	0	12.2	0	0	3
259	704	248.821689	1.3608389	305.892788	305.979484	304.745565	306.546404	1.8008395	0.230786105	0	12.8	0	0	3
260	706	249.41572	1.3660931	305.856762	305.992358	304.821521	306.546404	1.72488339	0.230786105	0	13.3	0	0	3
261	709	250.029162	1.37134731	305.822329	306.004359	304.892001	306.546404	1.65440301	0.230786105	0	13.9	0	0	3
262	711	250.621859	1.37660151	305.791304	306.014969	304.960589	306.546404	1.58581572	0.230786105	0	14.5	0	0	3
263	714	251.234262	1.38185571	305.761764	306.024777	305.024018	306.546404	1.52238679	0.230786105	0	15.1	0	0	3
264	716	251.828142	1.38710992	305.735221	306.033366	305.085539	306.546404	1.4608649	0.230786105	0	15.7	0	0	3
265	719	252.439574	1.39236412	305.710204	306.04122	305.142348	306.546404	1.40405621	0.230786105	0	16.4	0	0	3
266	721	253.033342	1.39761833	305.687777	306.048019	305.197365	306.546404	1.34903976	0.230786105	0	17.1	0	0	3
267	724	253.643952	1.40287253	305.666659	306.054148	305.24809	306.546404	1.29831444	0.230786105	0	17.7	0	0	3
268	726	254.235578	1.40812674	305.647993	306.059376	305.297221	306.546404	1.2491834	0.230786105	0	18.4	0	0	3
269	729	254.845577	1.41338094	305.630369	306.063985	305.342467	306.546404	1.20393783	0.230786105	0	19.1	0	0	3
270	731	255.435307	1.41863514	305.614907	306.067832	305.386366	306.546404	1.16003808	0.230786105	0	19.8	0	0	3
271	734	256.044616	1.42388935	305.600393	306.0711	305.426886	306.546404	1.11951822	0.230786105	0	20.6	0	0	3
272	736	256.63481	1.42914355	305.587609	306.073711	305.466268	306.546404	1.08013679	0.230786105	0	21.3	0	0	3
273	739	257.24339	1.43439776	305.575962	306.0758	305.502623	306.546404	1.04378107	0.230786105	0	22.1	0	0	3
274	741	257.833535	1.43965196	305.565603	306.077321	305.53806	306.546404	1.00834398	0.230786105	0	22.8	0	0	3
275	744	258.441225	1.44490617	305.555829	306.078364	305.555829	306.546404	0.990575382	0.230786105	0	23.2	0	0	3
276	746	259.030098	1.45016037	305.547395	306.078933	305.547395	306.546404	0.999009567	0.230786105	0	23.1	0	0	3
277	748	259.636298	1.45541457	305.540059	306.079057	305.540059	306.546404	1.00634502	0.230786105	0	22.9	0	0	3
278	751	260.222841	1.46066878	305.532534	306.078786	305.532534	306.546404	1.01386991	0.230786105	0	22.7	0	0	3
279	753	260.828128	1.46592298	305.526779	306.078083	305.526779	306.546404	1.01962523	0.230786105	0	22.6	0	0	3
280	756	261.414697	1.47117719	305.522013	306.077057	305.522013	306.546404	1.02439151	0.230786105	0	22.5	0	0	3
281	758	262.019333	1.47643139	305.517906	306.075626	305.517906	306.546404	1.02849795	0.230786105	0	22.4	0	0	3
282	761	262.605403	1.4816856	305.51452	306.073929	305.51452	306.546404	1.03188458	0.230786105	0	22.3	0	0	3
283	763	263.208977	1.4869398	305.511694	306.071852	305.511694	306.546404	1.03470991	0.230786105	0	22.3	0	0	3
284	765	263.795253	1.492194	305.509541	306.069548	305.509541	306.546404	1.03686345	0.230786105	0	22.2	0	0	3
285	768	264.39756	1.49744821	305.507899	306.066893	305.507899	306.546404	1.03850502	0.230786105	0	22.2	0	0	3
286	770	264.98103	1.50270241	305.506843	306.064071	305.506843	306.546404	1.03956089	0.230786105	0	22.2	0	0	3
287	773	265.582259	1.50795662	305.506197	306.060897	305.506197	306.546404	1.04020691	0.230786105	0	22.1	0	0	3
288	775	266.163879	1.51321082	305.506018	306.057601	305.506018	306.546404	1.04038609	0.230786105	0	22.1	0	0	3
289	777	266.764428	1.51846502	305.504829	306.05394	305.504829	306.546404	1.04157508	0.230786105	0	22.1	0	0	3
290	780	267.346126	1.52371923	305.506449	306.050195	305.504829	306.546404	1.04157508	0.230786105	0	22.1	0	0	3
291	782	267.945797	1.52897343	305.506321	306.046103	305.504829	306.546404	1.04157508	0.230786105	0	22.1	0	0	3
292	785	268.527045	1.53422764	305.508573	306.041955	305.504829	306.546404	1.04157508	0.230786105	0	22.1	0	0	3
293	787	269.125456	1.53948184	305.509224	306.037476	305.504829	306.546404	1.04157508	0.230786105	0	22.1	0	0	3
294	790	269.70695	1.54473605	305.512085	306.032956	305.504829	306.546404	1.04157508	0.230786105	0	22.1	0	0	3
295	792	270.304368	1.54999025	305.513308	306.028121	305.504829	306.546404	1.04157508	0.230786105	0	22.1	0	0	3
296	794	270.883235	1.55524445	305.516933	306.023284	305.504829	306.546404	1.04157508	0.230786105	0	22.1	0	0	3
297	797	271.479687	1.56049866	305.518469	306.018122	305.504829	306.546404	1.04157508	0.230786105	0	22.1	0	0	3
298	800	272.058616	1.56575286	305.522481	306.012971	305.504829	306.546404	1.04157508	0.230786105	0	22.1	0	0	3
299	802	272.654112	1.57100707	305.524604	306.007509	305.504829	306.546404	1.04157508	0.230786105	0	22.1	0	0	3
300	804	273.231767	1.57626127	305.52891	306.00208	305.504829	306.546404	1.04157508	0.230786105	0	22.1	0	0	3
301	808	273.826268	1.58151548	305.531549	305.99634	305.504829	306.546404	1.04157508	0.230786105	0	22.1	0	0	3
302	810	274.403918	1.58676968	305.536203	305.990644	305.504829	306.546404	1.04157508	0.230786105	0	22.1	0	0	3
303	812	274.997369	1.59202388	305.53914	305.984648	305.504829	306.546404	1.04157508	0.230786105	0	22.1	0	0	3
304	815	275.572247	1.59727809	305.544064	305.978722	305.504829	306.546404	1.04157508	0.230786105	0	22.1	0	0	3
305	817	276.165263	1.60253229	305.547344	305.972482	305.504829	306.546404	1.04157508	0.230786105	0	22.1	0	0	3
306	820	276.740921	1.6077865	305.552697	305.96632	305.504829	306.546404	1.04157508	0.230786105	0	22.1	0	0	3
307	822	277.333104	1.6130407	305.556192	305.959854	305.504829	306.546404	1.04157508	0.230786105	0	22.1	0	0	3
308	824	277.907029	1.61829491	305.561722	305.953487	305.504829	306.546404	1.04157508	0.230786105	0	22.1	0	0	3
309	827	278.498155	1.62354911	305.565447	305.94681	305.504829	306.546404	1.04157508	0.230786105	0	22.1	0	0	3
310	829	279.072202	1.62880331	305.571175	305.940237	305.504829	306.546404	1.04157508	0.230786105	0	22.1	0	0	3
311	832	279.66218	1.63405752	305.575048	305.933364	305.504829	306.546404	1.04157508	0.230786105	0	22.1	0	0	3
312	834	280.233785	1.63931172	305.581067	305.926613	305.504829	306.546404	1.04157508	0.230786105	0	22.1	0	0	3
313	837	280.822933	1.64456593	305.585025	305.919553	305.504829	306.546404	1.04157508	0.230786105	0	22.1	0	0	3
314	839	281.395206	1.64982013	305.591207	305.912615	305.504829	306.546404	1.04157508	0.230786105	0	22.1	0	0	3
315	841	281.983653	1.65507434	305.595337	305.905377	305.504829	306.546404	1.04157508	0.230786105	0	22.1	0	0	3
316	844	282.555151	1.66032854	305.601635	305.898269	305.504829	306.546404	1.04157508	0.230786105	0	22.1	0	0	3
317	847	283.142924	1.66558274	305.605906	305.890861	305.504829	306.546404	1.02935348	0.230786105	0	22.4	0	0	3
318	851	283.713708	1.67083695	305.61233	305.883593	305.504829	306.546404	1.00231655	0.230786105	0	23	0	0	3
319	855	284.300545	1.67609115	305.616625	305.876022	305.504829	306.546404	0.975629154	0.230786105	0	23.6	0	0	3
320	858	284.868435	1.68134536	305.623159	305.868611	305.504829	306.546404	0.948585488	0.230786105	0	24.3	0	0	3
321	860	285.45431	1.68659956	305.627565	305.860884	305.504829	306.546404	0.921877382	0.230786105	0	25	0	0	3
322	863	286.023159	1.69185376	305.634042	305.853317	305.504829	306.546404	0.89481733	0.230786105	0	25.7	0	0	3
323	865	286.608424	1.69710797	305.638483	305.84544	305.504829	306.546404	0.868120121	0.230786105	0	26.5	0	0	3
324	868	287.176652	1.70236217	305.645159	305.837729	305.504829	306.546404	0.840834547	0.230786105	0	27.4	0	0	3
325	870	287.761304	1.70761638	305.649694	305.829711	305.504829	306.546404	0.814019414	0.230786105	0	28.3	0	0	3
326	872	288.328513	1.71287058	305.655451	305.821855	305.504829	306.546404	0.786743368	0.230786105	0	29.3	0	0	3
327	875	288.912405	1.71812479	305.660753	305.813697	305.504829	306.546404	0.759996374	0.230786105	0	30.3	0	0	3
328	877	289.47708	1.72337899	305.666697	305.805711	305.504829	306.546404	0.732565864	0.230786105	0	31.5	0	0	3
329	880	290.060399	1.72863319	305.672088	305.797418	305.504829	306.546404	0.705625129	0.230786105	0	32.7	0	0	3
330	882	290.625968	1.7338874	305.67938	305.78931	305.504829	306.546404	0.678165818	0.230786105	0	34	0	0	3
331	884	291.208334	1.7391416	305.684192	305.780897	305.504829	306.546404	0.651346628	0.230786105	0	35.4	0	0	3
332	887	291.772902	1.74439581	305.691059	305.77267	305.504829	306.546404	0.623802746	0.230786105	0	36.9	0	0	3
333	889	292.354136	1.74965001	305.697416	305.764151	305.504829	306.546404	0.596904349	0.230786105	0	38.6	0	0	3
334	892	292.918126	1.75490422	305.703372	305.755811	305.504829	306.546404	0.569298011	0.230786105	0	40.5	0	0	3
335	894	293.498571	1.76015842	305.709436	305.747179	305.504829	306.546404	0.542357161	0.230786105	0	42.5	0	0	3
336	896	294.061683	1.76541262	305.715328	305.738727	305.504829	306.546404	0.51468486	0.230786105	0	44.8	0	0	3
337	899	294.641015	1.77066683	305.721267	305.729982	305.504829	306.546404	0.487685937	0.230786105	0	47.3	0	0	3
338	901	295.203062	1.77592103	305.727117	305.721421	305.504829	306.546404	0.459949695	0.230786105	0	50.1	0	0	3
339	903	295.781525	1.78117524	305.733092	305.712564	305.504829	306.546404	0.432889219	0.230786105	0	53.3	0	0	3
340	906	296.342865	1.78642944	305.738991	305.703895	305.504829	306.540678	0.405245781	0.230786105	0	56.9	0	0	3
341	908	296.92058	1.79168365	305.74509	305.695109	305.504829	306.515266	0.383947418	0.230786105	0	60.1	0	0	3
342	910	297.481028	1.79693785	305.750968	305.686891	305.504829	306.483486	0.392166187	0.230786105	0	58.8	0	0	3
343	913	298.057665	1.80219205	305.757004	305.678853	305.504829	306.4427	0.400204103	0.230786105	0	57.6	0	0	3
344	915	298.617143	1.80744626	305.762864	305.671525	305.504829	306.392837	0.407532193	0.230786105	0	56.6	0	0	3
345	918	299.194285	1.81270046	305.768991	305.664603	305.504829	306.33963	0.414453335	0.230786105	0	55.6	0	0	3
346	920	299.751495	1.81795467	305.774839	305.658491	305.504829	306.282582	0.420565742	0.230786105	0	54.8	0	0	3
347	923	300.327288	1.82320887	305.762515	305.65271	305.504829	306.226998	0.426347061	0.230786105	0	54.1	0	0	3
348	925	300.885475	1.82846307	305.734347	305.647401	305.504829	306.171057	0.431655976	0.230786105	0	53.4	0	0	3
349	928	301.460325	1.83371728	305.699497	305.642191	305.504829	306.118262	0.436866018	0.230786105	0	52.8	0	0	3
350	930	302.017737	1.83897148	305.65675	305.63727	305.504829	306.066753	0.441786803	0.230786105	0	52.2	0	0	3
351	933	302.591764	1.84422569	305.60541	305.632232	305.504829	306.019605	0.446824529	0.230786105	0	51.6	0	0	3
352	935	303.148727	1.84947989	305.550581	305.627306	305.504829	305.974078	0.45175084	0.230786105	0	51	0	0	3
353	938	303.721981	1.8547341	305.492335	305.622122	305.492335	305.932761	0.440426326	0.230786105	0	52.4	0	0	3
354	940	304.277983	1.8599883	305.435223	305.616972	305.435223	305.892788	0.457565504	0.230786105	0	50.4	0	0	3
355	943	304.85021	1.8652425	305.3771	305.611497	305.3771	305.856762	0.467559944	0.230786105	0	49.3	0	0	3
356	945	305.40537	1.87049671	305.322563	305.60603	305.322563	305.822329	0.473027019	0.230786105	0	48.7	0	0	3
357	948	305.976981	1.87575091	305.268915	305.600214	305.268915	305.791304	0.478842899	0.230786105	0	48.1	0	0	3
358	950	306.531555	1.88100512	305.218948	305.594406	305.218948	305.774839	0.484650455	0.230786105	0	47.6	0	0	3
359	953	307.102389	1.88625932	305.170564	305.588241	305.170564	305.774839	0.490815581	0.230786105	0	47	0	0	3
360	955	307.656073	1.89151353	305.126355	305.582097	305.126355	305.774839	0.496959957	0.230786105	0	46.4	0	0	3
361	958	308.226113	1.89676773	305.083728	305.5756	305.083728	305.774839	0.503456485	0.230786105	0	45.8	0	0	3
362	960	308.779346	1.90202193	305.044806	305.569138	305.044806	305.774839	0.509919004	0.230786105	0	45.2	0	0	3
363	963	309.349214	1.90727614	305.007318	305.562321	305.007318	305.774839	0.516735428	0.230786105	0	44.6	0	0	3
364	965	309.902291	1.91253034	304.973114	305.555557	304.973114	305.774839	0.52350002	0.230786105	0	44	0	0	3
365	968	310.471763	1.91778455	304.940202	305.548437	304.940202	305.774839	0.530620104	0.230786105	0	43.4	0	0	3
366	970	311.024078	1.92303875	304.91032	305.541391	304.91032	305.774839	0.537665421	0.230786105	0	42.9	0	0	3
367	972	311.592654	1.92829296	304.881666	305.533991	304.881666	305.774839	0.545065386	0.230786105	0	42.3	0	0	3
368	975	312.144263	1.93354716	304.855624	305.52668	304.855624	305.774839	0.552376556	0.230786105	0	41.7	0	0	3
369	978	312.712461	1.93880136	304.830685	305.51901	304.830685	305.774839	0.560046684	0.230786105	0	41.2	0	0	3
370	981	313.26391	1.94405557	304.808093	305.511441	304.808093	305.774839	0.567615305	0.230786105	0	40.6	0	0	3
371	983	313.831916	1.94930977	304.786487	305.50352	304.786487	305.774839	0.575536355	0.230786105	0	40	0	0	3
372	985	314.3829	1.95456398	304.766921	305.495722	304.766921	305.774839	0.58333525	0.230786105	0	39.5	0	0	3
373	988	314.950246	1.95981818	304.748263	305.487569	304.748263	305.774839	0.591217419	0.230786105	0	39	0	0	3
374	990	315.500549	1.96507239	304.731448	305.479565	304.731448	305.774839	0.59851855	0.230786105	0	38.5	0	0	3
375	993	316.067347	1.97032659	304.715425	305.471207	304.715425	305.774839	0.605850237	0.230786105	0	38	0	0	3
376	995	316.617253	1.97558079	304.700963	305.462994	304.700963	305.774839	0.612632179	0.230786105	0	37.6	0	0	3
377	998	317.183679	1.980835	304.687205	305.454426	304.687205	305.774839	0.619502909	0.230786105	0	37.2	0	0	3
378	1000	317.733092	1.9860892	304.67486	305.446018	304.67486	305.774839	0.625833565	0.230786105	0	36.8	0	0	3
379	1002	318.298958	1.99134341	304.663191	305.437258	304.663191	305.774839	0.632290025	0.230786105	0	36.5	0	0	3
380	1005	318.847874	1.99659761	304.652707	305.428665	304.652707	305.774839	0.638227722	0.230786105	0	36.1	0	0	3
381	1007	319.413385	2.00185181	304.642813	305.41972	304.642813	305.774839	0.644351061	0.230786105	0	35.8	0	0	3
382	1009	319.962064	2.00710602	304.633987	305.410954	304.633987	305.774839	0.649942648	0.230786105	0	35.5	0	0	3
383	1012	320.527309	2.01236022	304.625677	305.401833	304.625677	305.774839	0.655767868	0.230786105	0	35.1	0	0	3
384	1014	321.075651	2.01761443	304.618248	305.392905	304.618248	305.774839	0.6610346	0.230786105	0	34.9	0	0	3
385	1017	321.640539	2.02286863	304.611327	305.383635	304.611327	305.774839	0.666559931	0.230786105	0	34.6	0	0	3
386	1019	322.188637	2.02812284	304.605156	305.374552	304.605156	305.774839	0.671551316	0.230786105	0	34.3	0	0	3
387	1021	322.753339	2.03337704	304.599443	305.365124	304.599443	305.774839	0.676831084	0.230786105	0	34	0	0	3
388	1024	323.301187	2.03863124	304.594434	305.355893	304.594434	305.774839	0.681583027	0.230786105	0	33.8	0	0	3
389	1026	323.865446	2.04388545	304.589761	305.34632	304.589761	305.774839	0.686636025	0.230786105	0	33.6	0	0	3
390	1028	324.412621	2.04913965	304.58571	305.33695	304.58571	305.774839	0.691170629	0.230786105	0	33.3	0	0	3
391	1031	324.976183	2.05439386	304.582066	305.327242	304.582066	305.774839	0.696042479	0.230786105	0	33.1	0	0	3
392	1033	325.522837	2.05964806	304.578832	305.317744	304.578832	305.774839	0.70037787	0.230786105	0	32.9	0	0	3
393	1035	326.086185	2.06490227	304.575933	305.307899	304.575933	305.774839	0.705072313	0.230786105	0	32.7	0	0	3
394	1038	326.632823	2.07015647	304.573484	305.298267	304.573484	305.774839	0.709242787	0.230786105	0	32.5	0	0	3
395	1040	327.19596	2.07541067	304.571369	305.28829	304.571369	305.774839	0.713789473	0.230786105	0	32.3	0	0	3
396	1042	327.742325	2.08066488	304.569588	305.278537	304.569588	305.774839	0.717803621	0.230786105	0	32.1	0	0	3
397	1045	328.304155	2.08591908	304.568057	305.268449	304.568057	305.774839	0.72219525	0.230786105	0	31.9	0	0	3
398	1047	328.847924	2.09117329	304.56683	305.2586	304.56683	305.774839	0.726047683	0.230786105	0	31.7	0	0	3
399	1049	329.408894	2.09642749	304.565885	305.248399	304.565885	305.774839	0.730323665	0.230786105	0	31.6	0	0	3
400	1052	329.952171	2.1016817	304.565197	305.238448	304.565197	305.774839	0.734034152	0.230786105	0	31.4	0	0	3
401	1055	330.512675	2.1069359	304.564679	305.228128	304.564679	305.774839	0.738191431	0.230786105	0	31.2	0	0	3
402	1058	331.057441	2.1121901	304.5644	305.218031	304.5644	305.774839	0.741822487	0.230786105	0	31.1	0	0	3
403	1060	331.61732	2.11744431	304.564344	305.2076	304.564344	305.774839	0.745886352	0.230786105	0	30.9	0	0	3
404	1062	332.161801	2.12269851	304.564456	305.1974	304.564344	305.774839	0.749410062	0.230786105	0	30.7	0	0	3
405	1065	332.720881	2.12795272	304.56481	305.186865	304.564344	305.774839	0.753372184	0.230786105	0	30.6	0	0	3
406	1067	333.262984	2.13320692	304.565267	305.176576	304.564344	305.774839	0.756788343	0.230786105	0	30.4	0	0	3
407	1070	333.821712	2.13846112	304.565926	305.165936	304.564344	305.774839	0.760677782	0.230786105	0	30.3	0	0	3
408	1072	334.36275	2.14371533	304.566702	305.155562	304.564344	305.774839	0.763991165	0.230786105	0	30.2	0	0	3
409	1074	334.921078	2.14896953	304.567638	305.144817	304.564344	305.774839	0.767797192	0.230786105	0	30	0	0	3
410	1077	335.462474	2.15422374	304.568665	305.134323	304.564344	305.774839	0.7710533	0.230786105	0	29.9	0	0	3
411	1079	336.020202	2.15947794	304.569896	305.123477	304.564344	305.774839	0.774791467	0.230786105	0	29.7	0	0	3
412	1081	336.562652	2.16473215	304.571151	305.11287	304.564344	305.774839	0.777990527	0.230786105	0	29.6	0	0	3
413	1084	337.119663	2.16998635	304.572605	305.101926	304.564344	305.774839	0.78166741	0.230786105	0	29.5	0	0	3
414	1086	337.659578	2.17524055	304.574101	305.091243	304.564344	305.774839	0.784778847	0.230786105	0	29.4	0	0	3
415	1088	338.216552	2.18049476	304.575708	305.080199	304.564344	305.774839	0.788411894	0.230786105	0	29.2	0	0	3
416	1091	338.75599	2.18574896	304.577357	305.069443	304.564344	305.774839	0.791441023	0.230786105	0	29.1	0	0	3
417	1093	339.312621	2.19100317	304.579158	305.058305	304.564344	305.774839	0.795011948	0.230786105	0	29	0	0	3
418	1095	339.85252	2.19625737	304.580996	305.047433	304.564344	305.774839	0.798007117	0.230786105	0	28.9	0	0	3
419	1098	340.40888	2.20151158	304.582963	305.0362	304.564344	305.774839	0.801528336	0.230786105	0	28.7	0	0	3
420	1100	340.949576	2.20676578	304.584895	305.025227	304.564344	305.774839	0.804484033	0.230786105	0	28.6	0	0	3
421	1102	341.505336	2.21201998	304.586988	305.013902	304.564344	305.774839	0.807952309	0.230786105	0	28.5	0	0	3
422	1105	342.043648	2.21727419	304.589058	305.00287	304.564344	305.774839	0.810826626	0.230786105	0	28.4	0	0	3
423	1107	342.599169	2.22252839	304.591259	304.991456	304.564344	305.774839	0.814254645	0.230786105	0	28.3	0	0	3
424	1109	343.13728	2.2277826	304.593448	304.980359	304.564344	305.774839	0.817058747	0.230786105	0	28.2	0	0	3
425	1112	343.692422	2.2330368	304.595774	304.968855	304.564344	305.774839	0.820455337	0.230786105	0	28.1	0	0	3
426	1114	344.230839	2.23829101	304.59809	304.957634	304.564344	305.774839	0.823262739	0.230786105	0	28	0	0	3
427	1117	344.785697	2.24354521	304.600511	304.946038	304.564344	305.774839	0.826631311	0.230786105	0	27.9	0	0	3
428	1119	345.324994	2.24879941	304.602864	304.934728	304.564344	305.774839	0.829422837	0.230786105	0	27.8	0	0	3
429	1121	345.879119	2.25405362	304.605382	304.923037	304.564344	305.774839	0.832774181	0.230786105	0	27.7	0	0	3
430	1124	346.416312	2.25930782	304.607841	304.911645	304.564344	305.774839	0.835534228	0.230786105	0	27.6	0	0	3
431	1126	346.970339	2.26456203	304.610368	304.899863	304.564344	305.774839	0.838863771	0.230786105	0	27.5	0	0	3
432	1128	347.506922	2.26981623	304.612877	304.88839	304.564344	305.774839	0.841591932	0.230786105	0	27.4	0	0	3
433	1131	348.060686	2.27507044	304.615566	304.876529	304.564344	305.774839	0.844891315	0.230786105	0	27.3	0	0	3
434	1133	348.597483	2.28032464	304.618146	304.864978	304.564344	305.774839	0.847585708	0.230786105	0	27.2	0	0	3
435	1135	349.150842	2.28557884	304.620829	304.853037	304.564344	305.774839	0.850857752	0.230786105	0	27.1	0	0	3
436	1138	349.688922	2.29083305	304.623467	304.841399	304.564344	305.774839	0.853710091	0.230786105	0	27	0	0	3
437	1140	350.241622	2.29608725	304.626228	304.829378	304.564344	305.774839	0.857512852	0.230786105	0	26.9	0	0	3
438	1142	350.777251	2.30134146	304.628902	304.817672	304.564344	305.774839	0.861180897	0.230786105	0	26.7	0	0	3
439	1145	351.330017	2.30659566	304.631655	304.805574	304.564344	305.774839	0.865950596	0.230786105	0	26.6	0	0	3
440	1147	351.865089	2.31184986	304.634346	304.793795	304.564344	305.774839	0.870808359	0.230786105	0	26.5	0	0	3
441	1149	352.417538	2.31710407	304.637234	304.781595	304.564344	305.774839	0.876895859	0.230786105	0	26.3	0	0	3
442	1152	352.953231	2.32235827	304.639992	304.769767	304.564344	305.762515	0.882943114	0.230786105	0	26.1	0	0	3
443	1154	353.505437	2.32761248	304.64284	304.757699	304.564344	305.734347	0.889701322	0.230786105	0	25.9	0	0	3
444	1156	354.042107	2.33286668	304.645613	304.746312	304.564344	305.699497	0.895878483	0.230786105	0	25.7	0	0	3
445	1159	354.593585	2.33812089	304.648503	304.734985	304.564344	305.65675	0.902285415	0.230786105	0	25.5	0	0	3
446	1161	355.127894	2.34337509	304.651313	304.724469	304.564344	305.60541	0.907763736	0.230786105	0	25.4	0	0	3
447	1163	355.679068	2.34862929	304.654225	304.714214	304.564344	305.550581	0.913092253	0.230786105	0	25.2	0	0	3
448	1166	356.213099	2.3538835	304.657067	304.70486	304.564344	305.492335	0.917261834	0.230786105	0	25.1	0	0	3
449	1168	356.764078	2.3591377	304.660025	304.695884	304.564344	305.435223	0.870878517	0.230786105	0	26.5	0	0	3
450	1170	357.298436	2.36439191	304.662894	304.687798	304.564344	305.3771	0.812756079	0.230786105	0	28.3	0	0	3
451	1173	357.849248	2.36964611	304.665849	304.680128	304.564344	305.322563	0.7582188	0.230786105	0	30.4	0	0	3
452	1175	358.384453	2.37490032	304.668732	304.673281	304.564344	305.268915	0.704570522	0.230786105	0	32.7	0	0	3
453	1177	358.934618	2.38015452	304.671738	304.666835	304.564344	305.218948	0.654604114	0.230786105	0	35.2	0	0	3
454	1180	359.4676	2.38540872	304.674642	304.66113	304.564344	305.170564	0.606220061	0.230786105	0	38	0	0	3
455	1182	360.01773	2.39066293	304.677059	304.6558	304.564344	305.126355	0.562010719	0.230786105	0	41	0	0	3
456	1185	360.552463	2.39591713	304.648627	304.650802	304.564344	305.083728	0.519384111	0.230786105	0	44.4	0	0	3
457	1187	361.102012	2.40117134	304.616091	304.645774	304.564344	305.044806	0.480461667	0.230786105	0	48	0	0	3
458	1190	361.636358	2.40642554	304.575802	304.64089	304.564344	305.007318	0.442973987	0.230786105	0	52	0	0	3
459	1192	362.185433	2.41167975	304.52572	304.635741	304.52572	304.973114	0.447394319	0.230786105	0	51.5	0	0	3
460	1194	362.719747	2.41693395	304.471171	304.630543	304.471171	304.940202	0.469031268	0.230786105	0	49.2	0	0	3
461	1197	363.268301	2.42218815	304.41184	304.624931	304.41184	304.91032	0.498480303	0.230786105	0	46.2	0	0	3
462	1199	363.800081	2.42744236	304.352813	304.619202	304.352813	304.881666	0.528852975	0.230786105	0	43.6	0	0	3
463	1202	364.348979	2.43269656	304.292423	304.612974	304.292423	304.855624	0.563200977	0.230786105	0	40.9	0	0	3
464	1204	364.882464	2.43795077	304.234764	304.60661	304.234764	304.830685	0.595920881	0.230786105	0	38.7	0	0	3
465	1207	365.43073	2.44320497	304.177581	304.599733	304.177581	304.808093	0.630511831	0.230786105	0	36.6	0	0	3
466	1209	365.964172	2.44845918	304.124065	304.592738	304.124065	304.786487	0.662422161	0.230786105	0	34.8	0	0	3
467	1212	366.512187	2.45371338	304.071676	304.585229	304.071676	304.766921	0.695245035	0.230786105	0	33.1	0	0	3
468	1214	367.045234	2.45896758	304.023257	304.577639	304.023257	304.748263	0.725006777	0.230786105	0	31.8	0	0	3
469	1217	367.593029	2.46422179	303.976229	304.569542	303.976229	304.731448	0.75521949	0.230786105	0	30.5	0	0	3
470	1219	368.125837	2.46947599	303.932836	304.561403	303.932836	304.715425	0.782589141	0.230786105	0	29.4	0	0	3
471	1222	368.673328	2.4747302	303.890977	304.552766	303.890977	304.700963	0.809986633	0.230786105	0	28.4	0	0	3
472	1224	369.206057	2.4799844	303.852502	304.544123	303.852502	304.687205	0.834702978	0.230786105	0	27.6	0	0	3
473	1227	369.753514	2.4852386	303.815535	304.534993	303.815535	304.677059	0.861524448	0.230786105	0	26.7	0	0	3
474	1229	370.2859	2.49049281	303.781663	304.5259	303.781663	304.677059	0.895395607	0.230786105	0	25.7	0	0	3
475	1231	370.833349	2.49574701	303.749042	304.516325	303.749042	304.677059	0.912339888	0.230786105	0	25.2	0	0	3
476	1234	371.365543	2.50100122	303.719246	304.506823	303.719246	304.677059	0.912897358	0.230786105	0	25.2	0	0	3
477	1236	371.912767	2.50625542	303.690511	304.496849	303.690511	304.677059	0.914105265	0.230786105	0	25.2	0	0	3
478	1239	372.444999	2.51150963	303.664155	304.486971	303.664155	304.677059	0.914862649	0.230786105	0	25.2	0	0	3
479	1241	372.992047	2.51676383	303.63886	304.476633	303.63886	304.677059	0.916271958	0.230786105	0	25.1	0	0	3
480	1244	373.524111	2.52201803	303.615654	304.466418	303.615654	304.677059	0.917216404	0.230786105	0	25.1	0	0	3
481	1246	374.071133	2.52727224	303.593298	304.455748	303.593298	304.677059	0.918804334	0.230786105	0	25.1	0	0	3
482	1249	374.603183	2.53252644	303.5729	304.445224	303.5729	304.677059	0.919900343	0.230786105	0	25	0	0	3
483	1251	375.150194	2.53778065	303.553216	304.434249	303.553216	304.677059	0.921644164	0.230786105	0	25	0	0	3
484	1253	375.682193	2.54303485	303.535197	304.423443	303.535197	304.677059	0.922877103	0.230786105	0	25	0	0	3
485	1256	376.229021	2.54828906	303.517863	304.412194	303.517863	304.677059	0.92475647	0.230786105	0	24.9	0	0	3
486	1258	376.76078	2.55354326	303.501988	304.401134	303.501988	304.677059	0.926107601	0.230786105	0	24.9	0	0	3
487	1261	377.307699	2.55879746	303.486711	304.389629	303.486711	304.677059	0.9281155	0.230786105	0	24.8	0	0	3
488	1263	377.839414	2.56405167	303.472726	304.378333	303.472726	304.677059	0.929565973	0.230786105	0	24.8	0	0	3
489	1265	378.386174	2.56930587	303.459292	304.366597	303.459292	304.677059	0.93166984	0.230786105	0	24.7	0	0	3
490	1268	378.917952	2.57456008	303.446989	304.355081	303.446989	304.677059	0.933209618	0.230786105	0	24.7	0	0	3
491	1270	379.464608	2.57981428	303.435149	304.343129	303.435149	304.677059	0.935407539	0.230786105	0	24.6	0	0	3
492	1272	379.996121	2.58506849	303.424315	304.331415	303.424315	304.677059	0.937033126	0.230786105	0	24.6	0	0	3
493	1275	380.542904	2.59032269	303.413929	304.319267	303.413929	304.677059	0.939333148	0.230786105	0	24.5	0	0	3
494	1277	381.074442	2.59557689	303.404438	304.307379	303.404438	304.677059	0.941019925	0.230786105	0	24.5	0	0	3
495	1279	381.621024	2.6008311	303.395295	304.295053	303.395295	304.677059	0.94339438	0.230786105	0	24.4	0	0	3
496	1282	382.152744	2.6060853	303.386941	304.282991	303.386941	304.677059	0.945136639	0.230786105	0	24.4	0	0	3
497	1284	382.699284	2.61133951	303.378962	304.270498	303.378962	304.677059	0.947533097	0.230786105	0	24.3	0	0	3
498	1286	383.230704	2.61659371	303.371635	304.258274	303.371635	304.677059	0.949326399	0.230786105	0	24.3	0	0	3
499	1289	383.777335	2.62184791	303.364587	304.245623	303.364587	304.677059	0.951777076	0.230786105	0	24.2	0	0	3
500	1291	384.308743	2.62710212	303.358145	304.23325	303.358145	304.677059	0.953615137	0.230786105	0	24.2	0	0	3
501	1294	384.855212	2.63235632	303.351994	304.220457	303.351994	304.677059	0.956118766	0.230786105	0	24.1	0	0	3
502	1297	385.386846	2.63761053	303.346384	304.207956	303.346384	304.677059	0.957979576	0.230786105	0	24	0	0	3
503	1299	385.933504	2.64286473	303.341004	304.195024	303.341004	304.677059	0.960538703	0.230786105	0	24	0	0	3
504	1301	386.464799	2.64811894	303.336064	304.182405	303.336064	304.677059	0.962412487	0.230786105	0	23.9	0	0	3
505	1304	387.011463	2.65337314	303.331345	304.169344	303.331345	304.677059	0.964979029	0.230786105	0	23.9	0	0	3
506	1306	387.542766	2.65862734	303.327051	304.156601	303.327051	304.677059	0.966876908	0.230786105	0	23.8	0	0	3
507	1308	388.089211	2.66388155	303.322943	304.143425	303.322943	304.677059	0.96944543	0.230786105	0	23.8	0	0	3
508	1310	388.620592	2.66913575	303.319166	304.130554	303.319166	304.677059	0.971371903	0.230786105	0	23.7	0	0	3
509	1313	389.166984	2.67438996	303.315615	304.117268	303.315615	304.677059	0.973974797	0.230786105	0	23.6	0	0	3
510	1315	389.697999	2.67964416	303.312378	304.104315	303.312378	304.677059	0.975883839	0.230786105	0	23.6	0	0	3
511	1318	390.244287	2.68489837	303.309227	304.09092	303.309227	304.677059	0.978523002	0.230786105	0	23.5	0	0	3
512	1320	390.775418	2.69015257	303.30637	304.077865	303.30637	304.677059	0.980439326	0.230786105	0	23.5	0	0	3
513	1322	391.32169	2.69540677	303.303701	304.064369	303.303701	304.677059	0.98306429	0.230786105	0	23.4	0	0	3
514	1324	391.852824	2.70066098	303.301243	304.05121	303.301243	304.677059	0.984989973	0.230786105	0	23.4	0	0	3
515	1327	392.39915	2.70591518	303.29889	304.037614	303.29889	304.677059	0.987613019	0.230786105	0	23.3	0	0	3
516	1329	392.93001	2.71116939	303.296725	304.024355	303.296725	304.677059	0.989547257	0.230786105	0	23.3	0	0	3
517	1331	393.476329	2.71642359	303.294693	304.010668	303.294693	304.677059	0.992201959	0.230786105	0	23.2	0	0	3
518	1334	394.007406	2.7216778	303.29285	303.99734	303.29285	304.677059	0.994115728	0.230786105	0	23.2	0	0	3
519	1336	394.55359	2.726932	303.291111	303.983566	303.291111	304.677059	0.996793663	0.230786105	0	23.1	0	0	3
520	1338	395.084753	2.7321862	303.289521	303.970151	303.289521	304.677059	0.998703613	0.230786105	0	23.1	0	0	3
521	1341	395.630905	2.73744041	303.288039	303.956292	303.288039	304.677059	1.00134265	0.230786105	0	23	0	0	3
522	1343	396.161774	2.74269461	303.286696	303.942793	303.286696	304.677059	1.00324593	0.230786105	0	23	0	0	3
523	1345	396.708072	2.74794882	303.28543	303.928848	303.28543	304.677059	1.00588064	0.230786105	0	22.9	0	0	3
524	1348	397.239099	2.75320302	303.284281	303.915252	303.284281	304.677059	1.00778402	0.230786105	0	22.9	0	0	3
525	1350	397.78519	2.75845723	303.283194	303.901235	303.283194	304.677059	1.0104098	0.230786105	0	22.8	0	0	3
526	1352	398.316416	2.76371143	303.282231	303.887586	303.282231	304.677059	1.01227767	0.230786105	0	22.7	0	0	3
527	1354	398.862608	2.76896563	303.281312	303.873488	303.281312	304.677059	1.01490254	0.230786105	0	22.7	0	0	3
528	1357	399.393465	2.77421984	303.280482	303.859774	303.280482	304.677059	1.01675538	0.230786105	0	22.6	0	0	3
529	1359	399.939735	2.77947404	303.279709	303.845599	303.279709	304.677059	1.0193795	0.230786105	0	22.6	0	0	3
530	1361	400.470671	2.78472825	303.279026	303.831805	303.279026	304.677059	1.0212322	0.230786105	0	22.5	0	0	3
531	1364	401.016618	2.78998245	303.278384	303.817562	303.278384	304.677059	1.0238376	0.230786105	0	22.5	0	0	3
532	1366	401.547725	2.79523665	303.277835	303.803672	303.277835	304.677059	1.02570561	0.230786105	0	22.5	0	0	3
533	1368	402.093823	2.80049086	303.277356	303.789361	303.277356	304.677059	1.02831045	0.230786105	0	22.4	0	0	3
534	1371	402.624535	2.80574506	303.276943	303.775443	303.276943	304.677059	1.030131	0.230786105	0	22.4	0	0	3
535	1373	403.170578	2.81099927	303.276538	303.761058	303.276538	304.677059	1.03273675	0.230786105	0	22.3	0	0	3
536	1375	403.701382	2.81625347	303.276206	303.747079	303.276206	304.677059	1.03451611	0.230786105	0	22.3	0	0	3
537	1378	404.247116	2.82150768	303.275884	303.73263	303.275884	304.677059	1.03713706	0.230786105	0	22.2	0	0	3
538	1380	404.775981	2.82676188	303.275617	303.718586	303.275617	304.677059	1.03911328	0.230786105	0	22.2	0	0	3
