Iteration	CPUTime	PhysTime	Travels	Value	AvValue	MinValue	MaxValue	Delta	Criteria	PrevAvRefValue	Progress	CriteriaType	CriteriaVarType	CriteriaPercentage
1	29	0.0162367046	0.00525420424	298.153558	298.153558	298.153558	298.153558	0	0	0	0	0	0	3
2	31	0.0324781022	0.0105084085	298.157165	298.155362	298.153558	298.157165	0.00180382494	0	0	0	0	0	3
3	33	0.0487542881	0.0157626127	298.160815	298.157183	298.153558	298.160815	0.00362419411	0	0	0	0	0	3
4	36	0.0652875332	0.021016817	298.164541	298.159046	298.153558	298.164541	0.00548774484	0	0	0	0	0	3
5	38	0.0837201606	0.0262710212	298.16871	298.161174	298.153558	298.16871	0.00761539134	0	0	0	0	0	3
6	40	0.132420249	0.0315252254	298.179651	298.167969	298.153558	298.179651	0.0144107857	0	0	0	0	0	3
7	42	0.336429492	0.0367794297	298.223654	298.201736	298.153558	298.223654	0.0481776078	0	0	0	0	0	3
8	46	1.67553863	0.0420336339	298.454171	298.403485	298.153558	298.454171	0.249926762	0	0	0	0	0	3
9	50	10.7473596	0.0472878381	299.05961	298.957318	298.153558	299.05961	0.803759872	0	0	0	0	0	3
10	55	44.8039731	0.0525420424	299.591503	299.439378	298.153558	299.591503	1.28581918	0	0	0	0	0	3
11	58	45.6867102	0.0577962466	299.628566	299.443033	298.153558	299.628566	1.2894746	0	0	0	0	0	3
12	61	46.3795552	0.0630504509	299.656644	299.446224	298.153558	299.656644	1.29266565	0	0	0	0	0	3
13	64	46.8586132	0.0683046551	299.675382	299.448567	298.153558	299.675382	1.29500844	0	0	0	0	0	3
14	66	47.2647115	0.0735588593	299.69073	299.450647	298.153558	299.69073	1.29708911	0	0	0	0	0	3
15	69	47.6243691	0.0788130636	299.703922	299.45256	298.153558	299.703922	1.29900182	0	0	0	0	0	3
16	72	48.1363147	0.0840672678	299.721603	299.455422	298.153558	299.721603	1.30186318	0	0	0	0	0	3
17	74	48.6168349	0.0893214721	299.737469	299.458209	298.153558	299.737469	1.30465088	0	0	0	0	0	3
18	77	49.0827006	0.0945756763	299.752216	299.461	298.153558	299.752216	1.30744143	0	0	0	0	0	3
19	79	49.5540243	0.0998298805	299.766497	299.463905	298.153558	299.766497	1.31034711	0	0	0	0	0	3
20	82	50.047109	0.105084085	299.780743	299.467027	298.153558	299.780743	1.31346872	0	0	0	0	0	3
21	85	50.8057684	0.110338289	299.800775	299.472011	298.153558	299.800775	1.31845242	0	0	0	0	0	3
22	87	51.5990821	0.115592493	299.820139	299.477363	298.153558	299.820139	1.32380474	0	0	0	0	0	3
23	90	52.4251184	0.120846697	299.838788	299.483058	298.153558	299.838788	1.32949953	0	0	0	0	0	3
24	93	53.2727271	0.126100902	299.856503	299.489	298.153558	299.856503	1.33544131	0	0	0	0	0	3
25	95	54.130989	0.131355106	299.873139	299.49509	298.153558	299.873139	1.34153195	0	0	0	0	0	3
26	98	55.4182895	0.13660931	299.895008	299.50438	298.153558	299.895008	1.35082157	0	0	0	0	0	3
27	101	56.6950026	0.141863514	299.914602	299.513618	298.153558	299.914602	1.36005935	0	0	0	0	0	3
28	104	57.9460995	0.147117719	299.932106	299.522653	298.153558	299.932106	1.36909481	0	0	0	0	0	3
29	107	59.1662014	0.152371923	299.947826	299.531421	298.153558	299.947826	1.37786255	0	0	0	0	0	3
30	110	60.355004	0.157626127	299.983699	299.540329	298.153558	299.983699	1.386771	0	0	0	0	0	3
31	113	61.8847727	0.162880331	300.088779	299.553887	298.153558	300.088779	1.40032848	0	0	0	0	0	3
32	116	63.379911	0.168134536	300.193064	299.568965	298.153558	300.193064	1.41540674	0	0	0	0	0	3
33	119	64.8470579	0.17338874	300.309163	299.585712	298.153558	300.309163	1.43215351	0	0	0	0	0	3
34	122	66.2896594	0.178642944	300.43588	299.604213	298.153558	300.43588	1.45065494	0	0	0	0	0	3
35	124	67.7108526	0.183897148	300.564641	299.624372	298.153558	300.564641	1.47081351	0	0	0	0	0	3
36	128	69.1116691	0.189151353	300.690821	299.645988	298.153558	300.690821	1.49242924	0	0	0	0	0	3
37	131	70.4936093	0.194405557	300.809952	299.668806	298.153558	300.809952	1.51524732	0	0	0	0	0	3
38	133	71.8566672	0.199659761	300.920653	299.692552	298.153558	300.920653	1.53899377	0	0	0	0	0	3
39	136	73.2023027	0.204913965	301.021596	299.716983	298.153558	301.021596	1.56342482	0	0	0	0	0	3
40	139	74.5301983	0.21016817	301.113335	299.741862	298.153558	301.113335	1.58830345	0	0	0	0	0	3
41	142	75.8411404	0.215422374	301.196541	299.767006	298.153558	301.196541	1.61344812	0	0	0	0	0	3
42	145	77.1354356	0.220676578	301.271071	299.792244	298.153558	301.271071	1.6386856	0	0	0	0	0	3
43	148	78.4134466	0.225930782	301.338593	299.817447	298.153558	301.338593	1.66388857	0	0	0	0	0	3
44	151	79.6755359	0.231184986	301.399433	299.842506	298.153558	301.399433	1.6889478	0	0	0	0	0	3
45	154	80.9223344	0.236439191	301.454275	299.867339	298.153558	301.454275	1.71378088	0	0	0	0	0	3
46	157	82.1541264	0.241693395	301.503884	299.891877	298.153558	301.503884	1.73831869	0	0	0	0	0	3
47	160	83.3718609	0.246947599	301.548997	299.916081	298.153558	301.548997	1.76252269	0	0	0	0	0	3
48	162	84.5752894	0.252201803	301.590083	299.939901	298.153558	301.590083	1.78634219	0	0	0	0	0	3
49	165	85.7659717	0.257456008	301.627738	299.963333	298.153558	301.627738	1.8097743	0	0	0	0	0	3
50	168	86.9434252	0.262710212	301.662338	299.986342	298.153558	301.662338	1.83278351	0	0	0	0	0	3
51	171	88.1093756	0.267964416	301.694259	300.008943	298.153558	301.694259	1.85538436	0	0	0	0	0	3
52	174	89.2629975	0.27321862	301.723729	300.031104	298.153558	301.723729	1.87754601	0	0	0	0	0	3
53	176	90.4060462	0.278472825	301.751166	300.052852	298.153558	301.751166	1.89929361	0	0	0	0	0	3
54	179	91.5377194	0.283727029	301.776684	300.074164	298.153558	301.776684	1.92060519	0	0	0	0	0	3
55	182	92.6598196	0.288981233	301.800603	300.095071	298.153558	301.800603	1.94151219	0	0	0	0	0	3
56	185	93.7715015	0.294235437	301.823008	300.115556	298.153558	301.823008	1.96199727	0	0	0	0	0	3
57	188	94.8744384	0.299489642	301.84411	300.13565	298.153558	301.84411	1.98209211	0	0	0	0	0	3
58	190	95.9676129	0.304743846	301.864029	300.155339	298.153558	301.864029	2.00178021	0	0	0	0	0	3
59	193	97.0527481	0.30999805	301.882922	300.174654	298.153558	301.882922	2.02109612	0	0	0	0	0	3
60	196	98.1287847	0.315252254	301.900833	300.193583	298.153558	301.900833	2.04002463	0	0	0	0	0	3
61	199	99.1976554	0.320506459	301.917888	300.212163	298.153558	301.917888	2.0586043	0	0	0	0	0	3
62	202	100.258183	0.325760663	301.934167	300.230378	298.153558	301.934167	2.0768196	0	0	0	0	0	3
63	204	101.311257	0.331014867	301.949748	300.24825	298.153558	301.949748	2.0946915	0	0	0	0	0	3
64	207	102.357164	0.336269071	301.964672	300.265789	298.153558	301.964672	2.11223026	0	0	0	0	0	3
65	210	103.395719	0.341523275	301.979024	300.282997	298.153558	301.979024	2.12943878	0	0	0	0	0	3
66	212	104.427781	0.34677748	301.992839	300.299896	298.153558	301.992839	2.14633719	0	0	0	0	0	3
67	215	105.453104	0.352031684	302.006181	300.316486	298.153558	302.006181	2.16292745	0	0	0	0	0	3
68	218	106.47211	0.357285888	302.019085	300.332781	298.153558	302.019085	2.1792224	0	0	0	0	0	3
69	221	107.484994	0.362540092	302.031595	300.348789	298.153558	302.031595	2.19523117	0	0	0	0	0	3
70	223	108.491859	0.367794297	302.043728	300.364519	298.153558	302.043728	2.21096115	0	0	0	0	0	3
71	226	109.493136	0.373048501	302.055527	300.379983	298.153558	302.055527	2.22642483	0	0	0	0	0	3
72	229	110.48873	0.378302705	302.067012	300.395185	298.153558	302.067012	2.24162634	0	0	0	0	0	3
73	231	111.478853	0.383556909	302.078216	300.410133	298.153558	302.078216	2.25657454	0	0	0	0	0	3
74	234	112.464077	0.388811114	302.089164	300.424842	298.153558	302.089164	2.27128343	0	0	0	0	0	3
75	237	113.443263	0.394065318	302.099854	300.4393	298.153558	302.099854	2.2857413	0	0	0	0	0	3
76	240	114.417958	0.399319522	302.110336	300.453535	298.153558	302.110336	2.29997639	0	0	0	0	0	3
77	242	115.386896	0.404573726	302.120592	300.467534	298.153558	302.120592	2.31397518	0	0	0	0	0	3
78	245	116.351776	0.409827931	302.130667	300.481326	298.153558	302.130667	2.32776718	0	0	0	0	0	3
79	248	117.311409	0.415082135	302.14055	300.494898	298.153558	302.14055	2.34134	0	0	0	0	0	3
80	251	118.267444	0.420336339	302.15028	300.50828	298.153558	302.15028	2.35472156	0	0	0	0	0	3
81	253	119.218561	0.425590543	302.159848	300.521456	298.153558	302.159848	2.36789765	0	0	0	0	0	3
82	256	120.16619	0.430844748	302.178939	300.534527	298.153558	302.178939	2.38096854	0	0	0	0	0	3
83	258	121.109036	0.436098952	302.248273	300.547869	298.153558	302.248273	2.39431022	0	0	0	0	0	3
84	261	122.048265	0.441353156	302.320286	300.561508	298.153558	302.320286	2.40794996	0	0	0	0	0	3
85	264	122.983322	0.44660736	302.405282	300.575527	298.153558	302.405282	2.42196838	0	0	0	0	0	3
86	267	123.91461	0.451861564	302.501396	300.590001	298.153558	302.501396	2.43644238	0	0	0	0	0	3
87	270	124.842341	0.457115769	302.603267	300.604962	298.153558	302.603267	2.4514034	0	0	0	0	0	3
88	273	125.765674	0.462369973	302.707387	300.620397	298.153558	302.707387	2.46683876	0	0	0	0	0	3
89	276	126.685654	0.467624177	302.809752	300.636296	298.153558	302.809752	2.48273766	0	0	0	0	0	3
90	278	127.600797	0.472878381	302.908285	300.652591	298.153558	302.908285	2.49903219	0	0	0	0	0	3
91	281	128.512689	0.478132586	303.002242	300.669263	298.153558	303.002242	2.51570469	0	0	0	0	0	3
92	284	129.420043	0.48338679	303.089999	300.686235	298.153558	303.089999	2.53267629	0	0	0	0	0	3
93	286	130.32358	0.488640994	303.172076	300.703469	298.153558	303.172076	2.54991069	0	0	0	0	0	3
94	289	131.223462	0.493895198	303.248409	300.720921	298.153558	303.248409	2.56736295	0	0	0	0	0	3
95	292	132.118622	0.499149403	303.319318	300.738527	298.153558	303.319318	2.5849682	0	0	0	0	0	3
96	295	133.010281	0.504403607	303.38524	300.756269	298.153558	303.38524	2.60271094	0	0	0	0	0	3
97	298	133.897049	0.509657811	303.446413	300.774403	298.157165	303.446413	2.6190411	0	0	0	0	0	3
98	300	134.779986	0.514912015	303.503265	300.7926	298.160815	303.503265	2.63541713	0	0	0	0	0	3
99	303	135.658406	0.52016622	303.55614	300.810817	298.164541	303.55614	2.65177047	0	0	0	0	0	3
100	306	136.532588	0.525420424	303.605332	300.829038	298.16871	303.605332	2.66786452	0	0	0	0	0	3
101	309	137.403119	0.530674628	303.651184	300.847286	298.179651	303.651184	2.6793171	0	0	0	0	0	3
102	312	138.268708	0.535928832	303.693938	300.866064	298.223654	303.693938	2.66432844	0	0	0	0	0	3
103	314	139.130761	0.541183037	303.733909	300.887761	298.454171	303.733909	2.48427549	0	0	0	0	0	3
104	317	139.988093	0.546437241	303.771299	300.929196	299.05961	303.771299	1.97187745	0	0	0	0	0	3
105	320	140.842276	0.551691445	303.806404	301.078458	299.591503	303.806404	1.63908004	0	0	0	0	0	3
106	322	141.692186	0.556945649	303.839375	301.625347	299.628566	303.839375	2.18231448	0	0	0	0	0	3
107	325	142.53944	0.562199853	303.870452	301.663186	299.656644	303.870452	2.2169624	0	0	0	0	0	3
108	328	143.382779	0.567454058	303.899763	301.696963	299.675382	303.899763	2.24839596	0	0	0	0	0	3
109	330	144.223358	0.572708262	303.927496	301.726166	299.69073	303.927496	2.27551881	0	0	0	0	0	3
110	333	145.060041	0.577962466	303.95376	301.753677	299.703922	303.95376	2.30111637	0	0	0	0	0	3
111	335	145.892958	0.58321667	303.978652	301.780037	299.721603	303.978652	2.32461573	0	0	0	0	0	3
112	338	146.722343	0.588470875	304.00234	301.809422	299.737469	304.00234	2.35121304	0	0	0	0	0	3
113	341	147.548949	0.593725079	304.024882	301.837997	299.752216	304.024882	2.37699689	0	0	0	0	0	3
114	343	148.371499	0.598979283	304.046402	301.866079	299.766497	304.046402	2.40217312	0	0	0	0	0	3
115	346	149.191393	0.604233487	304.067017	301.894121	299.780743	304.067017	2.42709439	0	0	0	0	0	3
116	348	150.007513	0.609487692	304.086755	301.922448	299.800775	304.086755	2.45043717	0	0	0	0	0	3
117	351	150.821518	0.614741896	304.10579	301.956311	299.820139	304.10579	2.47894832	0	0	0	0	0	3
118	354	151.631739	0.6199961	304.124055	301.99081	299.838788	304.124055	2.50775233	0	0	0	0	0	3
119	356	152.440835	0.625250304	304.141706	302.025984	299.856503	304.141706	2.5369843	0	0	0	0	0	3
120	359	153.245536	0.630504509	304.158732	302.061545	299.873139	304.158732	2.5664543	0	0	0	0	0	3
121	361	154.049107	0.635758713	304.175146	302.09734	299.895008	304.175146	2.59296053	0	0	0	0	0	3
122	364	154.848083	0.641012917	304.191031	302.142678	299.914602	304.191031	2.62905997	0	0	0	0	0	3
123	367	155.646418	0.646267121	304.206505	302.188076	299.932106	304.206505	2.66542295	0	0	0	0	0	3
124	369	156.443696	0.651521326	304.221554	302.233191	299.947826	304.221554	2.70176986	0	0	0	0	0	3
125	372	157.240514	0.65677553	304.236222	302.277896	299.983699	304.236222	2.73756657	0	0	0	0	0	3
126	374	158.035365	0.662029734	304.25056	302.321869	300.088779	304.25056	2.76798234	0	0	0	0	0	3
127	377	158.827885	0.667283938	304.264528	302.372989	300.193064	304.264528	2.80402382	0	0	0	0	0	3
128	379	159.617132	0.672538143	304.278212	302.422481	300.309163	304.278212	2.83676913	0	0	0	0	0	3
129	382	160.404378	0.677792347	304.291556	302.470326	300.43588	304.291556	2.86611301	0	0	0	0	0	3
130	384	161.188516	0.683046551	304.304626	302.516409	300.564641	304.304626	2.89203761	0	0	0	0	0	3
131	387	161.97083	0.688300755	304.317444	302.560785	300.690821	304.317444	2.91479718	0	0	0	0	0	3
132	390	162.747933	0.693554959	304.33	302.603443	300.809952	304.33	2.93463713	0	0	0	0	0	3
133	392	163.535396	0.698809164	304.342502	302.6448	300.920653	304.342502	2.95224781	0	0	0	0	0	3
134	395	164.311637	0.704063368	304.354641	302.684575	301.021596	304.354641	2.96759136	0	0	0	0	0	3
135	397	165.092032	0.709317572	304.366698	302.723213	301.113335	304.366698	2.98135127	0	0	0	0	0	3
136	399	165.858274	0.714571776	304.378394	302.760507	301.196541	304.378394	2.99350093	0	0	0	0	0	3
137	402	166.639231	0.719825981	304.390164	302.797105	301.271071	304.390164	3.0048607	0	0	0	0	0	3
138	404	167.407477	0.725080185	304.401608	302.832639	301.338593	304.401608	3.01519244	0	0	0	0	0	3
139	407	168.182998	0.730334389	304.41304	302.867563	301.399433	304.41304	3.01360701	0	0	0	0	0	3
140	409	168.939097	0.735588593	304.424099	302.901505	301.454275	304.424099	2.96982436	0	0	0	0	0	3
141	412	169.71173	0.740842798	304.435304	302.935174	301.503884	304.435304	2.93142065	0	0	0	0	0	3
142	414	170.46465	0.746097002	304.446127	302.96802	301.548997	304.446127	2.89712976	0	0	0	0	0	3
143	417	171.233429	0.751351206	304.457088	303.000717	301.590083	304.457088	2.86700525	0	0	0	0	0	3
144	419	171.98159	0.75660541	304.467676	303.032695	301.627738	304.467676	2.83993765	0	0	0	0	0	3
145	422	172.746519	0.761859615	304.478411	303.064642	301.662338	304.478411	2.81607292	0	0	0	0	0	3
146	424	173.490658	0.767113819	304.4888	303.095965	301.694259	304.4888	2.79454093	0	0	0	0	0	3
147	426	174.251597	0.772368023	304.499362	303.127334	301.723729	304.499362	2.77563279	0	0	0	0	0	3
148	429	174.991797	0.777622227	304.509569	303.158156	301.751166	304.509569	2.7584025	0	0	0	0	0	3
149	431	175.748755	0.782876432	304.519937	303.18908	301.776684	304.519937	2.74325379	0	0	0	0	0	3
150	434	176.485066	0.788130636	304.529984	303.219518	301.800603	304.529984	2.72938036	0	0	0	0	0	3
151	436	177.237932	0.79338484	304.540196	303.250099	301.823008	304.540196	2.71718802	0	0	0	0	0	3
152	439	177.970544	0.798639044	304.550092	303.280252	301.84411	304.550092	2.70598133	0	0	0	0	0	3
153	441	178.7196	0.803893248	304.560152	303.310578	301.864029	304.560152	2.69612338	0	0	0	0	0	3
154	443	179.449263	0.809147453	304.569919	303.340528	301.882922	304.569919	2.68699651	0	0	0	0	0	3
155	446	180.194906	0.814401657	304.59153	303.370771	301.900833	304.59153	2.69069694	0	0	0	0	0	3
156	448	180.921696	0.819655861	304.648613	303.401093	301.917888	304.648613	2.73072504	0	0	0	0	0	3
157	451	181.664345	0.824910065	304.710752	303.432111	301.934167	304.710752	2.776585	0	0	0	0	0	3
158	453	182.38801	0.83016427	304.78299	303.463357	301.949748	304.78299	2.83324242	0	0	0	0	0	3
159	456	183.127942	0.835418474	304.866945	303.495532	301.964672	304.866945	2.90227245	0	0	0	0	0	3
160	459	183.848217	0.840672678	304.955921	303.528088	301.979024	304.955921	2.9768978	0	0	0	0	0	3
161	461	184.585145	0.845926882	305.049076	303.561709	301.992839	305.049076	3.05623661	0	0	0	0	0	3
162	464	185.301945	0.851181087	305.14001	303.595718	302.006181	305.14001	3.13382902	0	0	0	0	0	3
163	466	186.035498	0.856435291	305.231425	303.630834	302.019085	305.231425	3.21234011	0	0	0	0	0	3
164	469	186.748391	0.861689495	305.316936	303.666266	302.031595	305.316936	3.2853412	0	0	0	0	0	3
165	471	187.478604	0.866943699	305.400427	303.702795	302.043728	305.400427	3.33827508	0	0	0	0	0	3
166	474	188.187669	0.872197904	305.477711	303.739547	302.055527	305.477711	3.35956349	0	0	0	0	0	3
167	476	188.914413	0.877452108	305.552727	303.777369	302.067012	305.552727	3.38218418	0	0	0	0	0	3
168	479	189.620192	0.882706312	305.6219	303.815339	302.078216	305.6219	3.4052064	0	0	0	0	0	3
169	481	190.343207	0.887960516	305.688867	303.854325	302.089164	305.688867	3.42948284	0	0	0	0	0	3
170	484	191.045551	0.893214721	305.750444	303.893403	302.099854	305.750444	3.45410298	0	0	0	0	0	3
171	487	191.765119	0.898468925	305.809925	303.933433	302.110336	305.809925	3.47989866	0	0	0	0	0	3
172	489	192.463852	0.903723129	305.864622	303.973491	302.120592	305.864622	3.50595772	0	0	0	0	0	3
173	491	193.180126	0.908977333	305.917462	304.014469	302.130667	305.917462	3.53314306	0	0	0	0	0	3
174	494	193.8754	0.914231537	305.966062	304.055418	302.14055	305.966062	3.5605195	0	0	0	0	0	3
175	496	194.588091	0.919485742	306.013079	304.097252	302.15028	306.013079	3.58897174	0	0	0	0	0	3
176	499	195.279719	0.924739946	306.056349	304.139016	302.159848	306.056349	3.61755965	0	0	0	0	0	3
177	501	195.989061	0.92999415	306.098315	304.181639	302.178939	306.098315	3.64711233	0	0	0	0	0	3
178	504	196.676677	0.935248354	306.136976	304.224017	302.248273	306.136976	3.67614834	0	0	0	0	0	3
179	506	197.382426	0.940502559	306.174579	304.266488	302.320286	306.174579	3.70497989	0	0	0	0	0	3
180	509	198.066794	0.945756763	306.209301	304.308024	302.405282	306.209301	3.73249776	0	0	0	0	0	3
181	511	198.768919	0.951010967	306.243145	304.349429	302.501396	306.243145	3.74174911	0	0	0	0	0	3
182	514	199.450243	0.956265171	306.274494	304.389578	302.603267	306.274494	3.67122676	0	0	0	0	0	3
183	517	200.149165	0.961519376	306.305116	304.429362	302.707387	306.305116	3.59772945	0	0	0	0	0	3
184	519	200.827531	0.96677358	306.333569	304.467753	302.809752	306.333569	3.52381736	0	0	0	0	0	3
185	521	201.523257	0.972027784	306.361447	304.505739	302.908285	306.361447	3.45316242	0	0	0	0	0	3
186	524	202.198439	0.977281988	306.387427	304.542368	303.002242	306.387427	3.38518546	0	0	0	0	0	3
187	526	202.89099	0.982536193	306.412974	304.578667	303.089999	306.412974	3.32297523	0	0	0	0	0	3
188	529	203.563001	0.987790397	306.436846	304.613728	303.172076	306.436846	3.26477045	0	0	0	0	0	3
189	531	204.252351	0.993044601	306.4604	304.648566	303.248409	306.4604	3.21199099	0	0	0	0	0	3
190	534	204.9211	0.998298805	306.482442	304.682304	303.319318	306.482442	3.16312364	0	0	0	0	0	3
191	536	205.607491	1.00355301	306.504265	304.715924	303.38524	306.504265	3.11902592	0.250303515	0	8	0	0	3
192	539	206.273191	1.00880721	306.524766	304.748555	303.446413	306.524766	3.07835267	0.250918532	0	8.1	0	0	3
193	541	206.956641	1.01406142	306.545169	304.781167	303.503265	306.545169	3.04190403	0.25122458	0	8.2	0	0	3
194	544	207.619536	1.01931562	306.564383	304.812886	303.55614	306.564383	3.00824314	0.251481466	0	8.3	0	0	3
195	546	208.299755	1.02456983	306.583475	304.844663	303.605332	306.583475	2.9781431	0.251721841	0	8.4	0	0	3
196	549	208.959801	1.02982403	306.601514	304.875632	303.651184	306.601514	2.95032975	0.251908649	0	8.5	0	0	3
197	551	209.636941	1.03507823	306.619514	304.906736	303.693938	306.619514	2.92557621	0.251903176	0	8.6	0	0	3
198	554	210.294379	1.04033244	306.636611	304.937101	303.733909	306.636611	2.90270112	0.250984605	0	8.6	0	0	3
199	556	210.968644	1.04558664	306.653688	304.967651	303.771299	306.653688	2.88238953	0.250303515	0	8.6	0	0	3
200	559	211.623549	1.05084085	306.669937	304.997532	303.806404	306.669937	2.86353384	0.250303515	0	8.7	0	0	3
201	562	212.295389	1.05609505	306.686215	305.027649	303.839375	306.686215	2.84683907	0.250303515	0	8.7	0	0	3
202	564	212.947526	1.06134926	306.701722	305.057143	303.870452	306.701722	2.83127065	0.250303515	0	8.8	0	0	3
203	567	213.61693	1.06660346	306.71728	305.086924	303.899763	306.71728	2.81751716	0.250303515	0	8.8	0	0	3
204	569	214.266368	1.07185766	306.732113	305.116122	303.927496	306.732113	2.80461749	0.250303515	0	8.9	0	0	3
205	572	214.933131	1.07711187	306.747043	305.145631	303.95376	306.747043	2.7932831	0.250303515	0	8.9	0	0	3
206	574	215.57996	1.08236607	306.761318	305.174591	303.978652	306.761318	2.78266607	0.250303515	0	8.9	0	0	3
207	576	216.244082	1.08762028	306.775717	305.203865	304.00234	306.775717	2.77337627	0.250303515	0	9	0	0	3
208	579	216.888495	1.09287448	306.789501	305.23263	304.024882	306.789501	2.76461893	0.250303515	0	9	0	0	3
209	581	217.550156	1.09812869	306.803412	305.261739	304.046402	306.803412	2.75701026	0.250303515	0	9	0	0	3
210	584	218.191919	1.10338289	306.816746	305.29035	304.067017	306.816746	2.74972929	0.250303515	0	9.1	0	0	3
211	586	218.851333	1.10863709	306.830256	305.319326	304.086755	306.830256	2.74350075	0.250303515	0	9.1	0	0	3
212	589	219.490515	1.1138913	306.843209	305.347821	304.10579	306.843209	2.73741889	0.250303515	0	9.1	0	0	3
213	591	220.147705	1.1191455	306.856354	305.376705	304.124055	306.856354	2.73229896	0.250303515	0	9.1	0	0	3
214	594	220.784634	1.12439971	306.868986	305.405126	304.141706	306.868986	2.72728038	0.250303515	0	9.1	0	0	3
215	596	221.439106	1.12965391	306.881782	305.433948	304.158732	306.881782	2.72305012	0.250303515	0	9.1	0	0	3
216	598	222.073834	1.13490812	306.894117	305.462323	304.175146	306.894117	2.718971	0.250303515	0	9.2	0	0	3
217	601	222.725681	1.14016232	306.90666	305.491093	304.191031	306.90666	2.71562882	0.250303515	0	9.2	0	0	3
218	603	223.358369	1.14541652	306.918725	305.519438	304.206505	306.918725	2.71222001	0.250303515	0	9.2	0	0	3
219	606	224.007905	1.15067073	306.931018	305.548183	304.221554	306.931018	2.70946428	0.250303515	0	9.2	0	0	3
220	608	224.638372	1.15592493	306.942849	305.576587	304.236222	306.942849	2.70662698	0.250303515	0	9.2	0	0	3
221	611	225.285751	1.16117914	306.954896	305.605396	304.25056	306.954896	2.70433589	0.250303515	0	9.2	0	0	3
222	613	225.913901	1.16643334	306.966514	305.633857	304.264528	306.966514	2.70198558	0.250303515	0	9.2	0	0	3
223	616	226.559322	1.17168755	306.978368	305.662691	304.278212	306.978368	2.70015575	0.250303515	0	9.2	0	0	3
224	618	227.185205	1.17694175	306.989809	305.691156	304.291556	306.989809	2.69825347	0.250303515	0	9.2	0	0	3
225	620	227.828458	1.18219595	307.001472	305.719999	304.304626	307.001472	2.69684556	0.250303515	0	9.2	0	0	3
226	623	228.452279	1.18745016	307.012747	305.748488	304.317444	307.012747	2.69530329	0.250303515	0	9.2	0	0	3
227	625	229.093319	1.19270436	307.024248	305.77735	304.33	307.024248	2.69424743	0.250303515	0	9.2	0	0	3
228	628	229.715262	1.19795857	307.035366	305.805829	304.342502	307.035366	2.69286458	0.250303515	0	9.2	0	0	3
229	630	230.353941	1.20321277	307.046716	305.834936	304.354641	307.046716	2.69207484	0.250303515	0	9.2	0	0	3
230	632	230.973836	1.20846697	307.057699	305.863543	304.366698	307.057699	2.691001	0.250303515	0	9.3	0	0	3
231	635	231.610483	1.21372118	307.068912	305.892641	304.378394	307.068912	2.69051837	0.250303515	0	9.3	0	0	3
232	637	232.228511	1.21897538	307.079765	305.921177	304.390164	307.079765	2.68960134	0.250303515	0	9.3	0	0	3
233	640	232.863238	1.22422959	307.090855	305.950443	304.401608	307.090855	2.68924666	0.250303515	0	9.3	0	0	3
234	642	233.479548	1.22948379	307.101605	305.979189	304.41304	307.101605	2.68856491	0.250303515	0	9.3	0	0	3
235	645	234.112221	1.234738	307.112583	306.008488	304.424099	307.112583	2.68848394	0.250303515	0	9.3	0	0	3
236	647	234.726528	1.2399922	307.123211	306.037107	304.435304	307.123211	2.68790645	0.250303515	0	9.3	0	0	3
237	649	235.357203	1.2452464	307.134082	306.066499	304.446127	307.134082	2.68795558	0.250303515	0	9.3	0	0	3
238	652	235.969665	1.25050061	307.144615	306.095204	304.457088	307.144615	2.68752753	0.250303515	0	9.3	0	0	3
239	654	236.598192	1.25575481	307.155373	306.124664	304.467676	307.155373	2.68769745	0.250303515	0	9.3	0	0	3
240	657	237.208788	1.26100902	307.165808	306.153416	304.478411	307.165808	2.68739762	0.250303515	0	9.3	0	0	3
241	659	237.835358	1.26626322	307.176473	306.182949	304.4888	307.176473	2.68767343	0.250303515	0	9.3	0	0	3
242	661	238.444025	1.27151743	307.186816	306.211766	304.499362	307.186816	2.68745429	0.250303515	0	9.3	0	0	3
243	664	239.068774	1.27677163	307.197397	306.241369	304.509569	307.197397	2.68782811	0.250303515	0	9.3	0	0	3
244	666	239.675689	1.28202583	307.207668	306.270253	304.519937	307.207668	2.68773064	0.250303515	0	9.3	0	0	3
245	669	240.298631	1.28728004	307.198969	306.299741	304.529984	307.207668	2.67768423	0.250303515	0	9.3	0	0	3
246	671	240.903761	1.29253424	307.167685	306.328123	304.540196	307.207668	2.66747193	0.250303515	0	9.3	0	0	3
247	674	241.524949	1.29778845	307.12976	306.356807	304.550092	307.207668	2.6575762	0.250303515	0	9.4	0	0	3
248	676	242.128416	1.30304265	307.08177	306.384257	304.560152	307.207668	2.64751549	0.250303515	0	9.4	0	0	3
249	679	242.748015	1.30829686	307.023927	306.411787	304.569919	307.207668	2.63774911	0.250303515	0	9.4	0	0	3
250	681	243.349732	1.31355106	306.9627	306.438006	304.59153	307.207668	2.61613774	0.250303515	0	9.5	0	0	3
251	684	243.967796	1.31880526	306.89723	306.464046	304.648613	307.207668	2.55905472	0.250303515	0	9.7	0	0	3
252	686	244.567764	1.32405947	306.833617	306.488261	304.710752	307.207668	2.49691577	0.250303515	0	10	0	0	3
253	689	245.184859	1.32931367	306.769648	306.511776	304.78299	307.207668	2.4246778	0.250303515	0	10.3	0	0	3
254	691	245.783159	1.33456788	306.709443	306.533376	304.866945	307.207668	2.34072308	0.250303515	0	10.6	0	0	3
255	694	246.399695	1.33982208	306.650816	306.554009	304.955921	307.207668	2.25174658	0.250303515	0	11.1	0	0	3
256	696	246.9964	1.34507629	306.597181	306.572644	305.049076	307.207668	2.15859219	0.250303515	0	11.5	0	0	3
257	699	247.612088	1.35033049	306.545395	306.590192	305.14001	307.207668	2.06765834	0.250303515	0	12.1	0	0	3
258	701	248.207087	1.35558469	306.49842	306.605849	305.231425	307.207668	1.9762427	0.250303515	0	12.6	0	0	3
259	704	248.821689	1.3608389	306.453257	306.620413	305.316936	307.207668	1.89073171	0.250303515	0	13.2	0	0	3
260	706	249.41572	1.3660931	306.412489	306.63327	305.400427	307.207668	1.80724111	0.250303515	0	13.8	0	0	3
261	709	250.029162	1.37134731	306.373482	306.645115	305.477711	307.207668	1.72995687	0.250303515	0	14.4	0	0	3
262	711	250.621859	1.37660151	306.33847	306.655462	305.552727	307.207668	1.65494094	0.250303515	0	15.1	0	0	3
263	714	251.234262	1.38185571	306.305102	306.664879	305.6219	307.207668	1.58576765	0.250303515	0	15.7	0	0	3
264	716	251.828142	1.38710992	306.275173	306.672991	305.688867	307.207668	1.51880064	0.250303515	0	16.4	0	0	3
265	719	252.439574	1.39236412	306.246864	306.680254	305.750444	307.207668	1.45722361	0.250303515	0	17.1	0	0	3
266	721	253.033342	1.39761833	306.221586	306.686396	305.809925	307.207668	1.39774345	0.250303515	0	17.9	0	0	3
267	724	253.643952	1.40287253	306.19778	306.691766	305.864622	307.207668	1.34304561	0.250303515	0	18.6	0	0	3
268	726	254.235578	1.40812674	306.176599	306.696188	305.917462	307.207668	1.29020624	0.250303515	0	19.4	0	0	3
269	729	254.845577	1.41338094	306.156682	306.699897	305.966062	307.207668	1.2416063	0.250303515	0	20.1	0	0	3
270	731	255.435307	1.41863514	306.139067	306.702812	306.013079	307.207668	1.19458931	0.250303515	0	20.9	0	0	3
271	734	256.044616	1.42388935	306.122606	306.705059	306.056349	307.207668	1.151319	0.250303515	0	21.7	0	0	3
272	736	256.63481	1.42914355	306.108095	306.706629	306.098315	307.207668	1.10935313	0.250303515	0	22.5	0	0	3
273	739	257.24339	1.43439776	306.094594	306.707592	306.094594	307.207668	1.11307402	0.250303515	0	22.4	0	0	3
274	741	257.833535	1.43965196	306.082749	306.707979	306.082749	307.207668	1.12491863	0.250303515	0	22.2	0	0	3
275	744	258.441225	1.44490617	306.071824	306.707813	306.071824	307.207668	1.1358441	0.250303515	0	22	0	0	3
276	746	259.030098	1.45016037	306.062344	306.707174	306.062344	307.207668	1.1453244	0.250303515	0	21.8	0	0	3
277	748	259.636298	1.45541457	306.053696	306.706018	306.053696	307.207668	1.15397243	0.250303515	0	21.6	0	0	3
278	751	260.222841	1.46066878	306.046282	306.704489	306.046282	307.207668	1.16138601	0.250303515	0	21.5	0	0	3
279	753	260.828128	1.46592298	306.039598	306.702457	306.039598	307.207668	1.16806962	0.250303515	0	21.4	0	0	3
280	756	261.414697	1.47117719	306.033949	306.700115	306.033949	307.207668	1.17371894	0.250303515	0	21.3	0	0	3
281	758	262.019333	1.47643139	306.028951	306.697301	306.028951	307.207668	1.17871673	0.250303515	0	21.2	0	0	3
282	761	262.605403	1.4816856	306.024822	306.694241	306.024822	307.207668	1.1828462	0.250303515	0	21.1	0	0	3
283	763	263.208977	1.4869398	306.02129	306.690736	306.02129	307.207668	1.18637763	0.250303515	0	21	0	0	3
284	765	263.795253	1.492194	306.01848	306.687025	306.01848	307.207668	1.18918836	0.250303515	0	21	0	0	3
285	768	264.39756	1.49744821	306.016199	306.682905	306.016199	307.207668	1.19146847	0.250303515	0	21	0	0	3
286	770	264.98103	1.50270241	306.014538	306.678644	306.014538	307.207668	1.19313043	0.250303515	0	20.9	0	0	3
287	773	265.582259	1.50795662	306.013375	306.673971	306.013375	307.207668	1.19429325	0.250303515	0	20.9	0	0	3
288	775	266.163879	1.51321082	306.012728	306.669207	306.012728	307.207668	1.19493951	0.250303515	0	20.9	0	0	3
289	777	266.764428	1.51846502	306.012542	306.664031	306.012542	307.207668	1.19512564	0.250303515	0	20.9	0	0	3
290	780	267.346126	1.52371923	306.012776	306.658794	306.012542	307.207668	1.19512564	0.250303515	0	20.9	0	0	3
291	782	267.945797	1.52897343	306.013444	306.653165	306.012542	307.207668	1.19512564	0.250303515	0	20.9	0	0	3
292	785	268.527045	1.53422764	306.014444	306.647505	306.012542	307.207668	1.19512564	0.250303515	0	20.9	0	0	3
293	787	269.125456	1.53948184	306.015827	306.641469	306.012542	307.207668	1.19512564	0.250303515	0	20.9	0	0	3
294	790	269.70695	1.54473605	306.017474	306.635416	306.012542	307.207668	1.19512564	0.250303515	0	20.9	0	0	3
295	792	270.304368	1.54999025	306.019408	306.629006	306.012542	307.207668	1.19512564	0.250303515	0	20.9	0	0	3
296	794	270.883235	1.55524445	306.021615	306.62262	306.012542	307.207668	1.19512564	0.250303515	0	20.9	0	0	3
297	797	271.479687	1.56049866	306.02412	306.615867	306.012542	307.207668	1.19512564	0.250303515	0	20.9	0	0	3
298	800	272.058616	1.56575286	306.026788	306.60915	306.012542	307.207668	1.19512564	0.250303515	0	20.9	0	0	3
299	802	272.654112	1.57100707	306.029771	306.60208	306.012542	307.207668	1.19512564	0.250303515	0	20.9	0	0	3
300	804	273.231767	1.57626127	306.032901	306.595072	306.012542	307.207668	1.19512564	0.250303515	0	20.9	0	0	3
301	808	273.826268	1.58151548	306.036346	306.587711	306.012542	307.207668	1.19512564	0.250303515	0	20.9	0	0	3
302	810	274.403918	1.58676968	306.03988	306.580423	306.012542	307.207668	1.19512564	0.250303515	0	20.9	0	0	3
303	812	274.997369	1.59202388	306.043712	306.572794	306.012542	307.207668	1.19512564	0.250303515	0	20.9	0	0	3
304	815	275.572247	1.59727809	306.047562	306.565269	306.012542	307.207668	1.19512564	0.250303515	0	20.9	0	0	3
305	817	276.165263	1.60253229	306.051653	306.557384	306.012542	307.207668	1.19512564	0.250303515	0	20.9	0	0	3
306	820	276.740921	1.6077865	306.055818	306.54961	306.012542	307.207668	1.19512564	0.250303515	0	20.9	0	0	3
307	822	277.333104	1.6130407	306.060237	306.54149	306.012542	307.207668	1.19512564	0.250303515	0	20.9	0	0	3
308	824	277.907029	1.61829491	306.064606	306.533504	306.012542	307.207668	1.19512564	0.250303515	0	20.9	0	0	3
309	827	278.498155	1.62354911	306.069232	306.525164	306.012542	307.207668	1.19512564	0.250303515	0	20.9	0	0	3
310	829	279.072202	1.62880331	306.073841	306.516962	306.012542	307.207668	1.19512564	0.250303515	0	20.9	0	0	3
311	832	279.66218	1.63405752	306.078656	306.50842	306.012542	307.207668	1.19512564	0.250303515	0	20.9	0	0	3
312	834	280.233785	1.63931172	306.083406	306.500033	306.012542	307.207668	1.19512564	0.250303515	0	20.9	0	0	3
313	837	280.822933	1.64456593	306.08842	306.491297	306.012542	307.207668	1.18854033	0.250303515	0	21	0	0	3
314	839	281.395206	1.64982013	306.093375	306.482714	306.012542	307.207668	1.15979559	0.250303515	0	21.5	0	0	3
315	841	281.983653	1.65507434	306.098533	306.473792	306.012542	307.207668	1.13139187	0.250303515	0	22.1	0	0	3
316	844	282.555151	1.66032854	306.103608	306.465033	306.012542	307.207668	1.10258288	0.250303515	0	22.7	0	0	3
317	847	283.142924	1.66558274	306.108914	306.455934	306.012542	307.207668	1.07412206	0.250303515	0	23.3	0	0	3
318	851	283.713708	1.67083695	306.114104	306.447009	306.012542	307.207668	1.04528764	0.250303515	0	23.9	0	0	3
319	855	284.300545	1.67609115	306.119532	306.437742	306.012542	307.207668	1.01682278	0.250303515	0	24.6	0	0	3
320	858	284.868435	1.68134536	306.12484	306.428671	306.012542	307.207668	0.987980039	0.250303515	0	25.3	0	0	3
321	860	285.45431	1.68659956	306.130367	306.419244	306.012542	307.207668	0.959490853	0.250303515	0	26	0	0	3
322	863	286.023159	1.69185376	306.135803	306.410013	306.012542	307.207668	0.930628113	0.250303515	0	26.8	0	0	3
323	865	286.608424	1.69710797	306.141406	306.400433	306.012542	307.207668	0.902149238	0.250303515	0	27.7	0	0	3
324	868	287.176652	1.70236217	306.146882	306.391054	306.012542	307.207668	0.873042883	0.250303515	0	28.6	0	0	3
325	870	287.761304	1.70761638	306.15256	306.38133	306.012542	307.207668	0.844435228	0.250303515	0	29.6	0	0	3
326	872	288.328513	1.71287058	306.158128	306.371813	306.012542	307.207668	0.815337623	0.250303515	0	30.6	0	0	3
327	875	288.912405	1.71812479	306.163905	306.361949	306.012542	307.207668	0.786801412	0.250303515	0	31.8	0	0	3
328	877	289.47708	1.72337899	306.169539	306.352302	306.012542	307.207668	0.757535854	0.250303515	0	33	0	0	3
329	880	290.060399	1.72863319	306.175342	306.342302	306.012542	307.207668	0.728789104	0.250303515	0	34.3	0	0	3
330	882	290.625968	1.7338874	306.180983	306.332516	306.012542	307.207668	0.699490266	0.250303515	0	35.7	0	0	3
331	884	291.208334	1.7391416	306.186865	306.322387	306.012542	307.207668	0.670871783	0.250303515	0	37.3	0	0	3
332	887	291.772902	1.74439581	306.192592	306.312479	306.012542	307.207668	0.641479957	0.250303515	0	39	0	0	3
333	889	292.354136	1.74965001	306.198489	306.302225	306.012542	307.207668	0.612775038	0.250303515	0	40.8	0	0	3
334	892	292.918126	1.75490422	306.204245	306.292195	306.012542	307.207668	0.583314297	0.250303515	0	42.9	0	0	3
335	894	293.498571	1.76015842	306.210165	306.281823	306.012542	307.207668	0.55456229	0.250303515	0	45.1	0	0	3
336	896	294.061683	1.76541262	306.215962	306.271677	306.012542	307.207668	0.525029161	0.250303515	0	47.6	0	0	3
337	899	294.641015	1.77066683	306.221929	306.26119	306.012542	307.207668	0.496213048	0.250303515	0	50.4	0	0	3
338	901	295.203062	1.77592103	306.227702	306.250932	306.012542	307.207668	0.466609686	0.250303515	0	53.6	0	0	3
339	903	295.781525	1.78117524	306.233692	306.24033	306.012542	307.207668	0.467648561	0.250303515	0	53.5	0	0	3
340	906	296.342865	1.78642944	306.239499	306.229961	306.012542	307.198969	0.47801714	0.250303515	0	52.3	0	0	3
341	908	296.92058	1.79168365	306.245509	306.219459	306.012542	307.167685	0.48851931	0.250303515	0	51.2	0	0	3
342	910	297.481028	1.79693785	306.251346	306.209633	306.012542	307.12976	0.498345333	0.250303515	0	50.2	0	0	3
343	913	298.057665	1.80219205	306.257331	306.200009	306.012542	307.08177	0.507969275	0.250303515	0	49.2	0	0	3
344	915	298.617143	1.80744626	306.263171	306.191215	306.012542	307.023927	0.516763542	0.250303515	0	48.4	0	0	3
345	918	299.194285	1.81270046	306.269229	306.182872	306.012542	306.9627	0.525106384	0.250303515	0	47.6	0	0	3
346	920	299.751495	1.81795467	306.275089	306.175464	306.012542	306.89723	0.532514865	0.250303515	0	47	0	0	3
347	923	300.327288	1.82320887	306.259319	306.168405	306.012542	306.833617	0.539573376	0.250303515	0	46.3	0	0	3
348	925	300.885475	1.82846307	306.225619	306.161886	306.012542	306.769648	0.546093	0.250303515	0	45.8	0	0	3
349	928	301.460325	1.83371728	306.184732	306.155454	306.012542	306.709443	0.552524101	0.250303515	0	45.3	0	0	3
350	930	302.017737	1.83897148	306.13518	306.149359	306.012542	306.650816	0.558619151	0.250303515	0	44.8	0	0	3
351	933	302.591764	1.84422569	306.076273	306.143111	306.012542	306.597181	0.564867712	0.250303515	0	44.3	0	0	3
352	935	303.148727	1.84947989	306.013702	306.137002	306.012542	306.545395	0.532853005	0.250303515	0	46.9	0	0	3
353	938	303.721981	1.8547341	305.947307	306.130583	305.947307	306.49842	0.551112746	0.250303515	0	45.4	0	0	3
354	940	304.277983	1.8599883	305.882314	306.124218	305.882314	306.453257	0.570942779	0.250303515	0	43.8	0	0	3
355	943	304.85021	1.8652425	305.816538	306.117466	305.816538	306.412489	0.590512717	0.250303515	0	42.3	0	0	3
356	945	305.40537	1.87049671	305.754804	306.11074	305.754804	306.373482	0.597238741	0.250303515	0	41.9	0	0	3
357	948	305.976981	1.87575091	305.693954	306.103601	305.693954	306.33847	0.604377821	0.250303515	0	41.4	0	0	3
358	950	306.531555	1.88100512	305.637571	306.096488	305.637571	306.305102	0.611490266	0.250303515	0	40.9	0	0	3
359	953	307.102389	1.88625932	305.583046	306.088955	305.583046	306.275173	0.619023108	0.250303515	0	40.4	0	0	3
360	955	307.656073	1.89151353	305.533291	306.081464	305.533291	306.275089	0.626514935	0.250303515	0	39.9	0	0	3
361	958	308.226113	1.89676773	305.485304	306.073559	305.485304	306.275089	0.634419463	0.250303515	0	39.4	0	0	3
362	960	308.779346	1.90202193	305.441614	306.065711	305.441614	306.275089	0.642267675	0.250303515	0	38.9	0	0	3
363	963	309.349214	1.90727614	305.399597	306.057449	305.399597	306.275089	0.650529729	0.250303515	0	38.4	0	0	3
364	965	309.902291	1.91253034	305.36136	306.049267	305.36136	306.275089	0.658712048	0.250303515	0	37.9	0	0	3
365	968	310.471763	1.91778455	305.324595	306.04067	305.324595	306.275089	0.667308786	0.250303515	0	37.5	0	0	3
366	970	311.024078	1.92303875	305.291205	306.032179	305.291205	306.275089	0.675799151	0.250303515	0	37	0	0	3
367	972	311.592654	1.92829296	305.259221	306.023276	305.259221	306.275089	0.684702838	0.250303515	0	36.5	0	0	3
368	975	312.144263	1.93354716	305.230241	306.014493	305.230241	306.275089	0.693485223	0.250303515	0	36	0	0	3
369	978	312.712461	1.93880136	305.202474	306.005297	305.202474	306.275089	0.702681962	0.250303515	0	35.6	0	0	3
370	981	313.26391	1.94405557	305.17735	305.996235	305.17735	306.275089	0.711577366	0.250303515	0	35.1	0	0	3
371	983	313.831916	1.94930977	305.153337	305.986762	305.153337	306.275089	0.720411538	0.250303515	0	34.7	0	0	3
372	985	314.3829	1.95456398	305.131662	305.977447	305.131662	306.275089	0.728571808	0.250303515	0	34.3	0	0	3
373	988	314.950246	1.95981818	305.11095	305.967723	305.11095	306.275089	0.736765396	0.250303515	0	33.9	0	0	3
374	990	315.500549	1.96507239	305.092277	305.958175	305.092277	306.275089	0.744281932	0.250303515	0	33.6	0	0	3
375	993	316.067347	1.97032659	305.074504	305.948215	305.074504	306.275089	0.75189946	0.250303515	0	33.2	0	0	3
376	995	316.617253	1.97558079	305.058479	305.938441	305.058479	306.275089	0.75886041	0.250303515	0	32.9	0	0	3
377	998	317.183679	1.980835	305.043228	305.928257	305.043228	306.275089	0.765983592	0.250303515	0	32.6	0	0	3
378	1000	317.733092	1.9860892	305.029541	305.918274	305.029541	306.275089	0.772462491	0.250303515	0	32.4	0	0	3
379	1002	318.298958	1.99134341	305.016554	305.907883	305.016554	306.275089	0.77914249	0.250303515	0	32.1	0	0	3
380	1005	318.847874	1.99659761	305.004915	305.897702	305.004915	306.275089	0.785203181	0.250303515	0	31.8	0	0	3
381	1007	319.413385	2.00185181	304.993924	305.887114	304.993924	306.275089	0.791529522	0.250303515	0	31.6	0	0	3
382	1009	319.962064	2.00710602	304.984086	305.87675	304.984086	306.275089	0.797220042	0.250303515	0	31.3	0	0	3
383	1012	320.527309	2.01236022	304.974811	305.865977	304.974811	306.275089	0.803230587	0.250303515	0	31.1	0	0	3
384	1014	321.075651	2.01761443	304.966555	305.855441	304.966555	306.275089	0.80859014	0.250303515	0	30.9	0	0	3
385	1017	321.640539	2.02286863	304.958791	305.844492	304.958791	306.275089	0.81430259	0.250303515	0	30.7	0	0	3
386	1019	322.188637	2.02812284	304.951904	305.833786	304.951904	306.275089	0.819378788	0.250303515	0	30.5	0	0	3
387	1021	322.753339	2.03337704	304.945492	305.822668	304.945492	306.275089	0.824836717	0.250303515	0	30.3	0	0	3
388	1024	323.301187	2.03863124	304.93981	305.811803	304.93981	306.275089	0.829666476	0.250303515	0	30.1	0	0	3
389	1026	323.865446	2.04388545	304.934533	305.800529	304.934533	306.275089	0.834886208	0.250303515	0	29.9	0	0	3
390	1028	324.412621	2.04913965	304.929922	305.789515	304.929922	306.275089	0.839490298	0.250303515	0	29.8	0	0	3
391	1031	324.976183	2.05439386	304.92566	305.778099	304.92566	306.275089	0.844521576	0.250303515	0	29.6	0	0	3
392	1033	325.522837	2.05964806	304.922002	305.766954	304.922002	306.275089	0.848912952	0.250303515	0	29.4	0	0	3
393	1035	326.086185	2.06490227	304.918648	305.755393	304.918648	306.275089	0.853756881	0.250303515	0	29.3	0	0	3
394	1038	326.632823	2.07015647	304.915816	305.744105	304.915816	306.275089	0.857975295	0.250303515	0	29.1	0	0	3
395	1040	327.19596	2.07541067	304.913274	305.732408	304.913274	306.275089	0.862664304	0.250303515	0	29	0	0	3
396	1042	327.742325	2.08066488	304.911155	305.720992	304.911155	306.275089	0.866719522	0.250303515	0	28.8	0	0	3
397	1045	328.304155	2.08591908	304.909265	305.709179	304.909265	306.275089	0.87124355	0.250303515	0	28.7	0	0	3
398	1047	328.847924	2.09117329	304.907748	305.697666	304.907748	306.275089	0.875128029	0.250303515	0	28.6	0	0	3
399	1049	329.408894	2.09642749	304.906486	305.685735	304.906486	306.275089	0.879534179	0.250303515	0	28.4	0	0	3
400	1052	329.952171	2.1016817	304.905506	305.674115	304.905506	306.275089	0.883269505	0.250303515	0	28.3	0	0	3
401	1055	330.512675	2.1069359	304.904752	305.662061	304.904752	306.275089	0.887549435	0.250303515	0	28.2	0	0	3
402	1058	331.057441	2.1121901	304.904272	305.650287	304.904272	306.275089	0.891202982	0.250303515	0	28	0	0	3
403	1060	331.61732	2.11744431	304.903982	305.638118	304.903982	306.275089	0.895385771	0.250303515	0	27.9	0	0	3
404	1062	332.161801	2.12269851	304.903927	305.626238	304.903927	306.275089	0.898925819	0.250303515	0	27.8	0	0	3
405	1065	332.720881	2.12795272	304.904047	305.613962	304.903927	306.275089	0.902999698	0.250303515	0	27.7	0	0	3
406	1067	333.262984	2.13320692	304.904356	305.601992	304.903927	306.275089	0.906427598	0.250303515	0	27.6	0	0	3
407	1070	333.821712	2.13846112	304.904835	305.589608	304.903927	306.275089	0.910425761	0.250303515	0	27.4	0	0	3
408	1072	334.36275	2.14371533	304.905464	305.577555	304.903927	306.275089	0.913742165	0.250303515	0	27.3	0	0	3
409	1074	334.921078	2.14896953	304.906272	305.565063	304.903927	306.275089	0.91765044	0.250303515	0	27.2	0	0	3
410	1077	335.462474	2.15422374	304.907179	305.552884	304.903927	306.275089	0.920907974	0.250303515	0	27.1	0	0	3
411	1079	336.020202	2.15947794	304.908261	305.540288	304.903927	306.275089	0.924744491	0.250303515	0	27	0	0	3
412	1081	336.562652	2.16473215	304.90942	305.527991	304.903927	306.275089	0.927942824	0.250303515	0	26.9	0	0	3
413	1084	337.119663	2.16998635	304.91074	305.515295	304.903927	306.275089	0.931713983	0.250303515	0	26.8	0	0	3
414	1086	337.659578	2.17524055	304.912141	305.502923	304.903927	306.275089	0.934818765	0.250303515	0	26.7	0	0	3
415	1088	338.216552	2.18049476	304.913674	305.490125	304.903927	306.275089	0.938546664	0.250303515	0	26.6	0	0	3
416	1091	338.75599	2.18574896	304.91525	305.477681	304.903927	306.275089	0.941563564	0.250303515	0	26.5	0	0	3
417	1093	339.312621	2.19100317	304.916929	305.464785	304.903927	306.275089	0.94522731	0.250303515	0	26.4	0	0	3
418	1095	339.85252	2.19625737	304.918668	305.452217	304.903927	306.275089	0.948216543	0.250303515	0	26.3	0	0	3
419	1098	340.40888	2.20151158	304.920541	305.439221	304.903927	306.275089	0.951832362	0.250303515	0	26.2	0	0	3
420	1100	340.949576	2.20676578	304.922442	305.426547	304.903927	306.275089	0.954783265	0.250303515	0	26.2	0	0	3
421	1102	341.505336	2.21201998	304.92446	305.413457	304.903927	306.275089	0.958355571	0.250303515	0	26.1	0	0	3
422	1105	342.043648	2.21727419	304.926506	305.400714	304.903927	306.275089	0.961235433	0.250303515	0	26	0	0	3
423	1107	342.599169	2.22252839	304.928654	305.387529	304.903927	306.275089	0.9647734	0.250303515	0	25.9	0	0	3
424	1109	343.13728	2.2277826	304.930823	305.37472	304.903927	306.275089	0.967581965	0.250303515	0	25.8	0	0	3
425	1112	343.692422	2.2330368	304.933053	305.36144	304.903927	306.275089	0.971076023	0.250303515	0	25.7	0	0	3
426	1114	344.230839	2.23829101	304.935328	305.348513	304.903927	306.275089	0.973873302	0.250303515	0	25.7	0	0	3
427	1117	344.785697	2.24354521	304.93768	305.335146	304.903927	306.275089	0.977332304	0.250303515	0	25.6	0	0	3
428	1119	345.324994	2.24879941	304.940036	305.322128	304.903927	306.275089	0.980097286	0.250303515	0	25.5	0	0	3
429	1121	345.879119	2.25405362	304.942498	305.308681	304.903927	306.275089	0.983513983	0.250303515	0	25.4	0	0	3
430	1124	346.416312	2.25930782	304.944912	305.295587	304.903927	306.275089	0.986236383	0.250303515	0	25.3	0	0	3
431	1126	346.970339	2.26456203	304.947431	305.282052	304.903927	306.275089	0.989625307	0.250303515	0	25.2	0	0	3
432	1128	347.506922	2.26981623	304.94991	305.268877	304.903927	306.275089	0.992312549	0.250303515	0	25.2	0	0	3
433	1131	348.060686	2.27507044	304.952511	305.255262	304.903927	306.275089	0.995670118	0.250303515	0	25.1	0	0	3
434	1133	348.597483	2.28032464	304.95505	305.242008	304.903927	306.275089	0.998322365	0.250303515	0	25	0	0	3
435	1135	349.150842	2.28557884	304.957707	305.228311	304.903927	306.275089	1.00165028	0.250303515	0	24.9	0	0	3
436	1138	349.688922	2.29083305	304.960362	305.214968	304.903927	306.275089	1.00449115	0.250303515	0	24.9	0	0	3
437	1140	350.241622	2.29608725	304.963069	305.201192	304.903927	306.275089	1.00844174	0.250303515	0	24.8	0	0	3
438	1142	350.777251	2.30134146	304.965732	305.187782	304.903927	306.275089	1.01222729	0.250303515	0	24.7	0	0	3
439	1145	351.330017	2.30659566	304.968463	305.173929	304.903927	306.275089	1.01728586	0.250303515	0	24.6	0	0	3
440	1147	351.865089	2.31184986	304.97116	305.160447	304.903927	306.275089	1.02242528	0.250303515	0	24.4	0	0	3
441	1149	352.417538	2.31710407	304.973994	305.146488	304.903927	306.275089	1.02897557	0.250303515	0	24.3	0	0	3
442	1152	352.953231	2.32235827	304.976724	305.132958	304.903927	306.259319	1.03544684	0.250303515	0	24.1	0	0	3
443	1154	353.505437	2.32761248	304.979553	305.11917	304.903927	306.225619	1.04271601	0.250303515	0	24	0	0	3
444	1156	354.042107	2.33286668	304.982356	305.10617	304.903927	306.184732	1.04928478	0.250303515	0	23.8	0	0	3
445	1159	354.593585	2.33812089	304.985223	305.093245	304.903927	306.13518	1.05611406	0.250303515	0	23.7	0	0	3
446	1161	355.127894	2.34337509	304.988032	305.081251	304.903927	306.076273	1.06185949	0.250303515	0	23.5	0	0	3
447	1163	355.679068	2.34862929	304.990943	305.069555	304.903927	306.013702	1.0674474	0.250303515	0	23.4	0	0	3
448	1166	356.213099	2.3538835	304.993787	305.058882	304.903927	305.947307	1.04337995	0.250303515	0	23.9	0	0	3
449	1168	356.764078	2.3591377	304.996712	305.048635	304.903927	305.882314	0.978387394	0.250303515	0	25.5	0	0	3
450	1170	357.298436	2.36439191	304.999576	305.039398	304.903927	305.816538	0.912610797	0.250303515	0	27.4	0	0	3
451	1173	357.849248	2.36964611	305.00253	305.030624	304.903927	305.754804	0.850877188	0.250303515	0	29.4	0	0	3
452	1175	358.384453	2.37490032	305.005438	305.022781	304.903927	305.693954	0.790027101	0.250303515	0	31.6	0	0	3
453	1177	358.934618	2.38015452	305.008417	305.015388	304.903927	305.637571	0.733643692	0.250303515	0	34.1	0	0	3
454	1180	359.4676	2.38540872	305.011316	305.008828	304.903927	305.583046	0.679119453	0.250303515	0	36.8	0	0	3
455	1182	360.01773	2.39066293	305.013626	305.002684	304.903927	305.533291	0.629364386	0.250303515	0	39.7	0	0	3
456	1185	360.552463	2.39591713	304.979434	304.996895	304.903927	305.485304	0.581377176	0.250303515	0	43	0	0	3
457	1187	361.102012	2.40117134	304.941688	304.991055	304.903927	305.441614	0.537687455	0.250303515	0	46.5	0	0	3
458	1190	361.636358	2.40642554	304.895116	304.98537	304.895116	305.399597	0.504480952	0.250303515	0	49.6	0	0	3
459	1192	362.185433	2.41167975	304.837842	304.979369	304.837842	305.36136	0.523518148	0.250303515	0	47.8	0	0	3
460	1194	362.719747	2.41693395	304.775856	304.97331	304.775856	305.324595	0.548739268	0.250303515	0	45.6	0	0	3
461	1197	363.268301	2.42218815	304.708583	304.966771	304.708583	305.291205	0.582621349	0.250303515	0	42.9	0	0	3
462	1199	363.800081	2.42744236	304.641855	304.960101	304.641855	305.259221	0.617365757	0.250303515	0	40.5	0	0	3
463	1202	364.348979	2.43269656	304.573648	304.952857	304.573648	305.230241	0.656593126	0.250303515	0	38.1	0	0	3
464	1204	364.882464	2.43795077	304.508615	304.945462	304.508615	305.202474	0.693859548	0.250303515	0	36	0	0	3
465	1207	365.43073	2.44320497	304.444247	304.937479	304.444247	305.17735	0.733102658	0.250303515	0	34.1	0	0	3
466	1209	365.964172	2.44845918	304.384096	304.929368	304.384096	305.153337	0.769241291	0.250303515	0	32.5	0	0	3
467	1212	366.512187	2.45371338	304.32525	304.920668	304.32525	305.131662	0.806412007	0.250303515	0	31	0	0	3
468	1214	367.045234	2.45896758	304.271046	304.911885	304.271046	305.11095	0.839903852	0.250303515	0	29.8	0	0	3
469	1217	367.593029	2.46422179	304.21849	304.902525	304.21849	305.092277	0.873787041	0.250303515	0	28.6	0	0	3
470	1219	368.125837	2.46947599	304.170113	304.893125	304.170113	305.074504	0.904390812	0.250303515	0	27.6	0	0	3
471	1222	368.673328	2.4747302	304.123524	304.883161	304.123524	305.058479	0.934954895	0.250303515	0	26.7	0	0	3
472	1224	369.206057	2.4799844	304.080819	304.8732	304.080819	305.043228	0.962408318	0.250303515	0	26	0	0	3
473	1227	369.753514	2.4852386	304.039777	304.862689	304.039777	305.029541	0.989763708	0.250303515	0	25.2	0	0	3
474	1229	370.2859	2.49049281	304.002313	304.852229	304.002313	305.016554	1.01424113	0.250303515	0	24.6	0	0	3
475	1231	370.833349	2.49574701	303.966215	304.841226	303.966215	305.013626	1.04741119	0.250303515	0	23.8	0	0	3
476	1234	371.365543	2.50100122	303.933281	304.830314	303.933281	305.013626	1.05680033	0.250303515	0	23.6	0	0	3
477	1236	371.912767	2.50625542	303.901589	304.818871	303.901589	305.013626	1.05787928	0.250303515	0	23.6	0	0	3
478	1239	372.444999	2.51150963	303.872633	304.807548	303.872633	305.013626	1.05842868	0.250303515	0	23.6	0	0	3
479	1241	372.992047	2.51676383	303.844746	304.795707	303.844746	305.013626	1.05973395	0.250303515	0	23.6	0	0	3
480	1244	373.524111	2.52201803	303.81929	304.784015	303.81929	305.013626	1.06047616	0.250303515	0	23.6	0	0	3
481	1246	374.071133	2.52727224	303.794793	304.771812	303.794793	305.013626	1.0619745	0.250303515	0	23.5	0	0	3
482	1249	374.603183	2.53252644	303.772421	304.759784	303.772421	305.013626	1.06288422	0.250303515	0	23.5	0	0	3
483	1251	375.150194	2.53778065	303.750849	304.747249	303.750849	305.013626	1.06455336	0.250303515	0	23.5	0	0	3
484	1253	375.682193	2.54303485	303.731163	304.734916	303.731163	305.013626	1.06561379	0.250303515	0	23.4	0	0	3
485	1256	376.229021	2.54828906	303.712225	304.722085	303.712225	305.013626	1.06743072	0.250303515	0	23.4	0	0	3
486	1258	376.76078	2.55354326	303.69495	304.709479	303.69495	305.013626	1.06862009	0.250303515	0	23.4	0	0	3
487	1261	377.307699	2.55879746	303.678304	304.696374	303.678304	305.013626	1.07058014	0.250303515	0	23.3	0	0	3
488	1263	377.839414	2.56405167	303.663113	304.683515	303.663113	305.013626	1.07187865	0.250303515	0	23.3	0	0	3
489	1265	378.386174	2.56930587	303.648459	304.670161	303.648459	305.013626	1.07394364	0.250303515	0	23.3	0	0	3
490	1268	378.917952	2.57456008	303.635089	304.657065	303.635089	305.013626	1.07534223	0.250303515	0	23.2	0	0	3
491	1270	379.464608	2.57981428	303.622243	304.643482	303.622243	305.013626	1.07750949	0.250303515	0	23.2	0	0	3
492	1272	379.996121	2.58506849	303.610512	304.630176	303.610512	305.013626	1.0790027	0.250303515	0	23.1	0	0	3
493	1275	380.542904	2.59032269	303.599208	304.616383	303.599208	305.013626	1.08128232	0.250303515	0	23.1	0	0	3
494	1277	381.074442	2.59557689	303.588908	304.602893	303.588908	305.013626	1.082842	0.250303515	0	23.1	0	0	3
495	1279	381.621024	2.6008311	303.578987	304.588912	303.578987	305.013626	1.08520271	0.250303515	0	23	0	0	3
496	1282	382.152744	2.6060853	303.569956	304.575238	303.569956	305.013626	1.08682258	0.250303515	0	23	0	0	3
497	1284	382.699284	2.61133951	303.561269	304.56108	303.561269	305.013626	1.08920744	0.250303515	0	22.9	0	0	3
498	1286	383.230704	2.61659371	303.55335	304.547232	303.55335	305.013626	1.09088589	0.250303515	0	22.9	0	0	3
499	1289	383.777335	2.62184791	303.545705	304.532907	303.545705	305.013626	1.09333148	0.250303515	0	22.8	0	0	3
500	1291	384.308743	2.62710212	303.538762	304.518902	303.538762	305.013626	1.09506052	0.250303515	0	22.8	0	0	3
501	1294	384.855212	2.63235632	303.532101	304.504428	303.532101	305.013626	1.09756419	0.250303515	0	22.8	0	0	3
502	1297	385.386846	2.63761053	303.526032	304.49029	303.526032	305.013626	1.09931807	0.250303515	0	22.7	0	0	3
503	1299	385.933504	2.64286473	303.520177	304.475668	303.520177	305.013626	1.10188652	0.250303515	0	22.7	0	0	3
504	1301	386.464799	2.64811894	303.514858	304.461408	303.514858	305.013626	1.10365558	0.250303515	0	22.6	0	0	3
505	1304	387.011463	2.65337314	303.509744	304.446652	303.509744	305.013626	1.10623156	0.250303515	0	22.6	0	0	3
506	1306	387.542766	2.65862734	303.505113	304.43226	303.505113	305.013626	1.10802879	0.250303515	0	22.5	0	0	3
507	1308	388.089211	2.66388155	303.500654	304.417384	303.500654	305.013626	1.11060688	0.250303515	0	22.5	0	0	3
508	1310	388.620592	2.66913575	303.496598	304.402858	303.496598	305.013626	1.11243728	0.250303515	0	22.5	0	0	3
509	1313	389.166984	2.67438996	303.492687	304.387868	303.492687	305.013626	1.11505515	0.250303515	0	22.4	0	0	3
510	1315	389.697999	2.67964416	303.489164	304.373258	303.489164	305.013626	1.11686677	0.250303515	0	22.4	0	0	3
511	1318	390.244287	2.68489837	303.485787	304.358154	303.485787	305.013626	1.11952682	0.250303515	0	22.3	0	0	3
512	1320	390.775418	2.69015257	303.482722	304.343439	303.482722	305.013626	1.12134683	0.250303515	0	22.3	0	0	3
513	1322	391.32169	2.69540677	303.479769	304.328229	303.479769	305.013626	1.12398758	0.250303515	0	22.2	0	0	3
514	1324	391.852824	2.70066098	303.477103	304.313406	303.477103	305.013626	1.12581587	0.250303515	0	22.2	0	0	3
515	1327	392.39915	2.70591518	303.47453	304.298093	303.47453	305.013626	1.12845379	0.250303515	0	22.1	0	0	3
516	1329	392.93001	2.71116939	303.472224	304.283165	303.472224	305.013626	1.13029265	0.250303515	0	22.1	0	0	3
517	1331	393.476329	2.71642359	303.470007	304.267759	303.470007	305.013626	1.1329549	0.250303515	0	22	0	0	3
518	1334	394.007406	2.7216778	303.468024	304.252761	303.468024	305.013626	1.13476751	0.250303515	0	22	0	0	3
519	1336	394.55359	2.726932	303.466139	304.237265	303.466139	305.013626	1.13745491	0.250303515	0	22	0	0	3
520	1338	395.084753	2.7321862	303.464432	304.222178	303.464432	305.013626	1.13926202	0.250303515	0	21.9	0	0	3
521	1341	395.630905	2.73744041	303.462775	304.206595	303.462775	305.013626	1.14191888	0.250303515	0	21.9	0	0	3
522	1343	396.161774	2.74269461	303.4613	304.19142	303.4613	305.013626	1.14372596	0.250303515	0	21.8	0	0	3
523	1345	396.708072	2.74794882	303.45987	304.175749	303.45987	305.013626	1.14637915	0.250303515	0	21.8	0	0	3
524	1348	397.239099	2.75320302	303.45862	304.160473	303.45862	305.013626	1.14820756	0.250303515	0	21.7	0	0	3
525	1350	397.78519	2.75845723	303.457429	304.144728	303.457429	305.013626	1.1508587	0.250303515	0	21.7	0	0	3
526	1352	398.316416	2.76371143	303.456377	304.1294	303.456377	305.013626	1.15265149	0.250303515	0	21.7	0	0	3
527	1354	398.862608	2.76896563	303.455369	304.113572	303.455369	305.013626	1.15530514	0.250303515	0	21.6	0	0	3
528	1357	399.393465	2.77421984	303.454473	304.09818	303.454473	305.013626	1.15708211	0.250303515	0	21.6	0	0	3
529	1359	399.939735	2.77947404	303.453614	304.082274	303.453614	305.013626	1.15973405	0.250303515	0	21.5	0	0	3
530	1361	400.470671	2.78472825	303.45288	304.0668	303.45288	305.013626	1.16151126	0.250303515	0	21.5	0	0	3
531	1364	401.016618	2.78998245	303.452201	304.050825	303.452201	305.013626	1.16414273	0.250303515	0	21.5	0	0	3
532	1366	401.547725	2.79523665	303.451622	304.035251	303.451622	305.013626	1.16594004	0.250303515	0	21.4	0	0	3
533	1368	402.093823	2.80049086	303.451057	304.019209	303.451057	305.013626	1.16857292	0.250303515	0	21.4	0	0	3
534	1371	402.624535	2.80574506	303.450587	304.00361	303.450587	305.013626	1.17031896	0.250303515	0	21.3	0	0	3
535	1373	403.170578	2.81099927	303.450148	303.987492	303.450148	305.013626	1.17295443	0.250303515	0	21.3	0	0	3
536	1375	403.701382	2.81625347	303.449781	303.971833	303.449781	305.013626	1.17465559	0.250303515	0	21.3	0	0	3
537	1378	404.247116	2.82150768	303.449443	303.95565	303.449443	305.013626	1.17730823	0.250303515	0	21.2	0	0	3
538	1380	404.775981	2.82676188	303.449147	303.939926	303.449147	305.013626	1.17924329	0.250303515	0	21.2	0	0	3
