Iteration	CPUTime	PhysTime	Travels	Value	AvValue	MinValue	MaxValue	Delta	Criteria	PrevAvRefValue	Progress	CriteriaType	CriteriaVarType	CriteriaPercentage
1	29	0.0162367046	0.00525420424	298.153267	298.153267	298.153267	298.153267	0	0	0	0	0	0	3
2	31	0.0324781022	0.0105084085	298.156582	298.154925	298.153267	298.156582	0.0016581476	0	0	0	0	0	3
3	33	0.0487542881	0.0157626127	298.159941	298.156599	298.153267	298.159941	0.00333288563	0	0	0	0	0	3
4	36	0.0652875332	0.021016817	298.163374	298.158315	298.153267	298.163374	0.00504857292	0	0	0	0	0	3
5	38	0.0837201606	0.0262710212	298.167217	298.160275	298.153267	298.167217	0.00700861099	0	0	0	0	0	3
6	40	0.132420249	0.0315252254	298.177309	298.16654	298.153267	298.177309	0.0132733256	0	0	0	0	0	3
7	42	0.336429492	0.0367794297	298.217631	298.197521	298.153267	298.217631	0.0442548254	0	0	0	0	0	3
8	46	1.67553863	0.0420336339	298.423546	298.378163	298.153267	298.423546	0.224896229	0	0	0	0	0	3
9	50	10.7473596	0.0472878381	298.968677	298.876614	298.153267	298.968677	0.723347572	0	0	0	0	0	3
10	55	44.8039731	0.0525420424	299.463107	299.322422	298.153267	299.463107	1.16915516	0	0	0	0	0	3
11	58	45.6867102	0.0577962466	299.497251	299.3258	298.153267	299.497251	1.17253312	0	0	0	0	0	3
12	61	46.3795552	0.0630504509	299.523069	299.328747	298.153267	299.523069	1.17548005	0	0	0	0	0	3
13	64	46.8586132	0.0683046551	299.540245	299.330909	298.153267	299.540245	1.1776423	0	0	0	0	0	3
14	66	47.2647115	0.0735588593	299.55397	299.332825	298.153267	299.55397	1.17955883	0	0	0	0	0	3
15	69	47.6243691	0.0788130636	299.56628	299.334588	298.153267	299.56628	1.18132188	0	0	0	0	0	3
16	72	48.1363147	0.0840672678	299.582583	299.337226	298.153267	299.582583	1.18395938	0	0	0	0	0	3
17	74	48.6168349	0.0893214721	299.597202	299.339795	298.153267	299.597202	1.18652894	0	0	0	0	0	3
18	77	49.0827006	0.0945756763	299.6108	299.342368	298.153267	299.6108	1.18910116	0	0	0	0	0	3
19	79	49.5540243	0.0998298805	299.623985	299.345046	298.153267	299.623985	1.19177971	0	0	0	0	0	3
20	82	50.047109	0.105084085	299.63716	299.347924	298.153267	299.63716	1.19465774	0	0	0	0	0	3
21	85	50.8057684	0.110338289	299.655741	299.352521	298.153267	299.655741	1.19925423	0	0	0	0	0	3
22	87	51.5990821	0.115592493	299.67376	299.35746	298.153267	299.67376	1.20419314	0	0	0	0	0	3
23	90	52.4251184	0.120846697	299.691165	299.362718	298.153267	299.691165	1.20945116	0	0	0	0	0	3
24	93	53.2727271	0.126100902	299.707742	299.368207	298.153267	299.707742	1.21494075	0	0	0	0	0	3
25	95	54.130989	0.131355106	299.723348	299.373838	298.153267	299.723348	1.22057161	0	0	0	0	0	3
26	98	55.4182895	0.13660931	299.743936	299.382435	298.153267	299.743936	1.22916855	0	0	0	0	0	3
27	101	56.6950026	0.141863514	299.76245	299.390993	298.153267	299.76245	1.23772608	0	0	0	0	0	3
28	104	57.9460995	0.147117719	299.779064	299.399371	298.153267	299.779064	1.24610481	0	0	0	0	0	3
29	107	59.1662014	0.152371923	299.793999	299.407509	298.153267	299.793999	1.25424266	0	0	0	0	0	3
30	110	60.355004	0.157626127	299.826007	299.415752	298.153267	299.826007	1.26248575	0	0	0	0	0	3
31	113	61.8847727	0.162880331	299.917828	299.428163	298.153267	299.917828	1.27489687	0	0	0	0	0	3
32	116	63.379911	0.168134536	300.010566	299.441902	298.153267	300.010566	1.28863581	0	0	0	0	0	3
33	119	64.8470579	0.17338874	300.114271	299.457114	298.153267	300.114271	1.30384796	0	0	0	0	0	3
34	122	66.2896594	0.178642944	300.228481	299.473901	298.153267	300.228481	1.32063451	0	0	0	0	0	3
35	124	67.7108526	0.183897148	300.345261	299.49219	298.153267	300.345261	1.3389236	0	0	0	0	0	3
36	128	69.1116691	0.189151353	300.460106	299.511809	298.153267	300.460106	1.35854218	0	0	0	0	0	3
37	131	70.4936093	0.194405557	300.568891	299.532531	298.153267	300.568891	1.37926497	0	0	0	0	0	3
38	133	71.8566672	0.199659761	300.670285	299.554114	298.153267	300.670285	1.40084716	0	0	0	0	0	3
39	136	73.2023027	0.204913965	300.762993	299.576336	298.153267	300.762993	1.42306928	0	0	0	0	0	3
40	139	74.5301983	0.21016817	300.847492	299.598984	298.153267	300.847492	1.44571733	0	0	0	0	0	3
41	142	75.8411404	0.215422374	300.924336	299.621893	298.153267	300.924336	1.46862653	0	0	0	0	0	3
42	145	77.1354356	0.220676578	300.993443	299.644907	298.153267	300.993443	1.49164048	0	0	0	0	0	3
43	148	78.4134466	0.225930782	301.056161	299.667908	298.153267	301.056161	1.51464161	0	0	0	0	0	3
44	151	79.6755359	0.231184986	301.112853	299.690797	298.153267	301.112853	1.53753007	0	0	0	0	0	3
45	154	80.9223344	0.236439191	301.16411	299.713496	298.153267	301.16411	1.56022992	0	0	0	0	0	3
46	157	82.1541264	0.241693395	301.21058	299.735943	298.153267	301.21058	1.5826767	0	0	0	0	0	3
47	160	83.3718609	0.246947599	301.252869	299.7581	298.153267	301.252869	1.60483301	0	0	0	0	0	3
48	162	84.5752894	0.252201803	301.291562	299.779919	298.153267	301.291562	1.62665277	0	0	0	0	0	3
49	165	85.7659717	0.257456008	301.327045	299.801398	298.153267	301.327045	1.64813139	0	0	0	0	0	3
50	168	86.9434252	0.262710212	301.35982	299.822503	298.153267	301.35982	1.66923673	0	0	0	0	0	3
51	171	88.1093756	0.267964416	301.390065	299.843247	298.153267	301.390065	1.68998025	0	0	0	0	0	3
52	174	89.2629975	0.27321862	301.418177	299.863601	298.153267	301.418177	1.71033443	0	0	0	0	0	3
53	176	90.4060462	0.278472825	301.44432	299.883587	298.153267	301.44432	1.73032025	0	0	0	0	0	3
54	179	91.5377194	0.283727029	301.468678	299.903183	298.153267	301.468678	1.7499166	0	0	0	0	0	3
55	182	92.6598196	0.288981233	301.491498	299.922417	298.153267	301.491498	1.76915093	0	0	0	0	0	3
56	185	93.7715015	0.294235437	301.512953	299.941274	298.153267	301.512953	1.78800708	0	0	0	0	0	3
57	188	94.8744384	0.299489642	301.533222	299.95978	298.153267	301.533222	1.80651385	0	0	0	0	0	3
58	190	95.9676129	0.304743846	301.55233	299.977921	298.153267	301.55233	1.82465471	0	0	0	0	0	3
59	193	97.0527481	0.30999805	301.570549	299.995728	298.153267	301.570549	1.84246169	0	0	0	0	0	3
60	196	98.1287847	0.315252254	301.587833	300.013187	298.153267	301.587833	1.85992	0	0	0	0	0	3
61	199	99.1976554	0.320506459	301.604317	300.030331	298.153267	301.604317	1.87706469	0	0	0	0	0	3
62	202	100.258183	0.325760663	301.620073	300.047147	298.153267	301.620073	1.89388092	0	0	0	0	0	3
63	204	101.311257	0.331014867	301.635167	300.063654	298.153267	301.635167	1.9103875	0	0	0	0	0	3
64	207	102.357164	0.336269071	301.64967	300.07986	298.153267	301.64967	1.92659375	0	0	0	0	0	3
65	210	103.395719	0.341523275	301.663621	300.095768	298.153267	301.663621	1.94250177	0	0	0	0	0	3
66	212	104.427781	0.34677748	301.67708	300.111396	298.153267	301.67708	1.95812991	0	0	0	0	0	3
67	215	105.453104	0.352031684	301.690091	300.126746	298.153267	301.690091	1.9734796	0	0	0	0	0	3
68	218	106.47211	0.357285888	301.702674	300.141829	298.153267	301.702674	1.98856223	0	0	0	0	0	3
69	221	107.484994	0.362540092	301.714887	300.156652	298.153267	301.714887	2.00338593	0	0	0	0	0	3
70	223	108.491859	0.367794297	301.726754	300.171224	298.153267	301.726754	2.01795735	0	0	0	0	0	3
71	226	109.493136	0.373048501	301.738752	300.185558	298.153267	301.738752	2.03229185	0	0	0	0	0	3
72	229	110.48873	0.378302705	301.749224	300.199648	298.153267	301.749224	2.04638177	0	0	0	0	0	3
73	231	111.478853	0.383556909	301.760335	300.21351	298.153267	301.760335	2.06024334	0	0	0	0	0	3
74	234	112.464077	0.388811114	301.771171	300.227155	298.153267	301.771171	2.07388899	0	0	0	0	0	3
75	237	113.443263	0.394065318	301.781718	300.240574	298.153267	301.781718	2.0873072	0	0	0	0	0	3
76	240	114.417958	0.399319522	301.792029	300.25379	298.153267	301.792029	2.10052361	0	0	0	0	0	3
77	242	115.386896	0.404573726	301.802129	300.266792	298.153267	301.802129	2.11352548	0	0	0	0	0	3
78	245	116.351776	0.409827931	301.812047	300.279606	298.153267	301.812047	2.12633994	0	0	0	0	0	3
79	248	117.311409	0.415082135	301.821785	300.292222	298.153267	301.821785	2.13895529	0	0	0	0	0	3
80	251	118.267444	0.420336339	301.831371	300.304664	298.153267	301.831371	2.15139727	0	0	0	0	0	3
81	253	119.218561	0.425590543	301.840808	300.316919	298.153267	301.840808	2.16365252	0	0	0	0	0	3
82	256	120.16619	0.430844748	301.858342	300.329075	298.153267	301.858342	2.17580816	0	0	0	0	0	3
83	258	121.109036	0.436098952	301.918885	300.341451	298.153267	301.918885	2.18818498	0	0	0	0	0	3
84	261	122.048265	0.441353156	301.982961	300.354084	298.153267	301.982961	2.20081732	0	0	0	0	0	3
85	264	122.983322	0.44660736	302.058596	300.367043	298.153267	302.058596	2.21377691	0	0	0	0	0	3
86	267	123.91461	0.451861564	302.144917	300.380405	298.153267	302.144917	2.22713865	0	0	0	0	0	3
87	270	124.842341	0.457115769	302.236784	300.3942	298.153267	302.236784	2.24093379	0	0	0	0	0	3
88	273	125.765674	0.462369973	302.33095	300.408419	298.153267	302.33095	2.25515281	0	0	0	0	0	3
89	276	126.685654	0.467624177	302.423829	300.423055	298.153267	302.423829	2.26978854	0	0	0	0	0	3
90	278	127.600797	0.472878381	302.513447	300.438047	298.153267	302.513447	2.28478068	0	0	0	0	0	3
91	281	128.512689	0.478132586	302.599095	300.453381	298.153267	302.599095	2.30011489	0	0	0	0	0	3
92	284	129.420043	0.48338679	302.679332	300.468987	298.153267	302.679332	2.31572087	0	0	0	0	0	3
93	286	130.32358	0.488640994	302.754395	300.484832	298.153267	302.754395	2.33156566	0	0	0	0	0	3
94	289	131.223462	0.493895198	302.824139	300.500874	298.153267	302.824139	2.34760776	0	0	0	0	0	3
95	292	132.118622	0.499149403	302.888844	300.517054	298.153267	302.888844	2.36378727	0	0	0	0	0	3
96	295	133.010281	0.504403607	302.9495	300.53336	298.153267	302.9495	2.38009364	0	0	0	0	0	3
97	298	133.897049	0.509657811	303.006205	300.550028	298.156582	303.006205	2.39510318	0	0	0	0	0	3
98	300	134.779986	0.514912015	303.059038	300.566757	298.159941	303.059038	2.41015729	0	0	0	0	0	3
99	303	135.658406	0.52016622	303.108297	300.583509	298.163374	303.108297	2.42519346	0	0	0	0	0	3
100	306	136.532588	0.525420424	303.154251	300.600269	298.167217	303.154251	2.43999429	0	0	0	0	0	3
101	309	137.403119	0.530674628	303.197184	300.617059	298.177309	303.197184	2.45051919	0	0	0	0	0	3
102	312	138.268708	0.535928832	303.237301	300.634338	298.217631	303.237301	2.43681679	0	0	0	0	0	3
103	314	139.130761	0.541183037	303.274925	300.654291	298.423546	303.274925	2.27612833	0	0	0	0	0	3
104	317	139.988093	0.546437241	303.310204	300.692351	298.968677	303.310204	1.81573723	0	0	0	0	0	3
105	320	140.842276	0.551691445	303.343362	300.829953	299.463107	303.343362	1.50753162	0	0	0	0	0	3
106	322	141.692186	0.556945649	303.374577	301.332727	299.497251	303.374577	2.00692758	0	0	0	0	0	3
107	325	142.53944	0.562199853	303.404063	301.367576	299.523069	303.404063	2.03882936	0	0	0	0	0	3
108	328	143.382779	0.567454058	303.431937	301.398698	299.540245	303.431937	2.0677889	0	0	0	0	0	3
109	330	144.223358	0.572708262	303.45837	301.425623	299.55397	303.45837	2.09279815	0	0	0	0	0	3
110	333	145.060041	0.577962466	303.483412	301.451001	299.56628	303.483412	2.11641252	0	0	0	0	0	3
111	335	145.892958	0.58321667	303.507221	301.475327	299.582583	303.507221	2.13810136	0	0	0	0	0	3
112	338	146.722343	0.588470875	303.529895	301.502441	299.597202	303.529895	2.16264528	0	0	0	0	0	3
113	341	147.548949	0.593725079	303.551585	301.528816	299.6108	303.551585	2.18644811	0	0	0	0	0	3
114	343	148.371499	0.598979283	303.572264	301.554744	299.623985	303.572264	2.20969773	0	0	0	0	0	3
115	346	149.191393	0.604233487	303.592126	301.580642	299.63716	303.592126	2.23271811	0	0	0	0	0	3
116	348	150.007513	0.609487692	303.611187	301.606807	299.655741	303.611187	2.25428668	0	0	0	0	0	3
117	351	150.821518	0.614741896	303.629501	301.638069	299.67376	303.629501	2.28060963	0	0	0	0	0	3
118	354	151.631739	0.6199961	303.647153	301.66992	299.691165	303.647153	2.30720235	0	0	0	0	0	3
119	356	152.440835	0.625250304	303.664275	301.702396	299.707742	303.664275	2.33418914	0	0	0	0	0	3
120	359	153.245536	0.630504509	303.680725	301.735232	299.723348	303.680725	2.36139372	0	0	0	0	0	3
121	361	154.049107	0.635758713	303.696697	301.768288	299.743936	303.696697	2.38585284	0	0	0	0	0	3
122	364	154.848083	0.641012917	303.712172	301.810117	299.76245	303.712172	2.41912447	0	0	0	0	0	3
123	367	155.646418	0.646267121	303.727258	301.852004	299.779064	303.727258	2.45263303	0	0	0	0	0	3
124	369	156.443696	0.651521326	303.741993	301.893633	299.793999	303.741993	2.48612356	0	0	0	0	0	3
125	372	157.240514	0.65677553	303.756321	301.934887	299.826007	303.756321	2.51913479	0	0	0	0	0	3
126	374	158.035365	0.662029734	303.770308	301.975488	299.917828	303.770308	2.54732476	0	0	0	0	0	3
127	377	158.827885	0.667283938	303.78402	302.022743	300.010566	303.78402	2.58084078	0	0	0	0	0	3
128	379	159.617132	0.672538143	303.797375	302.068558	300.114271	303.797375	2.6114436	0	0	0	0	0	3
129	382	160.404378	0.677792347	303.810457	302.112914	300.228481	303.810457	2.63901293	0	0	0	0	0	3
130	384	161.188516	0.683046551	303.823263	302.155692	300.345261	303.823263	2.66350238	0	0	0	0	0	3
131	387	161.97083	0.688300755	303.835829	302.196933	300.460106	303.835829	2.68512474	0	0	0	0	0	3
132	390	162.747933	0.693554959	303.848133	302.23662	300.568891	303.848133	2.7040888	0	0	0	0	0	3
133	392	163.535396	0.698809164	303.860399	302.275134	300.670285	303.860399	2.72102014	0	0	0	0	0	3
134	395	164.311637	0.704063368	303.872363	302.312204	300.762993	303.872363	2.73586835	0	0	0	0	0	3
135	397	165.092032	0.709317572	303.884224	302.348242	300.847492	303.884224	2.74925776	0	0	0	0	0	3
136	399	165.858274	0.714571776	303.895723	302.383046	300.924336	303.895723	2.76115255	0	0	0	0	0	3
137	402	166.639231	0.719825981	303.907313	302.417217	300.993443	303.907313	2.77230971	0	0	0	0	0	3
138	404	167.407477	0.725080185	303.918592	302.450408	301.056161	303.918592	2.78249946	0	0	0	0	0	3
139	407	168.182998	0.730334389	303.929883	302.483038	301.112853	303.929883	2.79224151	0	0	0	0	0	3
140	409	168.939097	0.735588593	303.940787	302.514759	301.16411	303.940787	2.77667644	0	0	0	0	0	3
141	412	169.71173	0.740842798	303.951838	302.54623	301.21058	303.951838	2.74125754	0	0	0	0	0	3
142	414	170.46465	0.746097002	303.962518	302.576935	301.252869	303.962518	2.7096494	0	0	0	0	0	3
143	417	171.233429	0.751351206	303.97332	302.607505	301.291562	303.97332	2.68175799	0	0	0	0	0	3
144	419	171.98159	0.75660541	303.983785	302.637403	301.327045	303.983785	2.65674076	0	0	0	0	0	3
145	422	172.746519	0.761859615	303.994393	302.667275	301.35982	303.994393	2.63457217	0	0	0	0	0	3
146	424	173.490658	0.767113819	304.004679	302.696561	301.390065	304.004679	2.61461422	0	0	0	0	0	3
147	426	174.251597	0.772368023	304.015102	302.725892	301.418177	304.015102	2.59692446	0	0	0	0	0	3
148	429	174.991797	0.777622227	304.025202	302.754708	301.44432	304.025202	2.58088197	0	0	0	0	0	3
149	431	175.748755	0.782876432	304.03547	302.783619	301.468678	304.03547	2.5667915	0	0	0	0	0	3
150	434	176.485066	0.788130636	304.045427	302.812074	301.491498	304.045427	2.55392915	0	0	0	0	0	3
151	436	177.237932	0.79338484	304.055529	302.840662	301.512953	304.055529	2.54257598	0	0	0	0	0	3
152	439	177.970544	0.798639044	304.065317	302.868848	301.533222	304.065317	2.53209454	0	0	0	0	0	3
153	441	178.7196	0.803893248	304.075285	302.897195	301.55233	304.075285	2.52295473	0	0	0	0	0	3
154	443	179.449263	0.809147453	304.084948	302.925188	301.570549	304.084948	2.51439925	0	0	0	0	0	3
155	446	180.194906	0.814401657	304.104771	302.953447	301.587833	304.104771	2.51693817	0	0	0	0	0	3
156	448	180.921696	0.819655861	304.155077	302.981743	301.604317	304.155077	2.55076064	0	0	0	0	0	3
157	451	181.664345	0.824910065	304.210611	303.010663	301.620073	304.210611	2.59053838	0	0	0	0	0	3
158	453	182.38801	0.83016427	304.275159	303.039761	301.635167	304.275159	2.63999216	0	0	0	0	0	3
159	456	183.127942	0.835418474	304.350586	303.069695	301.64967	304.350586	2.70091539	0	0	0	0	0	3
160	459	183.848217	0.840672678	304.430818	303.099951	301.663621	304.430818	2.76719721	0	0	0	0	0	3
161	461	184.585145	0.845926882	304.515104	303.131169	301.67708	304.515104	2.83802387	0	0	0	0	0	3
162	464	185.301945	0.851181087	304.597517	303.162721	301.690091	304.597517	2.90742637	0	0	0	0	0	3
163	466	186.035498	0.856435291	304.680535	303.195276	301.702674	304.680535	2.97786127	0	0	0	0	0	3
164	469	186.748391	0.861689495	304.758392	303.228104	301.714887	304.758392	3.04350518	0	0	0	0	0	3
165	471	187.478604	0.866943699	304.834593	303.261929	301.726754	304.834593	3.09070514	0	0	0	0	0	3
166	474	188.187669	0.872197904	304.905272	303.295945	301.738752	304.905272	3.11038687	0	0	0	0	0	3
167	476	188.914413	0.877452108	304.974069	303.330933	301.749224	304.974069	3.13128442	0	0	0	0	0	3
168	479	189.620192	0.882706312	305.037666	303.366055	301.760335	305.037666	3.15254563	0	0	0	0	0	3
169	481	190.343207	0.887960516	305.099352	303.402105	301.771171	305.099352	3.17494996	0	0	0	0	0	3
170	484	191.045551	0.893214721	305.156286	303.438232	301.781718	305.156286	3.19765826	0	0	0	0	0	3
171	487	191.765119	0.898468925	305.211405	303.475233	301.792029	305.211405	3.22144242	0	0	0	0	0	3
172	489	192.463852	0.903723129	305.262189	303.512252	301.802129	305.262189	3.24546	0	0	0	0	0	3
173	491	193.180126	0.908977333	305.311373	303.550117	301.812047	305.311373	3.27051087	0	0	0	0	0	3
174	494	193.8754	0.914231537	305.356725	303.587952	301.821785	305.356725	3.29573066	0	0	0	0	0	3
175	496	194.588091	0.919485742	305.400687	303.626603	301.831371	305.400687	3.32193932	0	0	0	0	0	3
176	499	195.279719	0.924739946	305.441282	303.665186	301.840808	305.441282	3.34826737	0	0	0	0	0	3
177	501	195.989061	0.92999415	305.480716	303.704564	301.858342	305.480716	3.3754892	0	0	0	0	0	3
178	504	196.676677	0.935248354	305.517133	303.74372	301.918885	305.517133	3.4022689	0	0	0	0	0	3
179	506	197.382426	0.940502559	305.552594	303.783015	301.982961	305.552594	3.42893139	0	0	0	0	0	3
180	509	198.066794	0.945756763	305.585424	303.821482	302.058596	305.585424	3.45443839	0	0	0	0	0	3
181	511	198.768919	0.951010967	305.617486	303.859872	302.144917	305.617486	3.47256879	0	0	0	0	0	3
182	514	199.450243	0.956265171	305.647255	303.897138	302.236784	305.647255	3.41047153	0	0	0	0	0	3
183	517	200.149165	0.961519376	305.676393	303.934106	302.33095	305.676393	3.34544364	0	0	0	0	0	3
184	519	200.827531	0.96677358	305.703512	303.969817	302.423829	305.703512	3.27968297	0	0	0	0	0	3
185	521	201.523257	0.972027784	305.73013	304.005186	302.513447	305.73013	3.21668256	0	0	0	0	0	3
186	524	202.198439	0.977281988	305.754974	304.039324	302.599095	305.754974	3.15587979	0	0	0	0	0	3
187	526	202.89099	0.982536193	305.779429	304.073184	302.679332	305.779429	3.10009754	0	0	0	0	0	3
188	529	203.563001	0.987790397	305.802329	304.105914	302.754395	305.802329	3.04793424	0	0	0	0	0	3
189	531	204.252351	0.993044601	305.824945	304.138461	302.824139	305.824945	3.0008065	0	0	0	0	0	3
190	534	204.9211	0.998298805	305.846175	304.170006	302.888844	305.846175	2.95733065	0	0	0	0	0	3
191	536	205.607491	1.00355301	305.867215	304.201464	302.9495	305.867215	2.91771495	0.231218223	0	7.9	0	0	3
192	539	206.273191	1.00880721	305.887001	304.232016	303.006205	305.887001	2.88079607	0.231811782	0	8	0	0	3
193	541	206.956641	1.01406142	305.906674	304.262561	303.059038	305.906674	2.84763568	0.232106885	0	8.1	0	0	3
194	544	207.619536	1.01931562	305.925246	304.292281	303.108297	305.925246	2.81694909	0.232356638	0	8.2	0	0	3
195	546	208.299755	1.02456983	305.943827	304.322064	303.154251	305.943827	2.78957531	0.232592046	0	8.3	0	0	3
196	549	208.959801	1.02982403	305.961356	304.351098	303.197184	305.961356	2.76417258	0.232777917	0	8.4	0	0	3
197	551	209.636941	1.03507823	305.97884	304.380264	303.237301	305.97884	2.74153889	0.232787643	0	8.4	0	0	3
198	554	210.294379	1.04033244	305.995428	304.408742	303.274925	305.995428	2.72050376	0.23198319	0	8.5	0	0	3
199	556	210.968644	1.04558664	306.012041	304.437397	303.310204	306.012041	2.70183685	0.231218223	0	8.5	0	0	3
200	559	211.623549	1.05084085	306.027885	304.465427	303.343362	306.027885	2.68452325	0.231218223	0	8.6	0	0	3
201	562	212.295389	1.05609505	306.043784	304.493682	303.374577	306.043784	2.66920729	0.231218223	0	8.6	0	0	3
202	564	212.947526	1.06134926	306.058973	304.521356	303.404063	306.058973	2.65490948	0.231218223	0	8.7	0	0	3
203	567	213.61693	1.06660346	306.074173	304.549298	303.431937	306.074173	2.64223691	0.231218223	0	8.7	0	0	3
204	569	214.266368	1.07185766	306.08871	304.576696	303.45837	306.08871	2.6303403	0.231218223	0	8.7	0	0	3
205	572	214.933131	1.07711187	306.10334	304.604386	303.483412	306.10334	2.61992812	0.231218223	0	8.8	0	0	3
206	574	215.57996	1.08236607	306.117315	304.631563	303.507221	306.117315	2.61009388	0.231218223	0	8.8	0	0	3
207	576	216.244082	1.08762028	306.131405	304.659033	303.529895	306.131405	2.60150991	0.231218223	0	8.8	0	0	3
208	579	216.888495	1.09287448	306.144922	304.686027	303.551585	306.144922	2.59333712	0.231218223	0	8.9	0	0	3
209	581	217.550156	1.09812869	306.158614	304.713342	303.572264	306.158614	2.58634986	0.231218223	0	8.9	0	0	3
210	584	218.191919	1.10338289	306.171743	304.74019	303.592126	306.171743	2.57961732	0.231218223	0	8.9	0	0	3
211	586	218.851333	1.10863709	306.185025	304.76738	303.611187	306.185025	2.57383778	0.231218223	0	8.9	0	0	3
212	589	219.490515	1.1138913	306.197757	304.794118	303.629501	306.197757	2.56825632	0.231218223	0	9	0	0	3
213	591	220.147705	1.1191455	306.210728	304.821221	303.647153	306.210728	2.56357543	0.231218223	0	9	0	0	3
214	594	220.784634	1.12439971	306.223165	304.84789	303.664275	306.223165	2.5588897	0.231218223	0	9	0	0	3
215	596	221.439106	1.12965391	306.235808	304.874934	303.680725	306.235808	2.5550823	0.231218223	0	9	0	0	3
216	598	222.073834	1.13490812	306.24796	304.901558	303.696697	306.24796	2.55126285	0.231218223	0	9	0	0	3
217	601	222.725681	1.14016232	306.260337	304.928553	303.712172	306.260337	2.5481653	0.231218223	0	9	0	0	3
218	603	223.358369	1.14541652	306.272238	304.955147	303.727258	306.272238	2.5449794	0.231218223	0	9	0	0	3
219	606	224.007905	1.15067073	306.284349	304.982116	303.741993	306.284349	2.54235622	0.231218223	0	9	0	0	3
220	608	224.638372	1.15592493	306.296028	305.008762	303.756321	306.296028	2.53970741	0.231218223	0	9.1	0	0	3
221	611	225.285751	1.16117914	306.307923	305.035788	303.770308	306.307923	2.53761556	0.231218223	0	9.1	0	0	3
222	613	225.913901	1.16643334	306.319428	305.062486	303.78402	306.319428	2.53540839	0.231218223	0	9.1	0	0	3
223	616	226.559322	1.17168755	306.331154	305.089534	303.797375	306.331154	2.53377904	0.231218223	0	9.1	0	0	3
224	618	227.185205	1.17694175	306.342477	305.116234	303.810457	306.342477	2.53202061	0.231218223	0	9.1	0	0	3
225	620	227.828458	1.18219595	306.354025	305.143289	303.823263	306.354025	2.53076161	0.231218223	0	9.1	0	0	3
226	623	228.452279	1.18745016	306.365196	305.17001	303.835829	306.365196	2.52936658	0.231218223	0	9.1	0	0	3
227	625	229.093319	1.19270436	306.376602	305.197083	303.848133	306.376602	2.52846877	0.231218223	0	9.1	0	0	3
228	628	229.715262	1.19795857	306.387597	305.223793	303.860399	306.387597	2.52719794	0.231218223	0	9.1	0	0	3
229	630	230.353941	1.20321277	306.398835	305.251092	303.872363	306.398835	2.52647155	0.231218223	0	9.1	0	0	3
230	632	230.973836	1.20846697	306.409692	305.277921	303.884224	306.409692	2.52546842	0.231218223	0	9.1	0	0	3
231	635	231.610483	1.21372118	306.420787	305.30521	303.895723	306.420787	2.52506411	0.231218223	0	9.1	0	0	3
232	637	232.228511	1.21897538	306.431543	305.331971	303.907313	306.431543	2.52422957	0.231218223	0	9.1	0	0	3
233	640	232.863238	1.22422959	306.442515	305.359415	303.918592	306.442515	2.52392287	0.231218223	0	9.1	0	0	3
234	642	233.479548	1.22948379	306.453157	305.38637	303.929883	306.453157	2.52327425	0.231218223	0	9.1	0	0	3
235	645	234.112221	1.234738	306.464041	305.413845	303.940787	306.464041	2.52325476	0.231218223	0	9.1	0	0	3
236	647	234.726528	1.2399922	306.47458	305.440679	303.951838	306.47458	2.52274292	0.231218223	0	9.1	0	0	3
237	649	235.357203	1.2452464	306.48533	305.468239	303.962518	306.48533	2.52281189	0.231218223	0	9.1	0	0	3
238	652	235.969665	1.25050061	306.495759	305.495153	303.97332	306.495759	2.52243828	0.231218223	0	9.1	0	0	3
239	654	236.598192	1.25575481	306.506419	305.522776	303.983785	306.506419	2.52263318	0.231218223	0	9.1	0	0	3
240	657	237.208788	1.26100902	306.516768	305.549733	303.994393	306.516768	2.52237537	0.231218223	0	9.1	0	0	3
241	659	237.835358	1.26626322	306.527349	305.577422	304.004679	306.527349	2.52267036	0.231218223	0	9.1	0	0	3
242	661	238.444025	1.27151743	306.537612	305.604438	304.015102	306.537612	2.52251011	0.231218223	0	9.1	0	0	3
243	664	239.068774	1.27677163	306.548099	305.632192	304.025202	306.548099	2.5228969	0.231218223	0	9.1	0	0	3
244	666	239.675689	1.28202583	306.558291	305.659271	304.03547	306.558291	2.52282136	0.231218223	0	9.1	0	0	3
245	669	240.298631	1.28728004	306.552306	305.686931	304.045427	306.558291	2.51286364	0.231218223	0	9.2	0	0	3
246	671	240.903761	1.29253424	306.52648	305.71358	304.055529	306.558291	2.50276166	0.231218223	0	9.2	0	0	3
247	674	241.524949	1.29778845	306.494371	305.740542	304.065317	306.558291	2.49297418	0.231218223	0	9.2	0	0	3
248	676	242.128416	1.30304265	306.453209	305.766375	304.075285	306.558291	2.48300619	0.231218223	0	9.3	0	0	3
249	679	242.748015	1.30829686	306.402947	305.792319	304.084948	306.558291	2.47334304	0.231218223	0	9.3	0	0	3
250	681	243.349732	1.31355106	306.349417	305.817061	304.104771	306.558291	2.45351967	0.231218223	0	9.4	0	0	3
251	684	243.967796	1.31880526	306.291997	305.841684	304.155077	306.558291	2.40321377	0.231218223	0	9.6	0	0	3
252	686	244.567764	1.32405947	306.236075	305.864661	304.210611	306.558291	2.34767978	0.231218223	0	9.8	0	0	3
253	689	245.184859	1.32931367	306.179709	305.88706	304.275159	306.558291	2.28313241	0.231218223	0	10.1	0	0	3
254	691	245.783159	1.33456788	306.126605	305.907721	304.350586	306.558291	2.20770527	0.231218223	0	10.4	0	0	3
255	694	246.399695	1.33982208	306.074774	305.927559	304.430818	306.558291	2.12747311	0.231218223	0	10.8	0	0	3
256	696	246.9964	1.34507629	306.027348	305.945574	304.515104	306.558291	2.04318738	0.231218223	0	11.3	0	0	3
257	699	247.612088	1.35033049	305.981473	305.96265	304.597517	306.558291	1.96077363	0.231218223	0	11.7	0	0	3
258	701	248.207087	1.35558469	305.939808	305.977989	304.680535	306.558291	1.87775582	0.231218223	0	12.3	0	0	3
259	704	248.821689	1.3608389	305.899681	305.992382	304.758392	306.558291	1.79989935	0.231218223	0	12.8	0	0	3
260	706	249.41572	1.3660931	305.863423	306.005197	304.834593	306.558291	1.72369835	0.231218223	0	13.4	0	0	3
261	709	250.029162	1.37134731	305.828706	306.017131	304.905272	306.558291	1.65301896	0.231218223	0	13.9	0	0	3
262	711	250.621859	1.37660151	305.797507	306.027674	304.974069	306.558291	1.58422194	0.231218223	0	14.5	0	0	3
263	714	251.234262	1.38185571	305.767752	306.037406	305.037666	306.558291	1.52062543	0.231218223	0	15.2	0	0	3
264	716	251.828142	1.38710992	305.741027	306.045919	305.099352	306.558291	1.45893958	0.231218223	0	15.8	0	0	3
265	719	252.439574	1.39236412	305.71582	306.05369	305.156286	306.558291	1.40200523	0.231218223	0	16.4	0	0	3
266	721	253.033342	1.39761833	305.693248	306.060406	305.211405	306.558291	1.34688594	0.231218223	0	17.1	0	0	3
267	724	253.643952	1.40287253	305.672038	306.066446	305.262189	306.558291	1.29610244	0.231218223	0	17.8	0	0	3
268	726	254.235578	1.40812674	305.653173	306.071585	305.311373	306.558291	1.24691797	0.231218223	0	18.5	0	0	3
269	729	254.845577	1.41338094	305.635455	306.076101	305.356725	306.558291	1.20156575	0.231218223	0	19.2	0	0	3
270	731	255.435307	1.41863514	305.619822	306.079855	305.400687	306.558291	1.15760441	0.231218223	0	19.9	0	0	3
271	734	256.044616	1.42388935	305.605197	306.083025	305.441282	306.558291	1.11700922	0.231218223	0	20.6	0	0	3
272	736	256.63481	1.42914355	305.592306	306.085539	305.480716	306.558291	1.07757553	0.231218223	0	21.4	0	0	3
273	739	257.24339	1.43439776	305.580336	306.087524	305.517133	306.558291	1.04115773	0.231218223	0	22.2	0	0	3
274	741	257.833535	1.43965196	305.569857	306.088941	305.552594	306.558291	1.00569758	0.231218223	0	22.9	0	0	3
275	744	258.441225	1.44490617	305.560259	306.089879	305.560259	306.558291	0.998032008	0.231218223	0	23.1	0	0	3
276	746	259.030098	1.45016037	305.551962	306.090346	305.551962	306.558291	1.00632878	0.231218223	0	22.9	0	0	3
277	748	259.636298	1.45541457	305.544449	306.090364	305.544449	306.558291	1.01384187	0.231218223	0	22.8	0	0	3
278	751	260.222841	1.46066878	305.538016	306.090001	305.538016	306.558291	1.02027501	0.231218223	0	22.6	0	0	3
279	753	260.828128	1.46592298	305.532257	306.089201	305.532257	306.558291	1.02603365	0.231218223	0	22.5	0	0	3
280	756	261.414697	1.47117719	305.52746	306.088081	305.52746	306.558291	1.03083159	0.231218223	0	22.4	0	0	3
281	758	262.019333	1.47643139	305.523281	306.086553	305.523281	306.558291	1.03501051	0.231218223	0	22.3	0	0	3
282	761	262.605403	1.4816856	305.519876	306.084761	305.519876	306.558291	1.03841561	0.231218223	0	22.2	0	0	3
283	763	263.208977	1.4869398	305.517016	306.082585	305.517016	306.558291	1.04127554	0.231218223	0	22.2	0	0	3
284	765	263.795253	1.492194	305.51479	306.080186	305.51479	306.558291	1.04350093	0.231218223	0	22.1	0	0	3
285	768	264.39756	1.49744821	305.513117	306.077432	305.513117	306.558291	1.0451737	0.231218223	0	22.1	0	0	3
286	770	264.98103	1.50270241	305.512004	306.074514	305.512004	306.558291	1.04628667	0.231218223	0	22	0	0	3
287	773	265.582259	1.50795662	305.511367	306.071241	305.511367	306.558291	1.0469242	0.231218223	0	22	0	0	3
288	775	266.163879	1.51321082	305.511168	306.06785	305.511168	306.558291	1.04712325	0.231218223	0	22	0	0	3
289	777	266.764428	1.51846502	305.511393	306.064104	305.511168	306.558291	1.04712325	0.231218223	0	22	0	0	3
290	780	267.346126	1.52371923	305.512022	306.060269	305.511168	306.558291	1.04712325	0.231218223	0	22	0	0	3
291	782	267.945797	1.52897343	305.513055	306.056095	305.511168	306.558291	1.04712325	0.231218223	0	22	0	0	3
292	785	268.527045	1.53422764	305.514378	306.051859	305.511168	306.558291	1.04712325	0.231218223	0	22	0	0	3
293	787	269.125456	1.53948184	305.516051	306.0473	305.511168	306.558291	1.04712325	0.231218223	0	22	0	0	3
294	790	269.70695	1.54473605	305.517965	306.042693	305.511168	306.558291	1.04712325	0.231218223	0	22	0	0	3
295	792	270.304368	1.54999025	305.520212	306.037781	305.511168	306.558291	1.04712325	0.231218223	0	22	0	0	3
296	794	270.883235	1.55524445	305.522623	306.032858	305.511168	306.558291	1.04712325	0.231218223	0	22	0	0	3
297	797	271.479687	1.56049866	305.525338	306.027619	305.511168	306.558291	1.04712325	0.231218223	0	22	0	0	3
298	800	272.058616	1.56575286	305.528223	306.022382	305.511168	306.558291	1.04712325	0.231218223	0	22	0	0	3
299	802	272.654112	1.57100707	305.531395	306.016843	305.511168	306.558291	1.04712325	0.231218223	0	22	0	0	3
300	804	273.231767	1.57626127	305.53471	306.011328	305.511168	306.558291	1.04712325	0.231218223	0	22	0	0	3
301	808	273.826268	1.58151548	305.538291	306.005511	305.511168	306.558291	1.04712325	0.231218223	0	22	0	0	3
302	810	274.403918	1.58676968	305.541959	305.99973	305.511168	306.558291	1.04712325	0.231218223	0	22	0	0	3
303	812	274.997369	1.59202388	305.54585	305.993657	305.511168	306.558291	1.04712325	0.231218223	0	22	0	0	3
304	815	275.572247	1.59727809	305.5498	305.987648	305.511168	306.558291	1.04712325	0.231218223	0	22	0	0	3
305	817	276.165263	1.60253229	305.554002	305.98133	305.511168	306.558291	1.04712325	0.231218223	0	22	0	0	3
306	820	276.740921	1.6077865	305.558245	305.975083	305.511168	306.558291	1.04712325	0.231218223	0	22	0	0	3
307	822	277.333104	1.6130407	305.562762	305.968541	305.511168	306.558291	1.04712325	0.231218223	0	22	0	0	3
308	824	277.907029	1.61829491	305.56722	305.96209	305.511168	306.558291	1.04712325	0.231218223	0	22	0	0	3
309	827	278.498155	1.62354911	305.571899	305.955337	305.511168	306.558291	1.04712325	0.231218223	0	22	0	0	3
310	829	279.072202	1.62880331	305.576562	305.94868	305.511168	306.558291	1.04712325	0.231218223	0	22	0	0	3
311	832	279.66218	1.63405752	305.581442	305.941731	305.511168	306.558291	1.04712325	0.231218223	0	22	0	0	3
312	834	280.233785	1.63931172	305.58623	305.934895	305.511168	306.558291	1.04712325	0.231218223	0	22	0	0	3
313	837	280.822933	1.64456593	305.591286	305.927759	305.511168	306.558291	1.04712325	0.231218223	0	22	0	0	3
314	839	281.395206	1.64982013	305.596257	305.920735	305.511168	306.558291	1.04712325	0.231218223	0	22	0	0	3
315	841	281.983653	1.65507434	305.601462	305.913421	305.511168	306.558291	1.04712325	0.231218223	0	22	0	0	3
316	844	282.555151	1.66032854	305.606616	305.906228	305.511168	306.558291	1.04712325	0.231218223	0	22	0	0	3
317	847	283.142924	1.66558274	305.61198	305.898744	305.511168	306.558291	1.02787816	0.231218223	0	22.4	0	0	3
318	851	283.713708	1.67083695	305.617223	305.891393	305.511168	306.558291	1.00082964	0.231218223	0	23.1	0	0	3
319	855	284.300545	1.67609115	305.622679	305.883746	305.511168	306.558291	0.974130226	0.231218223	0	23.7	0	0	3
320	858	284.868435	1.68134536	305.628029	305.876251	305.511168	306.558291	0.947074885	0.231218223	0	24.4	0	0	3
321	860	285.45431	1.68659956	305.633578	305.868451	305.511168	306.558291	0.920354221	0.231218223	0	25.1	0	0	3
322	863	286.023159	1.69185376	305.638978	305.860801	305.511168	306.558291	0.893280995	0.231218223	0	25.8	0	0	3
323	865	286.608424	1.69710797	305.644575	305.852851	305.511168	306.558291	0.866570885	0.231218223	0	26.6	0	0	3
324	868	287.176652	1.70236217	305.650051	305.845058	305.511168	306.558291	0.839271635	0.231218223	0	27.5	0	0	3
325	870	287.761304	1.70761638	305.655735	305.836969	305.511168	306.558291	0.812443303	0.231218223	0	28.4	0	0	3
326	872	288.328513	1.71287058	305.661309	305.829042	305.511168	306.558291	0.785154056	0.231218223	0	29.4	0	0	3
327	875	288.912405	1.71812479	305.667063	305.820817	305.511168	306.558291	0.758393377	0.231218223	0	30.4	0	0	3
328	877	289.47708	1.72337899	305.672655	305.812762	305.511168	306.558291	0.730948801	0.231218223	0	31.6	0	0	3
329	880	290.060399	1.72863319	305.678458	305.804404	305.511168	306.558291	0.703993545	0.231218223	0	32.8	0	0	3
330	882	290.625968	1.7338874	305.684137	305.796217	305.511168	306.558291	0.676519385	0.231218223	0	34.1	0	0	3
331	884	291.208334	1.7391416	305.690004	305.787734	305.511168	306.558291	0.649684552	0.231218223	0	35.5	0	0	3
332	887	291.772902	1.74439581	305.695737	305.779427	305.511168	306.558291	0.622124947	0.231218223	0	37.1	0	0	3
333	889	292.354136	1.74965001	305.701599	305.770822	305.511168	306.558291	0.595210913	0.231218223	0	38.8	0	0	3
334	892	292.918126	1.75490422	305.707321	305.762397	305.511168	306.558291	0.567588065	0.231218223	0	40.7	0	0	3
335	894	293.498571	1.76015842	305.713244	305.753677	305.511168	306.558291	0.540630899	0.231218223	0	42.7	0	0	3
336	896	294.061683	1.76541262	305.719004	305.745138	305.511168	306.558291	0.51294151	0.231218223	0	45	0	0	3
337	899	294.641015	1.77066683	305.724945	305.736304	305.511168	306.558291	0.485925584	0.231218223	0	47.5	0	0	3
338	901	295.203062	1.77592103	305.730714	305.727656	305.511168	306.558291	0.458171538	0.231218223	0	50.4	0	0	3
339	903	295.781525	1.78117524	305.736633	305.71871	305.511168	306.558291	0.431092803	0.231218223	0	53.6	0	0	3
340	906	296.342865	1.78642944	305.74243	305.709953	305.511168	306.552306	0.403432669	0.231218223	0	57.3	0	0	3
341	908	296.92058	1.79168365	305.74842	305.701078	305.511168	306.52648	0.389286314	0.231218223	0	59.3	0	0	3
342	910	297.481028	1.79693785	305.754253	305.692776	305.511168	306.494371	0.39758777	0.231218223	0	58.1	0	0	3
343	913	298.057665	1.80219205	305.7602	305.684656	305.511168	306.453209	0.405708049	0.231218223	0	56.9	0	0	3
344	915	298.617143	1.80744626	305.766021	305.677251	305.511168	306.402947	0.413112614	0.231218223	0	55.9	0	0	3
345	918	299.194285	1.81270046	305.772079	305.670255	305.511168	306.349417	0.420108853	0.231218223	0	55	0	0	3
346	920	299.751495	1.81795467	305.777915	305.664073	305.511168	306.291997	0.426290822	0.231218223	0	54.2	0	0	3
347	923	300.327288	1.82320887	305.765334	305.658222	305.511168	306.236075	0.4321424	0.231218223	0	53.5	0	0	3
348	925	300.885475	1.82846307	305.736789	305.652844	305.511168	306.179709	0.437519721	0.231218223	0	52.8	0	0	3
349	928	301.460325	1.83371728	305.701553	305.647564	305.511168	306.126605	0.442799555	0.231218223	0	52.2	0	0	3
350	930	302.017737	1.83897148	305.658491	305.642576	305.511168	306.074774	0.447787942	0.231218223	0	51.6	0	0	3
351	933	302.591764	1.84422569	305.606817	305.637469	305.511168	306.027348	0.452895286	0.231218223	0	51	0	0	3
352	935	303.148727	1.84947989	305.551652	305.632474	305.511168	305.981473	0.457889541	0.231218223	0	50.4	0	0	3
353	938	303.721981	1.8547341	305.493021	305.62722	305.493021	305.939808	0.446786796	0.231218223	0	51.7	0	0	3
354	940	304.277983	1.8599883	305.435534	305.622002	305.435534	305.899681	0.464147139	0.231218223	0	49.8	0	0	3
355	943	304.85021	1.8652425	305.377231	305.616456	305.377231	305.863423	0.473907484	0.231218223	0	48.7	0	0	3
356	945	305.40537	1.87049671	305.32241	305.610921	305.32241	305.828706	0.479443296	0.231218223	0	48.2	0	0	3
357	948	305.976981	1.87575091	305.268297	305.605032	305.268297	305.797507	0.485331745	0.231218223	0	47.6	0	0	3
358	950	306.531555	1.88100512	305.218107	305.599154	305.218107	305.777915	0.491210116	0.231218223	0	47	0	0	3
359	953	307.102389	1.88625932	305.169459	305.592915	305.169459	305.777915	0.497448628	0.231218223	0	46.4	0	0	3
360	955	307.656073	1.89151353	305.125001	305.586699	305.125001	305.777915	0.503664833	0.231218223	0	45.9	0	0	3
361	958	308.226113	1.89676773	305.082094	305.580128	305.082094	305.777915	0.510236194	0.231218223	0	45.3	0	0	3
362	960	308.779346	1.90202193	305.042952	305.573592	305.042952	305.777915	0.516772093	0.231218223	0	44.7	0	0	3
363	963	309.349214	1.90727614	305.005247	305.566699	305.005247	305.777915	0.523665402	0.231218223	0	44.1	0	0	3
364	965	309.902291	1.91253034	304.970878	305.55986	304.970878	305.777915	0.530504233	0.231218223	0	43.5	0	0	3
365	968	310.471763	1.91778455	304.93777	305.552662	304.93777	305.777915	0.537701852	0.231218223	0	43	0	0	3
366	970	311.024078	1.92303875	304.907733	305.545542	304.907733	305.777915	0.54482218	0.231218223	0	42.4	0	0	3
367	972	311.592654	1.92829296	304.878917	305.538064	304.878917	305.777915	0.552299934	0.231218223	0	41.8	0	0	3
368	975	312.144263	1.93354716	304.852766	305.530677	304.852766	305.777915	0.559686604	0.231218223	0	41.3	0	0	3
369	978	312.712461	1.93880136	304.82766	305.522931	304.82766	305.777915	0.567432791	0.231218223	0	40.7	0	0	3
370	981	313.26391	1.94405557	304.804942	305.515289	304.804942	305.777915	0.575075308	0.231218223	0	40.2	0	0	3
371	983	313.831916	1.94930977	304.783212	305.507288	304.783212	305.777915	0.583075791	0.231218223	0	39.6	0	0	3
372	985	314.3829	1.95456398	304.763558	305.49941	304.763558	305.777915	0.59095417	0.231218223	0	39.1	0	0	3
373	988	314.950246	1.95981818	304.744774	305.491176	304.744774	305.777915	0.598824703	0.231218223	0	38.6	0	0	3
374	990	315.500549	1.96507239	304.727875	305.48308	304.727875	305.777915	0.606121023	0.231218223	0	38.1	0	0	3
375	993	316.067347	1.97032659	304.711773	305.474627	304.711773	305.777915	0.613454032	0.231218223	0	37.6	0	0	3
376	995	316.617253	1.97558079	304.697249	305.466322	304.697249	305.777915	0.620230949	0.231218223	0	37.2	0	0	3
377	998	317.183679	1.980835	304.683413	305.457659	304.683413	305.777915	0.627102336	0.231218223	0	36.8	0	0	3
378	1000	317.733092	1.9860892	304.671019	305.449157	304.671019	305.777915	0.633428145	0.231218223	0	36.5	0	0	3
379	1002	318.298958	1.99134341	304.659256	305.4403	304.659256	305.777915	0.63988534	0.231218223	0	36.1	0	0	3
380	1005	318.847874	1.99659761	304.648723	305.431614	304.648723	305.777915	0.645817897	0.231218223	0	35.8	0	0	3
381	1007	319.413385	2.00185181	304.638763	305.422572	304.638763	305.777915	0.65194193	0.231218223	0	35.4	0	0	3
382	1009	319.962064	2.00710602	304.629879	305.413713	304.629879	305.777915	0.657528708	0.231218223	0	35.1	0	0	3
383	1012	320.527309	2.01236022	304.621526	305.404494	304.621526	305.777915	0.663355672	0.231218223	0	34.8	0	0	3
384	1014	321.075651	2.01761443	304.614068	305.395471	304.614068	305.777915	0.668632916	0.231218223	0	34.5	0	0	3
385	1017	321.640539	2.02286863	304.607069	305.386087	304.607069	305.777915	0.674181471	0.231218223	0	34.2	0	0	3
386	1019	322.188637	2.02812284	304.600892	305.376904	304.600892	305.777915	0.679190835	0.231218223	0	34	0	0	3
387	1021	322.753339	2.03337704	304.595157	305.36736	304.595157	305.777915	0.684498941	0.231218223	0	33.7	0	0	3
388	1024	323.301187	2.03863124	304.590093	305.358025	304.590093	305.777915	0.689274545	0.231218223	0	33.5	0	0	3
389	1026	323.865446	2.04388545	304.585373	305.348333	304.585373	305.777915	0.694359734	0.231218223	0	33.2	0	0	3
390	1028	324.412621	2.04913965	304.581285	305.338858	304.581285	305.777915	0.698922728	0.231218223	0	33	0	0	3
391	1031	324.976183	2.05439386	304.57756	305.329029	304.57756	305.777915	0.703829111	0.231218223	0	32.8	0	0	3
392	1033	325.522837	2.05964806	304.574319	305.319427	304.574319	305.777915	0.708192009	0.231218223	0	32.6	0	0	3
393	1035	326.086185	2.06490227	304.571369	305.309461	304.571369	305.777915	0.712921511	0.231218223	0	32.4	0	0	3
394	1038	326.632823	2.07015647	304.568896	305.299722	304.568896	305.777915	0.717120239	0.231218223	0	32.2	0	0	3
395	1040	327.19596	2.07541067	304.566736	305.289625	304.566736	305.777915	0.721702894	0.231218223	0	32	0	0	3
396	1042	327.742325	2.08066488	304.564926	305.279764	304.564926	305.777915	0.725747003	0.231218223	0	31.8	0	0	3
397	1045	328.304155	2.08591908	304.563362	305.269555	304.563362	305.777915	0.730175022	0.231218223	0	31.6	0	0	3
398	1047	328.847924	2.09117329	304.562095	305.259599	304.562095	305.777915	0.734058194	0.231218223	0	31.4	0	0	3
399	1049	329.408894	2.09642749	304.561092	305.249275	304.561092	305.777915	0.738372516	0.231218223	0	31.3	0	0	3
400	1052	329.952171	2.1016817	304.560382	305.239216	304.560382	305.777915	0.742114676	0.231218223	0	31.1	0	0	3
401	1055	330.512675	2.1069359	304.559858	305.228774	304.559858	305.777915	0.74630901	0.231218223	0	30.9	0	0	3
402	1058	331.057441	2.1121901	304.559566	305.218571	304.559566	305.777915	0.749970268	0.231218223	0	30.8	0	0	3
403	1060	331.61732	2.11744431	304.559457	305.208018	304.559457	305.777915	0.75407212	0.231218223	0	30.6	0	0	3
404	1062	332.161801	2.12269851	304.559567	305.197711	304.559457	305.777915	0.757626258	0.231218223	0	30.5	0	0	3
405	1065	332.720881	2.12795272	304.55988	305.187055	304.559457	305.777915	0.761625119	0.231218223	0	30.3	0	0	3
406	1067	333.262984	2.13320692	304.56034	305.176659	304.559457	305.777915	0.765071809	0.231218223	0	30.2	0	0	3
407	1070	333.821712	2.13846112	304.560971	305.165898	304.559457	305.777915	0.768996952	0.231218223	0	30	0	0	3
408	1072	334.36275	2.14371533	304.561702	305.15542	304.559457	305.777915	0.772338938	0.231218223	0	29.9	0	0	3
409	1074	334.921078	2.14896953	304.562638	305.144556	304.559457	305.777915	0.776179465	0.231218223	0	29.7	0	0	3
410	1077	335.462474	2.15422374	304.563644	305.133958	304.559457	305.777915	0.779463006	0.231218223	0	29.6	0	0	3
411	1079	336.020202	2.15947794	304.564866	305.122993	304.559457	305.777915	0.783235422	0.231218223	0	29.5	0	0	3
412	1081	336.562652	2.16473215	304.566091	305.112282	304.559457	305.777915	0.786462581	0.231218223	0	29.3	0	0	3
413	1084	337.119663	2.16998635	304.567538	305.101219	304.559457	305.777915	0.790173522	0.231218223	0	29.2	0	0	3
414	1086	337.659578	2.17524055	304.569017	305.090433	304.559457	305.777915	0.793313131	0.231218223	0	29.1	0	0	3
415	1088	338.216552	2.18049476	304.570646	305.07927	304.559457	305.777915	0.796980937	0.231218223	0	29	0	0	3
416	1091	338.75599	2.18574896	304.572262	305.068412	304.559457	305.777915	0.80003894	0.231218223	0	28.9	0	0	3
417	1093	339.312621	2.19100317	304.574033	305.057154	304.559457	305.777915	0.803646348	0.231218223	0	28.7	0	0	3
418	1095	339.85252	2.19625737	304.575839	305.046178	304.559457	305.777915	0.806673174	0.231218223	0	28.6	0	0	3
419	1098	340.40888	2.20151158	304.577794	305.034825	304.559457	305.777915	0.810233069	0.231218223	0	28.5	0	0	3
420	1100	340.949576	2.20676578	304.579713	305.023748	304.559457	305.777915	0.8132214	0.231218223	0	28.4	0	0	3
421	1102	341.505336	2.21201998	304.581802	305.012302	304.559457	305.777915	0.8167393	0.231218223	0	28.3	0	0	3
422	1105	342.043648	2.21727419	304.583883	305.001156	304.559457	305.777915	0.819660937	0.231218223	0	28.2	0	0	3
423	1107	342.599169	2.22252839	304.586064	304.989618	304.559457	305.777915	0.823143915	0.231218223	0	28	0	0	3
424	1109	343.13728	2.2277826	304.588224	304.978405	304.559457	305.777915	0.825998691	0.231218223	0	27.9	0	0	3
425	1112	343.692422	2.2330368	304.590516	304.966776	304.559457	305.777915	0.829440806	0.231218223	0	27.8	0	0	3
426	1114	344.230839	2.23829101	304.592824	304.955452	304.559457	305.777915	0.832282094	0.231218223	0	27.7	0	0	3
427	1117	344.785697	2.24354521	304.595202	304.943737	304.559457	305.777915	0.835690424	0.231218223	0	27.6	0	0	3
428	1119	345.324994	2.24879941	304.59755	304.932322	304.559457	305.777915	0.83850008	0.231218223	0	27.5	0	0	3
429	1121	345.879119	2.25405362	304.600038	304.920529	304.559457	305.777915	0.841868438	0.231218223	0	27.4	0	0	3
430	1124	346.416312	2.25930782	304.602467	304.90904	304.559457	305.777915	0.844636786	0.231218223	0	27.3	0	0	3
431	1126	346.970339	2.26456203	304.605023	304.897161	304.559457	305.777915	0.847977576	0.231218223	0	27.2	0	0	3
432	1128	347.506922	2.26981623	304.607489	304.885593	304.559457	305.777915	0.850711205	0.231218223	0	27.1	0	0	3
433	1131	348.060686	2.27507044	304.610142	304.873635	304.559457	305.777915	0.854020974	0.231218223	0	27	0	0	3
434	1133	348.597483	2.28032464	304.612717	304.86199	304.559457	305.777915	0.856719521	0.231218223	0	26.9	0	0	3
435	1135	349.150842	2.28557884	304.615396	304.849953	304.559457	305.777915	0.859999376	0.231218223	0	26.8	0	0	3
436	1138	349.688922	2.29083305	304.618016	304.838222	304.559457	305.777915	0.862855113	0.231218223	0	26.7	0	0	3
437	1140	350.241622	2.29608725	304.620739	304.826107	304.559457	305.777915	0.866669653	0.231218223	0	26.6	0	0	3
438	1142	350.777251	2.30134146	304.62343	304.814309	304.559457	305.777915	0.870346405	0.231218223	0	26.5	0	0	3
439	1145	351.330017	2.30659566	304.626169	304.802119	304.559457	305.777915	0.875132651	0.231218223	0	26.4	0	0	3
440	1147	351.865089	2.31184986	304.628828	304.79025	304.559457	305.777915	0.88000552	0.231218223	0	26.2	0	0	3
441	1149	352.417538	2.31710407	304.631683	304.777957	304.559457	305.777915	0.886116205	0.231218223	0	26	0	0	3
442	1152	352.953231	2.32235827	304.634422	304.766039	304.559457	305.765334	0.892182976	0.231218223	0	25.9	0	0	3
443	1154	353.505437	2.32761248	304.637266	304.753881	304.559457	305.736789	0.898962847	0.231218223	0	25.7	0	0	3
444	1156	354.042107	2.33286668	304.640028	304.742411	304.559457	305.701553	0.905153782	0.231218223	0	25.5	0	0	3
445	1159	354.593585	2.33812089	304.642914	304.731001	304.559457	305.658491	0.911575071	0.231218223	0	25.3	0	0	3
446	1161	355.127894	2.34337509	304.645712	304.720409	304.559457	305.606817	0.917060132	0.231218223	0	25.2	0	0	3
447	1163	355.679068	2.34862929	304.648618	304.710079	304.559457	305.551652	0.922395882	0.231218223	0	25	0	0	3
448	1166	356.213099	2.3538835	304.651397	304.700655	304.559457	305.493021	0.926565341	0.231218223	0	24.9	0	0	3
449	1168	356.764078	2.3591377	304.654343	304.69161	304.559457	305.435534	0.87607718	0.231218223	0	26.3	0	0	3
450	1170	357.298436	2.36439191	304.6572	304.683462	304.559457	305.377231	0.817774023	0.231218223	0	28.2	0	0	3
451	1173	357.849248	2.36964611	304.660173	304.67573	304.559457	305.32241	0.762953369	0.231218223	0	30.3	0	0	3
452	1175	358.384453	2.37490032	304.663027	304.668825	304.559457	305.268297	0.708840265	0.231218223	0	32.6	0	0	3
453	1177	358.934618	2.38015452	304.666037	304.662325	304.559457	305.218107	0.658650337	0.231218223	0	35.1	0	0	3
454	1180	359.4676	2.38540872	304.668943	304.656569	304.559457	305.169459	0.610002576	0.231218223	0	37.9	0	0	3
455	1182	360.01773	2.39066293	304.671361	304.65119	304.559457	305.125001	0.565543652	0.231218223	0	40.8	0	0	3
456	1185	360.552463	2.39591713	304.642546	304.646143	304.559457	305.082094	0.522637511	0.231218223	0	44.2	0	0	3
457	1187	361.102012	2.40117134	304.609678	304.641064	304.559457	305.042952	0.483495362	0.231218223	0	47.8	0	0	3
458	1190	361.636358	2.40642554	304.569106	304.636131	304.559457	305.005247	0.445790049	0.231218223	0	51.8	0	0	3
459	1192	362.185433	2.41167975	304.518764	304.63093	304.518764	304.970878	0.452113729	0.231218223	0	51.1	0	0	3
460	1194	362.719747	2.41693395	304.463906	304.62568	304.463906	304.93777	0.473864143	0.231218223	0	48.7	0	0	3
461	1197	363.268301	2.42218815	304.404248	304.620013	304.404248	304.907733	0.503484985	0.231218223	0	45.9	0	0	3
462	1199	363.800081	2.42744236	304.344925	304.614231	304.344925	304.878917	0.533991666	0.231218223	0	43.2	0	0	3
463	1202	364.348979	2.43269656	304.284232	304.607945	304.284232	304.852766	0.568534272	0.231218223	0	40.6	0	0	3
464	1204	364.882464	2.43795077	304.226226	304.601522	304.226226	304.82766	0.601433526	0.231218223	0	38.4	0	0	3
465	1207	365.43073	2.44320497	304.16876	304.594584	304.16876	304.804942	0.636182758	0.231218223	0	36.3	0	0	3
466	1209	365.964172	2.44845918	304.114989	304.587529	304.114989	304.783212	0.668222564	0.231218223	0	34.6	0	0	3
467	1212	366.512187	2.45371338	304.062353	304.579956	304.062353	304.763558	0.701205524	0.231218223	0	32.9	0	0	3
468	1214	367.045234	2.45896758	304.013673	304.572303	304.013673	304.744774	0.731101377	0.231218223	0	31.6	0	0	3
469	1217	367.593029	2.46422179	303.966438	304.564139	303.966438	304.727875	0.761437012	0.231218223	0	30.3	0	0	3
470	1219	368.125837	2.46947599	303.922837	304.555934	303.922837	304.711773	0.788936484	0.231218223	0	29.3	0	0	3
471	1222	368.673328	2.4747302	303.880876	304.54723	303.880876	304.697249	0.81637288	0.231218223	0	28.3	0	0	3
472	1224	369.206057	2.4799844	303.842204	304.538519	303.842204	304.683413	0.84120877	0.231218223	0	27.4	0	0	3
473	1227	369.753514	2.4852386	303.805123	304.52932	303.805123	304.671361	0.866238529	0.231218223	0	26.6	0	0	3
474	1229	370.2859	2.49049281	303.770935	304.520156	303.770935	304.671361	0.900425608	0.231218223	0	25.6	0	0	3
475	1231	370.833349	2.49574701	303.741958	304.510548	303.741958	304.671361	0.92106593	0.231218223	0	25.1	0	0	3
476	1234	371.365543	2.50100122	303.710449	304.500996	303.710449	304.671361	0.921575962	0.231218223	0	25	0	0	3
477	1236	371.912767	2.50625542	303.683594	304.490992	303.683594	304.671361	0.922720411	0.231218223	0	25	0	0	3
478	1239	372.444999	2.51150963	303.657453	304.481087	303.657453	304.671361	0.923407181	0.231218223	0	25	0	0	3
479	1241	372.992047	2.51676383	303.628723	304.470687	303.628723	304.671361	0.924784836	0.231218223	0	25	0	0	3
480	1244	373.524111	2.52201803	303.608312	304.460439	303.608312	304.671361	0.925647922	0.231218223	0	24.9	0	0	3
481	1246	374.071133	2.52727224	303.586202	304.449738	303.586202	304.671361	0.92716583	0.231218223	0	24.9	0	0	3
482	1249	374.603183	2.53252644	303.565918	304.439186	303.565918	304.671361	0.928173607	0.231218223	0	24.9	0	0	3
483	1251	375.150194	2.53778065	303.546489	304.428186	303.546489	304.671361	0.92983984	0.231218223	0	24.8	0	0	3
484	1253	375.682193	2.54303485	303.528127	304.417351	303.528127	304.671361	0.930982491	0.231218223	0	24.8	0	0	3
485	1256	376.229021	2.54828906	303.508582	304.40605	303.508582	304.671361	0.93280803	0.231218223	0	24.7	0	0	3
486	1258	376.76078	2.55354326	303.494658	304.394961	303.494658	304.671361	0.934068468	0.231218223	0	24.7	0	0	3
487	1261	377.307699	2.55879746	303.47876	304.383419	303.47876	304.671361	0.936008514	0.231218223	0	24.7	0	0	3
488	1263	377.839414	2.56405167	303.465575	304.372096	303.465575	304.671361	0.937365193	0.231218223	0	24.6	0	0	3
489	1265	378.386174	2.56930587	303.452169	304.360332	303.452169	304.671361	0.939390405	0.231218223	0	24.6	0	0	3
490	1268	378.917952	2.57456008	303.439437	304.348785	303.439437	304.671361	0.940839694	0.231218223	0	24.5	0	0	3
491	1270	379.464608	2.57981428	303.425718	304.336783	303.425718	304.671361	0.942980898	0.231218223	0	24.5	0	0	3
492	1272	379.996121	2.58506849	303.416784	304.32504	303.416784	304.671361	0.944514879	0.231218223	0	24.4	0	0	3
493	1275	380.542904	2.59032269	303.406154	304.312859	303.406154	304.671361	0.946739943	0.231218223	0	24.4	0	0	3
494	1277	381.074442	2.59557689	303.397121	304.300944	303.397121	304.671361	0.948331382	0.231218223	0	24.3	0	0	3
495	1279	381.621024	2.6008311	303.387978	304.288591	303.387978	304.671361	0.950624484	0.231218223	0	24.3	0	0	3
496	1282	382.152744	2.6060853	303.378378	304.276491	303.378378	304.671361	0.952283388	0.231218223	0	24.2	0	0	3
497	1284	382.699284	2.61133951	303.367696	304.26393	303.367696	304.671361	0.954640882	0.231218223	0	24.2	0	0	3
498	1286	383.230704	2.61659371	303.363334	304.25167	303.363334	304.671361	0.956348177	0.231218223	0	24.1	0	0	3
499	1289	383.777335	2.62184791	303.356633	304.238986	303.356633	304.671361	0.958724439	0.231218223	0	24.1	0	0	3
500	1291	384.308743	2.62710212	303.349562	304.226575	303.349562	304.671361	0.960479585	0.231218223	0	24	0	0	3
501	1294	384.855212	2.63235632	303.343153	304.213741	303.343153	304.671361	0.962918392	0.231218223	0	24	0	0	3
502	1297	385.386846	2.63761053	303.337504	304.201199	303.337504	304.671361	0.964699167	0.231218223	0	23.9	0	0	3
503	1299	385.933504	2.64286473	303.332924	304.188233	303.332924	304.671361	0.967186968	0.231218223	0	23.9	0	0	3
504	1301	386.464799	2.64811894	303.328241	304.175586	303.328241	304.671361	0.968970004	0.231218223	0	23.8	0	0	3
505	1304	387.011463	2.65337314	303.323626	304.162496	303.323626	304.671361	0.971461615	0.231218223	0	23.8	0	0	3
506	1306	387.542766	2.65862734	303.319228	304.149723	303.319228	304.671361	0.973269613	0.231218223	0	23.7	0	0	3
507	1308	388.089211	2.66388155	303.314974	304.136516	303.314974	304.671361	0.975765605	0.231218223	0	23.6	0	0	3
508	1310	388.620592	2.66913575	303.30921	304.123595	303.30921	304.671361	0.977623696	0.231218223	0	23.6	0	0	3
509	1313	389.166984	2.67438996	303.30754	304.110277	303.30754	304.671361	0.98015552	0.231218223	0	23.5	0	0	3
510	1315	389.697999	2.67964416	303.304291	304.097293	303.304291	304.671361	0.981976896	0.231218223	0	23.5	0	0	3
511	1318	390.244287	2.68489837	303.301411	304.083869	303.301411	304.671361	0.984542574	0.231218223	0	23.4	0	0	3
512	1320	390.775418	2.69015257	303.297667	304.070777	303.297667	304.671361	0.986377114	0.231218223	0	23.4	0	0	3
513	1322	391.32169	2.69540677	303.295812	304.057251	303.295812	304.671361	0.98892701	0.231218223	0	23.3	0	0	3
514	1324	391.852824	2.70066098	303.293164	304.044063	303.293164	304.671361	0.990762465	0.231218223	0	23.3	0	0	3
515	1327	392.39915	2.70591518	303.290908	304.030437	303.290908	304.671361	0.993310947	0.231218223	0	23.2	0	0	3
516	1329	392.93001	2.71116939	303.288837	304.017149	303.288837	304.671361	0.995153068	0.231218223	0	23.2	0	0	3
517	1331	393.476329	2.71642359	303.286972	304.003436	303.286972	304.671361	0.997720201	0.231218223	0	23.1	0	0	3
518	1334	394.007406	2.7216778	303.283112	303.990061	303.283112	304.671361	0.999557617	0.231218223	0	23.1	0	0	3
519	1336	394.55359	2.726932	303.282995	303.976255	303.282995	304.671361	1.00215064	0.231218223	0	23	0	0	3
520	1338	395.084753	2.7321862	303.279676	303.962793	303.279676	304.671361	1.00398338	0.231218223	0	23	0	0	3
521	1341	395.630905	2.73744041	303.279662	303.9489	303.279662	304.671361	1.00655143	0.231218223	0	22.9	0	0	3
522	1343	396.161774	2.74269461	303.276529	303.935351	303.276529	304.671361	1.00838586	0.231218223	0	22.9	0	0	3
523	1345	396.708072	2.74794882	303.276868	303.921371	303.276529	304.671361	1.01095123	0.231218223	0	22.8	0	0	3
524	1348	397.239099	2.75320302	303.276099	303.907746	303.276099	304.671361	1.0127823	0.231218223	0	22.8	0	0	3
525	1350	397.78519	2.75845723	303.275078	303.8937	303.275078	304.671361	1.01534073	0.231218223	0	22.7	0	0	3
526	1352	398.316416	2.76371143	303.274348	303.880024	303.274348	304.671361	1.01713652	0.231218223	0	22.7	0	0	3
527	1354	398.862608	2.76896563	303.273252	303.865897	303.273252	304.671361	1.01969612	0.231218223	0	22.6	0	0	3
528	1357	399.393465	2.77421984	303.272608	303.852158	303.272608	304.671361	1.02147717	0.231218223	0	22.6	0	0	3
529	1359	399.939735	2.77947404	303.271479	303.837953	303.271479	304.671361	1.02403734	0.231218223	0	22.5	0	0	3
530	1361	400.470671	2.78472825	303.270982	303.824132	303.270982	304.671361	1.02582094	0.231218223	0	22.5	0	0	3
531	1364	401.016618	2.78998245	303.270576	303.809863	303.270576	304.671361	1.02835916	0.231218223	0	22.4	0	0	3
532	1366	401.547725	2.79523665	303.27008	303.79595	303.27008	304.671361	1.0301566	0.231218223	0	22.4	0	0	3
533	1368	402.093823	2.80049086	303.269439	303.781613	303.269439	304.671361	1.03269623	0.231218223	0	22.3	0	0	3
534	1371	402.624535	2.80574506	303.269123	303.767671	303.269123	304.671361	1.03444801	0.231218223	0	22.3	0	0	3
535	1373	403.170578	2.81099927	303.268449	303.753258	303.268449	304.671361	1.03699128	0.231218223	0	22.2	0	0	3
536	1375	403.701382	2.81625347	303.268382	303.739255	303.268382	304.671361	1.03870169	0.231218223	0	22.2	0	0	3
537	1378	404.247116	2.82150768	303.26574	303.724757	303.26574	304.671361	1.04128152	0.231218223	0	22.2	0	0	3
538	1380	404.775981	2.82676188	303.267302	303.710685	303.26574	304.671361	1.04319599	0.231218223	0	22.1	0	0	3
