Iteration	CPUTime	PhysTime	Travels	Value	AvValue	MinValue	MaxValue	Delta	Criteria	PrevAvRefValue	Progress	CriteriaType	CriteriaVarType	CriteriaPercentage
1	29	0.0162367046	0.00525420424	298.150326	298.150326	298.150326	298.150326	0	0	0	0	0	0	3
2	31	0.0324781022	0.0105084085	298.150656	298.150491	298.150326	298.150656	0.000165154789	0	0	0	0	0	3
3	33	0.0487542881	0.0157626127	298.150991	298.150658	298.150326	298.150991	0.000332094244	0	0	0	0	0	3
4	36	0.0652875332	0.021016817	298.151335	298.150829	298.150326	298.151335	0.000503546174	0	0	0	0	0	3
5	38	0.0837201606	0.0262710212	298.151722	298.151026	298.150326	298.151722	0.0007001059	0	0	0	0	0	3
6	40	0.132420249	0.0315252254	298.152753	298.151661	298.150326	298.152753	0.00133518869	0	0	0	0	0	3
7	42	0.336429492	0.0367794297	298.157071	298.154942	298.150326	298.157071	0.0046160335	0	0	0	0	0	3
8	46	1.67553863	0.0420336339	298.184271	298.178382	298.150326	298.184271	0.0280562532	0	0	0	0	0	3
9	50	10.7473596	0.0472878381	298.332431	298.308415	298.150326	298.332431	0.158088736	0	0	0	0	0	3
10	55	44.8039731	0.0525420424	298.698952	298.605271	298.150326	298.698952	0.45494558	0	0	0	0	0	3
11	58	45.6867102	0.0577962466	298.708426	298.607265	298.150326	298.708426	0.45693868	0	0	0	0	0	3
12	61	46.3795552	0.0630504509	298.715901	298.608887	298.150326	298.715901	0.458561556	0	0	0	0	0	3
13	64	46.8586132	0.0683046551	298.721118	298.610035	298.150326	298.721118	0.459708946	0	0	0	0	0	3
14	66	47.2647115	0.0735588593	298.725559	298.611027	298.150326	298.725559	0.460701531	0	0	0	0	0	3
15	69	47.6243691	0.0788130636	298.729506	298.611922	298.150326	298.729506	0.461596274	0	0	0	0	0	3
16	72	48.1363147	0.0840672678	298.735114	298.613232	298.150326	298.735114	0.462906464	0	0	0	0	0	3
17	74	48.6168349	0.0893214721	298.740413	298.614489	298.150326	298.740413	0.464163498	0	0	0	0	0	3
18	77	49.0827006	0.0945756763	298.745549	298.615733	298.150326	298.745549	0.465407445	0	0	0	0	0	3
19	79	49.5540243	0.0998298805	298.750708	298.617017	298.150326	298.750708	0.46669123	0	0	0	0	0	3
20	82	50.047109	0.105084085	298.756091	298.618387	298.150326	298.756091	0.468061444	0	0	0	0	0	3
21	85	50.8057684	0.110338289	298.764335	298.620567	298.150326	298.764335	0.470240821	0	0	0	0	0	3
22	87	51.5990821	0.115592493	298.77291	298.622909	298.150326	298.77291	0.472583026	0	0	0	0	0	3
23	90	52.4251184	0.120846697	298.781793	298.625412	298.150326	298.781793	0.475086478	0	0	0	0	0	3
24	93	53.2727271	0.126100902	298.790857	298.628045	298.150326	298.790857	0.477718828	0	0	0	0	0	3
25	95	54.130989	0.131355106	298.79999	298.630771	298.150326	298.79999	0.480445066	0	0	0	0	0	3
26	98	55.4182895	0.13660931	298.813557	298.635017	298.150326	298.813557	0.484690957	0	0	0	0	0	3
27	101	56.6950026	0.141863514	298.826896	298.639338	298.150326	298.826896	0.489011872	0	0	0	0	0	3
28	104	57.9460995	0.147117719	298.839852	298.643667	298.150326	298.839852	0.493341108	0	0	0	0	0	3
29	107	59.1662014	0.152371923	298.852387	298.647971	298.150326	298.852387	0.497645245	0	0	0	0	0	3
30	110	60.355004	0.157626127	298.870252	298.652349	298.150326	298.870252	0.502023472	0	0	0	0	0	3
31	113	61.8847727	0.162880331	298.909803	298.658714	298.150326	298.909803	0.508387635	0	0	0	0	0	3
32	116	63.379911	0.168134536	298.947115	298.665517	298.150326	298.947115	0.515191045	0	0	0	0	0	3
33	119	64.8470579	0.17338874	298.982707	298.672693	298.150326	298.982707	0.522367376	0	0	0	0	0	3
34	122	66.2896594	0.178642944	299.017045	298.680187	298.150326	299.017045	0.529861199	0	0	0	0	0	3
35	124	67.7108526	0.183897148	299.050308	298.687956	298.150326	299.050308	0.537629718	0	0	0	0	0	3
36	128	69.1116691	0.189151353	299.082607	298.695955	298.150326	299.082607	0.545628866	0	0	0	0	0	3
37	131	70.4936093	0.194405557	299.114101	298.704152	298.150326	299.114101	0.553826101	0	0	0	0	0	3
38	133	71.8566672	0.199659761	299.144855	298.712512	298.150326	299.144855	0.562185844	0	0	0	0	0	3
39	136	73.2023027	0.204913965	299.174972	298.721013	298.150326	299.174972	0.570686989	0	0	0	0	0	3
40	139	74.5301983	0.21016817	299.204469	298.729627	298.150326	299.204469	0.579300661	0	0	0	0	0	3
41	142	75.8411404	0.215422374	299.233407	298.738335	298.150326	299.233407	0.588008689	0	0	0	0	0	3
42	145	77.1354356	0.220676578	299.261788	298.747118	298.150326	299.261788	0.596791987	0	0	0	0	0	3
43	148	78.4134466	0.225930782	299.289662	298.75596	298.150326	299.289662	0.605634565	0	0	0	0	0	3
44	151	79.6755359	0.231184986	299.317023	298.764848	298.150326	299.317023	0.614521995	0	0	0	0	0	3
45	154	80.9223344	0.236439191	299.343913	298.77377	298.150326	299.343913	0.623443856	0	0	0	0	0	3
46	157	82.1541264	0.241693395	299.370326	298.782714	298.150326	299.370326	0.632388424	0	0	0	0	0	3
47	160	83.3718609	0.246947599	299.396306	298.791676	298.150326	299.396306	0.641350589	0	0	0	0	0	3
48	162	84.5752894	0.252201803	299.421834	298.800643	298.150326	299.421834	0.65031715	0	0	0	0	0	3
49	165	85.7659717	0.257456008	299.446963	298.809616	298.150326	299.446963	0.659289953	0	0	0	0	0	3
50	168	86.9434252	0.262710212	299.471666	298.818582	298.150326	299.471666	0.668255938	0	0	0	0	0	3
51	171	88.1093756	0.267964416	299.496006	298.827546	298.150326	299.496006	0.677220279	0	0	0	0	0	3
52	174	89.2629975	0.27321862	299.519941	298.836495	298.150326	299.519941	0.686168693	0	0	0	0	0	3
53	176	90.4060462	0.278472825	299.543538	298.845434	298.150326	299.543538	0.695108189	0	0	0	0	0	3
54	179	91.5377194	0.283727029	299.566756	298.854352	298.150326	299.566756	0.704025829	0	0	0	0	0	3
55	182	92.6598196	0.288981233	299.589664	298.863256	298.150326	299.589664	0.712930375	0	0	0	0	0	3
56	185	93.7715015	0.294235437	299.612216	298.872135	298.150326	299.612216	0.721809457	0	0	0	0	0	3
57	188	94.8744384	0.299489642	299.634476	298.880998	298.150326	299.634476	0.730671839	0	0	0	0	0	3
58	190	95.9676129	0.304743846	299.656406	298.88983	298.150326	299.656406	0.73950458	0	0	0	0	0	3
59	193	97.0527481	0.30999805	299.678067	298.898644	298.150326	299.678067	0.748317764	0	0	0	0	0	3
60	196	98.1287847	0.315252254	299.69941	298.907425	298.150326	299.69941	0.757098615	0	0	0	0	0	3
61	199	99.1976554	0.320506459	299.72051	298.916186	298.150326	299.72051	0.765859748	0	0	0	0	0	3
62	202	100.258183	0.325760663	299.741296	298.924914	298.150326	299.741296	0.774587735	0	0	0	0	0	3
63	204	101.311257	0.331014867	299.761839	298.933613	298.150326	299.761839	0.783287114	0	0	0	0	0	3
64	207	102.357164	0.336269071	299.782101	298.942283	298.150326	299.782101	0.791957145	0	0	0	0	0	3
65	210	103.395719	0.341523275	299.802124	298.95092	298.150326	299.802124	0.800593781	0	0	0	0	0	3
66	212	104.427781	0.34677748	299.821881	298.959527	298.150326	299.821881	0.809201509	0	0	0	0	0	3
67	215	105.453104	0.352031684	299.841423	298.968102	298.150326	299.841423	0.817776205	0	0	0	0	0	3
68	218	106.47211	0.357285888	299.860717	298.976645	298.150326	299.860717	0.826319094	0	0	0	0	0	3
69	221	107.484994	0.362540092	299.879806	298.985156	298.150326	299.879806	0.834830026	0	0	0	0	0	3
70	223	108.491859	0.367794297	299.898647	298.993634	298.150326	299.898647	0.843307736	0	0	0	0	0	3
71	226	109.493136	0.373048501	299.91731	299.00208	298.150326	299.91731	0.851754433	0	0	0	0	0	3
72	229	110.48873	0.378302705	299.935739	299.010493	298.150326	299.935739	0.860167464	0	0	0	0	0	3
73	231	111.478853	0.383556909	299.953983	299.018873	298.150326	299.953983	0.868547261	0	0	0	0	0	3
74	234	112.464077	0.388811114	299.972028	299.027223	298.150326	299.972028	0.876897227	0	0	0	0	0	3
75	237	113.443263	0.394065318	299.989881	299.035532	298.150326	299.989881	0.885206413	0	0	0	0	0	3
76	240	114.417958	0.399319522	300.007547	299.043813	298.150326	300.007547	0.893486738	0	0	0	0	0	3
77	242	115.386896	0.404573726	300.025038	299.052052	298.150326	300.025038	0.90172638	0	0	0	0	0	3
78	245	116.351776	0.409827931	300.042353	299.060265	298.150326	300.042353	0.909938727	0	0	0	0	0	3
79	248	117.311409	0.415082135	300.059521	299.068439	298.150326	300.059521	0.918112862	0	0	0	0	0	3
80	251	118.267444	0.420336339	300.076518	299.076588	298.150326	300.076518	0.926261848	0	0	0	0	0	3
81	253	119.218561	0.425590543	300.093363	299.084699	298.150326	300.093363	0.934373609	0	0	0	0	0	3
82	256	120.16619	0.430844748	300.112785	299.092807	298.150326	300.112785	0.942481081	0	0	0	0	0	3
83	258	121.109036	0.436098952	300.14466	299.100996	298.150326	300.14466	0.950669853	0	0	0	0	0	3
84	261	122.048265	0.441353156	300.175895	299.109268	298.150326	300.175895	0.958941803	0	0	0	0	0	3
85	264	122.983322	0.44660736	300.206506	299.11761	298.150326	300.206506	0.967284232	0	0	0	0	0	3
86	267	123.91461	0.451861564	300.236769	299.126021	298.150326	300.236769	0.975695348	0	0	0	0	0	3
87	270	124.842341	0.457115769	300.266703	299.134498	298.150326	300.266703	0.984171999	0	0	0	0	0	3
88	273	125.765674	0.462369973	300.29628	299.143027	298.150326	300.29628	0.992701449	0	0	0	0	0	3
89	276	126.685654	0.467624177	300.325576	299.151615	298.150326	300.325576	1.00128902	0	0	0	0	0	3
90	278	127.600797	0.472878381	300.354567	299.160242	298.150326	300.354567	1.0099165	0	0	0	0	0	3
91	281	128.512689	0.478132586	300.383401	299.168922	298.150326	300.383401	1.0185957	0	0	0	0	0	3
92	284	129.420043	0.48338679	300.411896	299.177636	298.150326	300.411896	1.0273101	0	0	0	0	0	3
93	286	130.32358	0.488640994	300.440228	299.18639	298.150326	300.440228	1.03606369	0	0	0	0	0	3
94	289	131.223462	0.493895198	300.46829	299.19518	298.150326	300.46829	1.04485449	0	0	0	0	0	3
95	292	132.118622	0.499149403	300.49614	299.203995	298.150326	300.49614	1.05366904	0	0	0	0	0	3
96	295	133.010281	0.504403607	300.523765	299.212842	298.150326	300.523765	1.06251637	0	0	0	0	0	3
97	298	133.897049	0.509657811	300.551164	299.221836	298.150656	300.551164	1.07134453	0	0	0	0	0	3
98	300	134.779986	0.514912015	300.57832	299.230853	298.150991	300.57832	1.08019511	0	0	0	0	0	3
99	303	135.658406	0.52016622	300.605258	299.239885	298.151335	300.605258	1.08905606	0	0	0	0	0	3
100	306	136.532588	0.525420424	300.631917	299.248934	298.151722	300.631917	1.09790845	0	0	0	0	0	3
101	309	137.403119	0.530674628	300.658379	299.258017	298.152753	300.658379	1.10635576	0	0	0	0	0	3
102	312	138.268708	0.535928832	300.684556	299.267345	298.157071	300.684556	1.11240356	0	0	0	0	0	3
103	314	139.130761	0.541183037	300.710537	299.277941	298.184271	300.710537	1.09955897	0	0	0	0	0	3
104	317	139.988093	0.546437241	300.736231	299.297569	298.332431	300.736231	0.989154361	0	0	0	0	0	3
105	320	140.842276	0.551691445	300.76175	299.374484	298.698952	300.76175	0.769212408	0	0	0	0	0	3
106	322	141.692186	0.556945649	300.786968	299.624327	298.708426	300.786968	1.01706215	0	0	0	0	0	3
107	325	142.53944	0.562199853	300.812055	299.643065	298.715901	300.812055	1.03417708	0	0	0	0	0	3
108	328	143.382779	0.567454058	300.836838	299.660065	298.721118	300.836838	1.05003053	0	0	0	0	0	3
109	330	144.223358	0.572708262	300.861465	299.675057	298.725559	300.861465	1.06402983	0	0	0	0	0	3
110	333	145.060041	0.577962466	300.885823	299.689359	298.729506	300.885823	1.07743655	0	0	0	0	0	3
111	335	145.892958	0.58321667	300.909966	299.703218	298.735114	300.909966	1.08998515	0	0	0	0	0	3
112	338	146.722343	0.588470875	300.933869	299.718598	298.740413	300.933869	1.1041086	0	0	0	0	0	3
113	341	147.548949	0.593725079	300.957585	299.733701	298.745549	300.957585	1.11796784	0	0	0	0	0	3
114	343	148.371499	0.598979283	300.981054	299.748671	298.750708	300.981054	1.13165409	0	0	0	0	0	3
115	346	149.191393	0.604233487	301.004351	299.763725	298.756091	301.004351	1.14533735	0	0	0	0	0	3
116	348	150.007513	0.609487692	301.027431	299.779013	298.764335	301.027431	1.15844587	0	0	0	0	0	3
117	351	150.821518	0.614741896	301.050333	299.797056	298.77291	301.050333	1.17414738	0	0	0	0	0	3
118	354	151.631739	0.6199961	301.073015	299.815513	298.781793	301.073015	1.19010068	0	0	0	0	0	3
119	356	152.440835	0.625250304	301.095549	299.834406	298.790857	301.095549	1.20636099	0	0	0	0	0	3
120	359	153.245536	0.630504509	301.117977	299.853585	298.79999	301.117977	1.22281409	0	0	0	0	0	3
121	361	154.049107	0.635758713	301.140241	299.872983	298.813557	301.140241	1.23796588	0	0	0	0	0	3
122	364	154.848083	0.641012917	301.162268	299.897059	298.826896	301.162268	1.25772133	0	0	0	0	0	3
123	367	155.646418	0.646267121	301.184149	299.921251	298.839852	301.184149	1.27758398	0	0	0	0	0	3
124	369	156.443696	0.651521326	301.205895	299.945385	298.852387	301.205895	1.29741397	0	0	0	0	0	3
125	372	157.240514	0.65677553	301.227514	299.969399	298.870252	301.227514	1.3170501	0	0	0	0	0	3
126	374	158.035365	0.662029734	301.248979	299.993189	298.909803	301.248979	1.33447522	0	0	0	0	0	3
127	377	158.827885	0.667283938	301.270259	300.020725	298.947115	301.270259	1.35520788	0	0	0	0	0	3
128	379	159.617132	0.672538143	301.291364	300.047825	298.982707	301.291364	1.37513171	0	0	0	0	0	3
129	382	160.404378	0.677792347	301.31229	300.074596	299.017045	301.31229	1.39440852	0	0	0	0	0	3
130	384	161.188516	0.683046551	301.333052	300.10107	299.050308	301.333052	1.41311478	0	0	0	0	0	3
131	387	161.97083	0.688300755	301.353655	300.127309	299.082607	301.353655	1.43135425	0	0	0	0	0	3
132	390	162.747933	0.693554959	301.374044	300.153285	299.114101	301.374044	1.44913282	0	0	0	0	0	3
133	392	163.535396	0.698809164	301.394577	300.179225	299.144855	301.394577	1.4667137	0	0	0	0	0	3
134	395	164.311637	0.704063368	301.41476	300.204848	299.174972	301.41476	1.48383562	0	0	0	0	0	3
135	397	165.092032	0.709317572	301.434918	300.230377	299.204469	301.434918	1.50075014	0	0	0	0	0	3
136	399	165.858274	0.714571776	301.454661	300.255565	299.233407	301.454661	1.51723039	0	0	0	0	0	3
137	402	166.639231	0.719825981	301.474662	300.280808	299.261788	301.474662	1.53369049	0	0	0	0	0	3
138	404	167.407477	0.725080185	301.494287	300.305746	299.289662	301.494287	1.54978545	0	0	0	0	0	3
139	407	168.182998	0.730334389	301.513989	300.330649	299.317023	301.513989	1.56580161	0	0	0	0	0	3
140	409	168.939097	0.735588593	301.53312	300.355166	299.343913	301.53312	1.58139674	0	0	0	0	0	3
141	412	169.71173	0.740842798	301.552592	300.379787	299.370326	301.552592	1.59707223	0	0	0	0	0	3
142	414	170.46465	0.746097002	301.57149	300.404027	299.396306	301.57149	1.6123507	0	0	0	0	0	3
143	417	171.233429	0.751351206	301.590697	300.428377	299.421834	301.590697	1.62773407	0	0	0	0	0	3
144	419	171.98159	0.75660541	301.609333	300.452344	299.446963	301.609333	1.64272805	0	0	0	0	0	3
145	422	172.746519	0.761859615	301.628298	300.476448	299.471666	301.628298	1.65786644	0	0	0	0	0	3
146	424	173.490658	0.767113819	301.646684	300.50018	299.496006	301.646684	1.67263368	0	0	0	0	0	3
147	426	174.251597	0.772368023	301.665405	300.524065	299.519941	301.665405	1.68756997	0	0	0	0	0	3
148	429	174.991797	0.777622227	301.683545	300.547588	299.543538	301.683545	1.7021538	0	0	0	0	0	3
149	431	175.748755	0.782876432	301.702046	300.571275	299.566756	301.702046	1.71692365	0	0	0	0	0	3
150	434	176.485066	0.788130636	301.719957	300.594614	299.589664	301.719957	1.73135796	0	0	0	0	0	3
151	436	177.237932	0.79338484	301.738217	300.618127	299.612216	301.738217	1.74599129	0	0	0	0	0	3
152	439	177.970544	0.798639044	301.755909	300.641307	299.634476	301.755909	1.76030976	0	0	0	0	0	3
153	441	178.7196	0.803893248	301.773947	300.664671	299.656406	301.773947	1.77484012	0	0	0	0	0	3
154	443	179.449263	0.809147453	301.791445	300.687722	299.678067	301.791445	1.78907839	0	0	0	0	0	3
155	446	180.194906	0.814401657	301.812503	300.710987	299.69941	301.812503	1.80356248	0	0	0	0	0	3
156	448	180.921696	0.819655861	301.841754	300.73406	299.72051	301.841754	1.81787486	0	0	0	0	0	3
157	451	181.664345	0.824910065	301.87133	300.757439	299.741296	301.87133	1.83252534	0	0	0	0	0	3
158	453	182.38801	0.83016427	301.899882	300.780627	299.761839	301.899882	1.84701357	0	0	0	0	0	3
159	456	183.127942	0.835418474	301.928971	300.804125	299.782101	301.928971	1.86184187	0	0	0	0	0	3
160	459	183.848217	0.840672678	301.957156	300.827433	299.802124	301.957156	1.87651382	0	0	0	0	0	3
161	461	184.585145	0.845926882	301.985899	300.851064	299.821881	301.985899	1.89153657	0	0	0	0	0	3
162	464	185.301945	0.851181087	302.013763	300.874503	299.841423	302.013763	1.90640082	0	0	0	0	0	3
163	466	186.035498	0.856435291	302.042226	300.898278	299.860717	302.042226	1.9216327	0	0	0	0	0	3
164	469	186.748391	0.861689495	302.069812	300.921852	299.879806	302.069812	1.93669607	0	0	0	0	0	3
165	471	187.478604	0.866943699	302.098028	300.945783	299.898647	302.098028	1.95214942	0	0	0	0	0	3
166	474	188.187669	0.872197904	302.125353	300.969507	299.91731	302.125353	1.96742688	0	0	0	0	0	3
167	476	188.914413	0.877452108	302.153307	300.993605	299.935739	302.153307	1.98311144	0	0	0	0	0	3
168	479	189.620192	0.882706312	302.18039	301.017499	299.953983	302.18039	1.99862624	0	0	0	0	0	3
169	481	190.343207	0.887960516	302.208093	301.041767	299.972028	302.208093	2.01454362	0	0	0	0	0	3
170	484	191.045551	0.893214721	302.234903	301.065843	299.989881	302.234903	2.0303104	0	0	0	0	0	3
171	487	191.765119	0.898468925	302.26232	301.090287	300.007547	302.26232	2.04647424	0	0	0	0	0	3
172	489	192.463852	0.903723129	302.288845	301.114539	300.025038	302.288845	2.06248717	0	0	0	0	0	3
173	491	193.180126	0.908977333	302.315993	301.139172	300.042353	302.315993	2.07890717	0	0	0	0	0	3
174	494	193.8754	0.914231537	302.342208	301.163613	300.059521	302.342208	2.09517383	0	0	0	0	0	3
175	496	194.588091	0.919485742	302.369041	301.188441	300.076518	302.369041	2.11185279	0	0	0	0	0	3
176	499	195.279719	0.924739946	302.394938	301.213079	300.093363	302.394938	2.12837974	0	0	0	0	0	3
177	501	195.989061	0.92999415	302.421459	301.238117	300.112785	302.421459	2.14530969	0	0	0	0	0	3
178	504	196.676677	0.935248354	302.447022	301.262919	300.14466	302.447022	2.16192352	0	0	0	0	0	3
179	506	197.382426	0.940502559	302.473228	301.287941	300.175895	302.473228	2.17867368	0	0	0	0	0	3
180	509	198.066794	0.945756763	302.498476	301.312579	300.206506	302.498476	2.19496889	0	0	0	0	0	3
181	511	198.768919	0.951010967	302.524333	301.337452	300.236769	302.524333	2.21143114	0	0	0	0	0	3
182	514	199.450243	0.956265171	302.54926	301.361953	300.266703	302.54926	2.22745534	0	0	0	0	0	3
183	517	200.149165	0.961519376	302.574799	301.386702	300.29628	302.574799	2.24367507	0	0	0	0	0	3
184	519	200.827531	0.96677358	302.599421	301.411076	300.325576	302.599421	2.25946061	0	0	0	0	0	3
185	521	201.523257	0.972027784	302.624623	301.435701	300.354567	302.624623	2.27005578	0	0	0	0	0	3
186	524	202.198439	0.977281988	302.648914	301.459945	300.383401	302.648914	2.2655133	0	0	0	0	0	3
187	526	202.89099	0.982536193	302.673809	301.484446	300.411896	302.673809	2.2619133	0	0	0	0	0	3
188	529	203.563001	0.987790397	302.697786	301.508569	300.440228	302.697786	2.25755856	0	0	0	0	0	3
189	531	204.252351	0.993044601	302.722342	301.532944	300.46829	302.722342	2.25405191	0	0	0	0	0	3
190	534	204.9211	0.998298805	302.746002	301.556952	300.49614	302.746002	2.24986242	0	0	0	0	0	3
191	536	205.607491	1.00355301	302.770266	301.581206	300.523765	302.770266	2.24650119	0.138578258	0	6.1	0	0	3
192	539	206.273191	1.00880721	302.793604	301.605092	300.551164	302.793604	2.24244003	0.1392784	0	6.2	0	0	3
193	541	206.956641	1.01406142	302.817541	301.629226	300.57832	302.817541	2.23922031	0.139637445	0	6.2	0	0	3
194	544	207.619536	1.01931562	302.840603	301.652989	300.605258	302.840603	2.23534498	0.13998431	0	6.2	0	0	3
195	546	208.299755	1.02456983	302.864241	301.677001	300.631917	302.864241	2.23232424	0.140332125	0	6.2	0	0	3
196	549	208.959801	1.02982403	302.886998	301.700642	300.658379	302.886998	2.22861918	0.140671171	0	6.3	0	0	3
197	551	209.636941	1.03507823	302.910334	301.724543	300.684556	302.910334	2.22577798	0.140992289	0	6.3	0	0	3
198	554	210.294379	1.04033244	302.93282	301.74807	300.710537	302.93282	2.2222831	0.141201457	0	6.3	0	0	3
199	556	210.968644	1.04558664	302.955868	301.771857	300.736231	302.955868	2.21963741	0.140889164	0	6.3	0	0	3
200	559	211.623549	1.05084085	302.97808	301.795279	300.76175	302.97808	2.21633005	0.139498575	0	6.2	0	0	3
201	562	212.295389	1.05609505	303.000849	301.81897	300.786968	303.000849	2.19464302	0.138578258	0	6.3	0	0	3
202	564	212.947526	1.06134926	303.022787	301.842297	300.812055	303.022787	2.19923204	0.138578258	0	6.3	0	0	3
203	567	213.61693	1.06660346	303.045306	301.865907	300.836838	303.045306	2.20584172	0.138578258	0	6.2	0	0	3
204	569	214.266368	1.07185766	303.066979	301.889155	300.861465	303.066979	2.20551407	0.138578258	0	6.2	0	0	3
205	572	214.933131	1.07711187	303.089215	301.912688	300.885823	303.089215	2.20339253	0.138578258	0	6.2	0	0	3
206	574	215.57996	1.08236607	303.110646	301.935859	300.909966	303.110646	2.20067993	0.138578258	0	6.2	0	0	3
207	576	216.244082	1.08762028	303.132625	301.959303	300.933869	303.132625	2.1987556	0.138578258	0	6.3	0	0	3
208	579	216.888495	1.09287448	303.153795	301.982394	300.957585	303.153795	2.19621011	0.138578258	0	6.3	0	0	3
209	581	217.550156	1.09812869	303.175533	302.005773	300.981054	303.175533	2.1944791	0.138578258	0	6.3	0	0	3
210	584	218.191919	1.10338289	303.196468	302.028789	301.004351	303.196468	2.19211723	0.138578258	0	6.3	0	0	3
211	586	218.851333	1.10863709	303.217959	302.052104	301.027431	303.217959	2.19052772	0.138578258	0	6.3	0	0	3
212	589	219.490515	1.1138913	303.238649	302.075055	301.050333	303.238649	2.18831657	0.138578258	0	6.3	0	0	3
213	591	220.147705	1.1191455	303.259938	302.098319	301.073015	303.259938	2.18692247	0.138578258	0	6.3	0	0	3
214	594	220.784634	1.12439971	303.280386	302.121219	301.095549	303.280386	2.18483675	0.138578258	0	6.3	0	0	3
215	596	221.439106	1.12965391	303.301428	302.144441	301.117977	303.301428	2.18345045	0.138578258	0	6.3	0	0	3
216	598	222.073834	1.13490812	303.321709	302.167298	301.140241	303.321709	2.18146806	0.138578258	0	6.3	0	0	3
217	601	222.725681	1.14016232	303.342468	302.19047	301.162268	303.342468	2.18019988	0.138578258	0	6.3	0	0	3
218	603	223.358369	1.14541652	303.362531	302.213285	301.184149	303.362531	2.17838217	0.138578258	0	6.3	0	0	3
219	606	224.007905	1.15067073	303.38315	302.236419	301.205895	303.38315	2.17725462	0.138578258	0	6.3	0	0	3
220	608	224.638372	1.15592493	303.402931	302.259251	301.227514	303.402931	2.17541766	0.138578258	0	6.3	0	0	3
221	611	225.285751	1.16117914	303.423326	302.282408	301.248979	303.423326	2.17434722	0.138578258	0	6.3	0	0	3
222	613	225.913901	1.16643334	303.44295	302.305249	301.270259	303.44295	2.1726916	0.138578258	0	6.3	0	0	3
223	616	226.559322	1.17168755	303.46314	302.328393	301.291364	303.46314	2.17177561	0.138578258	0	6.3	0	0	3
224	618	227.185205	1.17694175	303.48256	302.351198	301.31229	303.48256	2.17027001	0.138578258	0	6.3	0	0	3
225	620	227.828458	1.18219595	303.502537	302.374312	301.333052	303.502537	2.16948517	0.138578258	0	6.3	0	0	3
226	623	228.452279	1.18745016	303.521785	302.397093	301.353655	303.521785	2.16813025	0.138578258	0	6.3	0	0	3
227	625	229.093319	1.19270436	303.541587	302.420184	301.374044	303.541587	2.16754333	0.138578258	0	6.3	0	0	3
228	628	229.715262	1.19795857	303.560641	302.442916	301.394577	303.560641	2.16606375	0.138578258	0	6.3	0	0	3
229	630	230.353941	1.20321277	303.580233	302.466141	301.41476	303.580233	2.16547269	0.138578258	0	6.3	0	0	3
230	632	230.973836	1.20846697	303.599118	302.48892	301.434918	303.599118	2.16419983	0.138578258	0	6.4	0	0	3
231	635	231.610483	1.21372118	303.618541	302.512097	301.454661	303.618541	2.16387997	0.138578258	0	6.4	0	0	3
232	637	232.228511	1.21897538	303.637239	302.534782	301.474662	303.637239	2.16257731	0.138578258	0	6.4	0	0	3
233	640	232.863238	1.22422959	303.656475	302.558035	301.494287	303.656475	2.16218805	0.138578258	0	6.4	0	0	3
234	642	233.479548	1.22948379	303.675017	302.580822	301.513989	303.675017	2.16102795	0.138578258	0	6.4	0	0	3
235	645	234.112221	1.234738	303.694093	302.604055	301.53312	303.694093	2.16097276	0.138578258	0	6.4	0	0	3
236	647	234.726528	1.2399922	303.712466	302.626713	301.552592	303.712466	2.15987408	0.138578258	0	6.4	0	0	3
237	649	235.357203	1.2452464	303.731343	302.649968	301.57149	303.731343	2.15985311	0.138578258	0	6.4	0	0	3
238	652	235.969665	1.25050061	303.749558	302.672645	301.590697	303.749558	2.1588602	0.138578258	0	6.4	0	0	3
239	654	236.598192	1.25575481	303.768295	302.695905	301.609333	303.768295	2.15896233	0.138578258	0	6.4	0	0	3
240	657	237.208788	1.26100902	303.78635	302.718576	301.628298	303.78635	2.15805214	0.138578258	0	6.4	0	0	3
241	659	237.835358	1.26626322	303.804901	302.741846	301.646684	303.804901	2.15821706	0.138578258	0	6.4	0	0	3
242	661	238.444025	1.27151743	303.822805	302.764523	301.665405	303.822805	2.15739959	0.138578258	0	6.4	0	0	3
243	664	239.068774	1.27677163	303.841218	302.787804	301.683545	303.841218	2.15767286	0.138578258	0	6.4	0	0	3
244	666	239.675689	1.28202583	303.858954	302.810491	301.702046	303.858954	2.15690869	0.138578258	0	6.4	0	0	3
245	669	240.298631	1.28728004	303.87223	302.833736	301.719957	303.87223	2.15227373	0.138578258	0	6.4	0	0	3
246	671	240.903761	1.29253424	303.879845	302.856293	301.738217	303.879845	2.14162811	0.138578258	0	6.4	0	0	3
247	674	241.524949	1.29778845	303.887252	302.879349	301.755909	303.887252	2.13134363	0.138578258	0	6.5	0	0	3
248	676	242.128416	1.30304265	303.895294	302.901733	301.773947	303.895294	2.12134657	0.138578258	0	6.5	0	0	3
249	679	242.748015	1.30829686	303.903295	302.924619	301.791445	303.903295	2.11185037	0.138578258	0	6.5	0	0	3
250	681	243.349732	1.31355106	303.910989	302.946846	301.812503	303.910989	2.09848613	0.138578258	0	6.6	0	0	3
251	684	243.967796	1.31880526	303.918289	302.969524	301.841754	303.918289	2.07653563	0.138578258	0	6.6	0	0	3
252	686	244.567764	1.32405947	303.926142	302.99142	301.87133	303.926142	2.05481195	0.138578258	0	6.7	0	0	3
253	689	245.184859	1.32931367	303.933289	303.013666	301.899882	303.933289	2.03340717	0.138578258	0	6.8	0	0	3
254	691	245.783159	1.33456788	303.941031	303.035132	301.928971	303.941031	2.01206074	0.138578258	0	6.8	0	0	3
255	694	246.399695	1.33982208	303.948727	303.05697	301.957156	303.948727	1.99157061	0.138578258	0	6.9	0	0	3
256	696	246.9964	1.34507629	303.956036	303.07801	301.985899	303.956036	1.9701371	0.138578258	0	7	0	0	3
257	699	247.612088	1.35033049	303.962985	303.099425	302.013763	303.962985	1.94922185	0.138578258	0	7.1	0	0	3
258	701	248.207087	1.35558469	303.970454	303.120035	302.042226	303.970454	1.92822794	0.138578258	0	7.1	0	0	3
259	704	248.821689	1.3608389	303.977943	303.141025	302.069812	303.977943	1.90813055	0.138578258	0	7.2	0	0	3
260	706	249.41572	1.3660931	303.985034	303.161211	302.098028	303.985034	1.88700625	0.138578258	0	7.3	0	0	3
261	709	250.029162	1.37134731	303.992483	303.181775	302.125353	303.992483	1.86713057	0.138578258	0	7.4	0	0	3
262	711	250.621859	1.37660151	303.999492	303.201536	302.153307	303.999492	1.8461852	0.138578258	0	7.5	0	0	3
263	714	251.234262	1.38185571	304.006896	303.221674	302.18039	304.006896	1.8265059	0.138578258	0	7.5	0	0	3
264	716	251.828142	1.38710992	304.013904	303.241051	302.208093	304.013904	1.80581099	0.138578258	0	7.6	0	0	3
265	719	252.439574	1.39236412	304.021271	303.26076	302.234903	304.021271	1.78636798	0.138578258	0	7.7	0	0	3
266	721	253.033342	1.39761833	304.028241	303.279735	302.26232	304.028241	1.76592056	0.138578258	0	7.8	0	0	3
267	724	253.643952	1.40287253	304.035605	303.299025	302.288845	304.035605	1.74675995	0.138578258	0	7.9	0	0	3
268	726	254.235578	1.40812674	304.042565	303.317573	302.315993	304.042565	1.72657154	0.138578258	0	8	0	0	3
269	729	254.845577	1.41338094	304.049921	303.336452	302.342208	304.049921	1.70771302	0.138578258	0	8.1	0	0	3
270	731	255.435307	1.41863514	304.056875	303.354582	302.369041	304.056875	1.68783326	0.138578258	0	8.2	0	0	3
271	734	256.044616	1.42388935	304.064264	303.373047	302.394938	304.064264	1.66932671	0.138578258	0	8.3	0	0	3
272	736	256.63481	1.42914355	304.071244	303.390789	302.421459	304.071244	1.64978516	0.138578258	0	8.3	0	0	3
273	739	257.24339	1.43439776	304.078643	303.408848	302.447022	304.078643	1.63162091	0.138578258	0	8.4	0	0	3
274	741	257.833535	1.43965196	304.085655	303.426194	302.473228	304.085655	1.61242738	0.138578258	0	8.5	0	0	3
275	744	258.441225	1.44490617	304.093085	303.443846	302.498476	304.093085	1.59460908	0.138578258	0	8.6	0	0	3
276	746	259.030098	1.45016037	304.099506	303.460792	302.524333	304.099506	1.57517329	0.138578258	0	8.7	0	0	3
277	748	259.636298	1.45541457	304.106638	303.478026	302.54926	304.106638	1.55737815	0.138578258	0	8.8	0	0	3
278	751	260.222841	1.46066878	304.114001	303.494577	302.574799	304.114001	1.53920161	0.138578258	0	9	0	0	3
279	753	260.828128	1.46592298	304.120852	303.511418	302.599421	304.120852	1.52143045	0.138578258	0	9.1	0	0	3
280	756	261.414697	1.47117719	304.128326	303.527602	302.624623	304.128326	1.50370273	0.138578258	0	9.2	0	0	3
281	758	262.019333	1.47643139	304.135819	303.544066	302.648914	304.135819	1.48690474	0.138578258	0	9.3	0	0	3
282	761	262.605403	1.4816856	304.142421	303.559876	302.673809	304.142421	1.46861201	0.138578258	0	9.4	0	0	3
283	763	263.208977	1.4869398	304.1503	303.575958	302.697786	304.1503	1.45251327	0.138578258	0	9.5	0	0	3
284	765	263.795253	1.492194	304.156934	303.591411	302.722342	304.156934	1.43459245	0.138578258	0	9.6	0	0	3
285	768	264.39756	1.49744821	304.164851	303.607114	302.746002	304.164851	1.41884946	0.138578258	0	9.7	0	0	3
286	770	264.98103	1.50270241	304.171513	303.622185	302.770266	304.171513	1.40124665	0.138578258	0	9.8	0	0	3
287	773	265.582259	1.50795662	304.179498	303.637522	302.793604	304.179498	1.38589391	0.138578258	0	9.9	0	0	3
288	775	266.163879	1.51321082	304.186204	303.652231	302.817541	304.186204	1.3686631	0.138578258	0	10.1	0	0	3
289	777	266.764428	1.51846502	304.194242	303.667212	302.840603	304.194242	1.35363868	0.138578258	0	10.2	0	0	3
290	780	267.346126	1.52371923	304.200979	303.681585	302.864241	304.200979	1.33673833	0.138578258	0	10.3	0	0	3
291	782	267.945797	1.52897343	304.209073	303.696209	302.886998	304.209073	1.32207545	0.138578258	0	10.4	0	0	3
292	785	268.527045	1.53422764	304.215878	303.710247	302.910334	304.215878	1.30554425	0.138578258	0	10.6	0	0	3
293	787	269.125456	1.53948184	304.223987	303.72452	302.93282	304.223987	1.29116696	0.138578258	0	10.7	0	0	3
294	790	269.70695	1.54473605	304.230866	303.738236	302.955868	304.230866	1.27499793	0.138578258	0	10.8	0	0	3
295	792	270.304368	1.54999025	304.239017	303.752169	302.97808	304.239017	1.2609365	0.138578258	0	10.9	0	0	3
296	794	270.883235	1.55524445	304.245924	303.765547	303.000849	304.245924	1.24507487	0.138578258	0	11.1	0	0	3
297	797	271.479687	1.56049866	304.254104	303.779151	303.022787	304.254104	1.2313168	0.138578258	0	11.2	0	0	3
298	800	272.058616	1.56575286	304.261768	303.792222	303.045306	304.261768	1.21646247	0.138578258	0	11.3	0	0	3
299	802	272.654112	1.57100707	304.268984	303.8055	303.066979	304.268984	1.20200434	0.138578258	0	11.5	0	0	3
300	804	273.231767	1.57626127	304.277023	303.818253	303.089215	304.277023	1.18780758	0.138578258	0	11.6	0	0	3
301	808	273.826268	1.58151548	304.284233	303.831211	303.110646	304.284233	1.17358612	0.138578258	0	11.8	0	0	3
302	810	274.403918	1.58676968	304.292298	303.843662	303.132625	304.292298	1.15967284	0.138578258	0	11.9	0	0	3
303	812	274.997369	1.59202388	304.299528	303.856304	303.153795	304.299528	1.14573282	0.138578258	0	12	0	0	3
304	815	275.572247	1.59727809	304.306957	303.868433	303.175533	304.306957	1.13142401	0.138578258	0	12.2	0	0	3
305	817	276.165263	1.60253229	304.314548	303.880768	303.196468	304.314548	1.11807956	0.138578258	0	12.3	0	0	3
306	820	276.740921	1.6077865	304.322708	303.892614	303.217959	304.322708	1.10474879	0.138578258	0	12.5	0	0	3
307	822	277.333104	1.6130407	304.330025	303.90465	303.238649	304.330025	1.09137583	0.138578258	0	12.6	0	0	3
308	824	277.907029	1.61829491	304.338219	303.916197	303.259938	304.338219	1.07828119	0.138578258	0	12.8	0	0	3
309	827	278.498155	1.62354911	304.345542	303.927938	303.280386	304.345542	1.06515619	0.138578258	0	13	0	0	3
310	829	279.072202	1.62880331	304.353079	303.939201	303.301428	304.353079	1.05165165	0.138578258	0	13.1	0	0	3
311	832	279.66218	1.63405752	304.361455	303.950649	303.321709	304.361455	1.03974577	0.138578258	0	13.3	0	0	3
312	834	280.233785	1.63931172	304.368652	303.961621	303.342468	304.368652	1.02618314	0.138578258	0	13.5	0	0	3
313	837	280.822933	1.64456593	304.377089	303.972781	303.362531	304.377089	1.01455765	0.138578258	0	13.6	0	0	3
314	839	281.395206	1.64982013	304.384326	303.983492	303.38315	304.384326	1.00117593	0.138578258	0	13.8	0	0	3
315	841	281.983653	1.65507434	304.392777	303.994372	303.402931	304.392777	0.98984569	0.138578258	0	13.9	0	0	3
316	844	282.555151	1.66032854	304.400042	304.004813	303.423326	304.400042	0.976716355	0.138578258	0	14.1	0	0	3
317	847	283.142924	1.66558274	304.407798	304.015413	303.44295	304.407798	0.964847627	0.138578258	0	14.3	0	0	3
318	851	283.713708	1.67083695	304.416135	304.025592	303.46314	304.416135	0.952995025	0.138578258	0	14.5	0	0	3
319	855	284.300545	1.67609115	304.423567	304.035924	303.48256	304.423567	0.941006555	0.138578258	0	14.7	0	0	3
320	858	284.868435	1.68134536	304.431194	304.045819	303.502537	304.431194	0.928657078	0.138578258	0	14.9	0	0	3
321	860	285.45431	1.68659956	304.439711	304.055888	303.521785	304.439711	0.917925849	0.138578258	0	15	0	0	3
322	863	286.023159	1.69185376	304.447012	304.06554	303.541587	304.447012	0.905424843	0.138578258	0	15.3	0	0	3
323	865	286.608424	1.69710797	304.454829	304.075341	303.560641	304.454829	0.894188192	0.138578258	0	15.4	0	0	3
324	868	287.176652	1.70236217	304.463234	304.084748	303.580233	304.463234	0.88300176	0.138578258	0	15.6	0	0	3
325	870	287.761304	1.70761638	304.470705	304.094292	303.599118	304.470705	0.871586457	0.138578258	0	15.8	0	0	3
326	872	288.328513	1.71287058	304.478424	304.103443	303.618541	304.478424	0.859883192	0.138578258	0	16.1	0	0	3
327	875	288.912405	1.71812479	304.486263	304.112731	303.637239	304.486263	0.849024229	0.138578258	0	16.3	0	0	3
328	877	289.47708	1.72337899	304.494645	304.121631	303.656475	304.494645	0.838170193	0.138578258	0	16.5	0	0	3
329	880	290.060399	1.72863319	304.502888	304.130681	303.675017	304.502888	0.827871887	0.138578258	0	16.7	0	0	3
330	882	290.625968	1.7338874	304.510248	304.139352	303.694093	304.510248	0.81615487	0.138578258	0	16.9	0	0	3
331	884	291.208334	1.7391416	304.518901	304.148157	303.712466	304.518901	0.80643468	0.138578258	0	17.1	0	0	3
332	887	291.772902	1.74439581	304.526225	304.156591	303.731343	304.526225	0.794882095	0.138578258	0	17.4	0	0	3
333	889	292.354136	1.74965001	304.534859	304.165153	303.749558	304.534859	0.78530148	0.138578258	0	17.6	0	0	3
334	892	292.918126	1.75490422	304.542205	304.173357	303.768295	304.542205	0.773909676	0.138578258	0	17.9	0	0	3
335	894	293.498571	1.76015842	304.550859	304.181682	303.78635	304.550859	0.764508443	0.138578258	0	18.1	0	0	3
336	896	294.061683	1.76541262	304.558189	304.189657	303.804901	304.558189	0.753288058	0.138578258	0	18.3	0	0	3
337	899	294.641015	1.77066683	304.566832	304.197748	303.822805	304.566832	0.7440272	0.138578258	0	18.6	0	0	3
338	901	295.203062	1.77592103	304.57417	304.205496	303.841218	304.57417	0.732952126	0.138578258	0	18.9	0	0	3
339	903	295.781525	1.78117524	304.582859	304.213358	303.858954	304.582859	0.723904221	0.138578258	0	19.1	0	0	3
340	906	296.342865	1.78642944	304.590232	304.220887	303.87223	304.590232	0.71800187	0.138578258	0	19.3	0	0	3
341	908	296.92058	1.79168365	304.598877	304.22858	303.879845	304.598877	0.719032038	0.138578258	0	19.2	0	0	3
342	910	297.481028	1.79693785	304.606197	304.23605	303.887252	304.606197	0.718944787	0.138578258	0	19.2	0	0	3
343	913	298.057665	1.80219205	304.614817	304.243746	303.895294	304.614817	0.719523074	0.138578258	0	19.2	0	0	3
344	915	298.617143	1.80744626	304.62212	304.251216	303.903295	304.62212	0.718824698	0.138578258	0	19.2	0	0	3
345	918	299.194285	1.81270046	304.630019	304.258908	303.910989	304.630019	0.719030104	0.138578258	0	19.2	0	0	3
346	920	299.751495	1.81795467	304.63772	304.266363	303.918289	304.63772	0.719430725	0.138578258	0	19.2	0	0	3
347	923	300.327288	1.82320887	304.640098	304.273998	303.926142	304.640098	0.713956533	0.138578258	0	19.4	0	0	3
348	925	300.885475	1.82846307	304.63864	304.281318	303.933289	304.640098	0.706809017	0.138578258	0	19.6	0	0	3
349	928	301.460325	1.83371728	304.637054	304.288768	303.941031	304.640098	0.699066912	0.138578258	0	19.8	0	0	3
350	930	302.017737	1.83897148	304.635795	304.295908	303.948727	304.640098	0.691371298	0.138578258	0	20	0	0	3
351	933	302.591764	1.84422569	304.634402	304.303175	303.956036	304.640098	0.684061844	0.138578258	0	20.2	0	0	3
352	935	303.148727	1.84947989	304.633023	304.310135	303.962985	304.640098	0.677113187	0.138578258	0	20.4	0	0	3
353	938	303.721981	1.8547341	304.631724	304.31723	303.970454	304.640098	0.669644302	0.138578258	0	20.6	0	0	3
354	940	304.277983	1.8599883	304.630308	304.324014	303.977943	304.640098	0.662155646	0.138578258	0	20.9	0	0	3
355	943	304.85021	1.8652425	304.628976	304.330925	303.985034	304.640098	0.655063891	0.138578258	0	21.1	0	0	3
356	945	305.40537	1.87049671	304.627514	304.337536	303.992483	304.640098	0.647614791	0.138578258	0	21.3	0	0	3
357	948	305.976981	1.87575091	304.626196	304.344268	303.999492	304.640098	0.640606011	0.138578258	0	21.6	0	0	3
358	950	306.531555	1.88100512	304.624731	304.350705	304.006896	304.640098	0.633201875	0.138578258	0	21.8	0	0	3
359	953	307.102389	1.88625932	304.623345	304.35726	304.013904	304.640098	0.626193948	0.138578258	0	22.1	0	0	3
360	955	307.656073	1.89151353	304.62188	304.363537	304.021271	304.640098	0.618826968	0.138578258	0	22.3	0	0	3
361	958	308.226113	1.89676773	304.620492	304.369913	304.028241	304.640098	0.611857159	0.138578258	0	22.6	0	0	3
362	960	308.779346	1.90202193	304.619108	304.376026	304.035605	304.640098	0.604493283	0.138578258	0	22.9	0	0	3
363	963	309.349214	1.90727614	304.617772	304.38223	304.042565	304.640098	0.597533489	0.138578258	0	23.1	0	0	3
364	965	309.902291	1.91253034	304.616379	304.388167	304.049921	304.640098	0.59017693	0.138578258	0	23.4	0	0	3
365	968	310.471763	1.91778455	304.615061	304.394199	304.056875	304.640098	0.583223594	0.138578258	0	23.7	0	0	3
366	970	311.024078	1.92303875	304.613785	304.399959	304.064264	304.640098	0.575833844	0.138578258	0	24	0	0	3
367	972	311.592654	1.92829296	304.6125	304.405817	304.071244	304.640098	0.568854132	0.138578258	0	24.3	0	0	3
368	975	312.144263	1.93354716	304.611332	304.411416	304.078643	304.640098	0.561454837	0.138578258	0	24.6	0	0	3
369	978	312.712461	1.93880136	304.610137	304.417103	304.085655	304.640098	0.554442733	0.138578258	0	24.9	0	0	3
370	981	313.26391	1.94405557	304.609012	304.422541	304.093085	304.640098	0.547013631	0.138578258	0	25.3	0	0	3
371	983	313.831916	1.94930977	304.607933	304.428057	304.099506	304.640098	0.540592091	0.138578258	0	25.6	0	0	3
372	985	314.3829	1.95456398	304.606857	304.433332	304.106638	304.640098	0.533460393	0.138578258	0	25.9	0	0	3
373	988	314.950246	1.95981818	304.606707	304.43869	304.114001	304.640098	0.5260977	0.138578258	0	26.3	0	0	3
374	990	315.500549	1.96507239	304.605358	304.443795	304.120852	304.640098	0.519246454	0.138578258	0	26.6	0	0	3
375	993	316.067347	1.97032659	304.60453	304.448983	304.128326	304.640098	0.511772472	0.138578258	0	27	0	0	3
376	995	316.617253	1.97558079	304.603618	304.45393	304.135819	304.640098	0.504279355	0.138578258	0	27.4	0	0	3
377	998	317.183679	1.980835	304.602876	304.458946	304.142421	304.640098	0.497676931	0.138578258	0	27.8	0	0	3
378	1000	317.733092	1.9860892	304.602113	304.463738	304.1503	304.640098	0.48979846	0.138578258	0	28.2	0	0	3
379	1002	318.298958	1.99134341	304.601443	304.468587	304.156934	304.640098	0.483164147	0.138578258	0	28.6	0	0	3
380	1005	318.847874	1.99659761	304.600816	304.473224	304.164851	304.640098	0.475246821	0.138578258	0	29.1	0	0	3
381	1007	319.413385	2.00185181	304.600214	304.477905	304.171513	304.640098	0.468585206	0.138578258	0	29.5	0	0	3
382	1009	319.962064	2.00710602	304.599762	304.482373	304.179498	304.640098	0.460599862	0.138578258	0	30	0	0	3
383	1012	320.527309	2.01236022	304.599282	304.48689	304.186204	304.640098	0.453894326	0.138578258	0	30.5	0	0	3
384	1014	321.075651	2.01761443	304.598948	304.491194	304.194242	304.640098	0.445856514	0.138578258	0	31	0	0	3
385	1017	321.640539	2.02286863	304.598563	304.495549	304.200979	304.640098	0.439118718	0.138578258	0	31.5	0	0	3
386	1019	322.188637	2.02812284	304.599046	304.499707	304.209073	304.640098	0.431024729	0.138578258	0	32.1	0	0	3
387	1021	322.753339	2.03337704	304.598568	304.503906	304.215878	304.640098	0.424219881	0.138578258	0	32.6	0	0	3
388	1024	323.301187	2.03863124	304.598308	304.507907	304.223987	304.640098	0.416111363	0.138578258	0	33.3	0	0	3
389	1026	323.865446	2.04388545	304.598167	304.511941	304.230866	304.640098	0.40923183	0.138578258	0	33.8	0	0	3
390	1028	324.412621	2.04913965	304.598119	304.51579	304.239017	304.640098	0.401081436	0.138578258	0	34.5	0	0	3
391	1031	324.976183	2.05439386	304.598086	304.519663	304.245924	304.640098	0.39417464	0.138578258	0	35.1	0	0	3
392	1033	325.522837	2.05964806	304.598131	304.523348	304.254104	304.640098	0.385994564	0.138578258	0	35.9	0	0	3
393	1035	326.086185	2.06490227	304.598163	304.527061	304.261768	304.640098	0.378329924	0.138578258	0	36.6	0	0	3
394	1038	326.632823	2.07015647	304.598344	304.530589	304.268984	304.640098	0.371114437	0.138578258	0	37.3	0	0	3
395	1040	327.19596	2.07541067	304.598501	304.534147	304.277023	304.640098	0.363075249	0.138578258	0	38.1	0	0	3
396	1042	327.742325	2.08066488	304.598744	304.537519	304.284233	304.640098	0.355865681	0.138578258	0	38.9	0	0	3
397	1045	328.304155	2.08591908	304.59902	304.540917	304.292298	304.640098	0.347800487	0.138578258	0	39.8	0	0	3
398	1047	328.847924	2.09117329	304.599377	304.544139	304.299528	304.640098	0.340570541	0.138578258	0	40.6	0	0	3
399	1049	329.408894	2.09642749	304.599765	304.54738	304.306957	304.640098	0.333141187	0.138578258	0	41.5	0	0	3
400	1052	329.952171	2.1016817	304.600189	304.55045	304.314548	304.640098	0.325550528	0.138578258	0	42.5	0	0	3
401	1055	330.512675	2.1069359	304.60069	304.553542	304.322708	304.640098	0.317390343	0.138578258	0	43.6	0	0	3
402	1058	331.057441	2.1121901	304.601211	304.556466	304.330025	304.640098	0.310073085	0.138578258	0	44.6	0	0	3
403	1060	331.61732	2.11744431	304.601813	304.559404	304.338219	304.640098	0.301879396	0.138578258	0	45.9	0	0	3
404	1062	332.161801	2.12269851	304.602423	304.562176	304.345542	304.640098	0.294556254	0.138578258	0	47	0	0	3
405	1065	332.720881	2.12795272	304.603089	304.564959	304.353079	304.640098	0.287018803	0.138578258	0	48.2	0	0	3
406	1067	333.262984	2.13320692	304.603825	304.567593	304.361455	304.640098	0.278643193	0.138578258	0	49.7	0	0	3
407	1070	333.821712	2.13846112	304.604547	304.570219	304.368652	304.640098	0.271446693	0.138578258	0	51	0	0	3
408	1072	334.36275	2.14371533	304.605376	304.572699	304.377089	304.640098	0.263009475	0.138578258	0	52.6	0	0	3
409	1074	334.921078	2.14896953	304.606176	304.575175	304.384326	304.640098	0.255772342	0.138578258	0	54.1	0	0	3
410	1077	335.462474	2.15422374	304.607092	304.577515	304.392777	304.640098	0.247321285	0.138578258	0	56	0	0	3
411	1079	336.020202	2.15947794	304.607997	304.579841	304.400042	304.640098	0.240056131	0.138578258	0	57.7	0	0	3
412	1081	336.562652	2.16473215	304.608938	304.582036	304.407798	304.640098	0.232300136	0.138578258	0	59.6	0	0	3
413	1084	337.119663	2.16998635	304.60997	304.584222	304.416135	304.640098	0.223963624	0.138578258	0	61.8	0	0	3
414	1086	337.659578	2.17524055	304.610943	304.586267	304.423567	304.640098	0.21653118	0.138578258	0	63.9	0	0	3
415	1088	338.216552	2.18049476	304.612113	304.588305	304.431194	304.640098	0.208903718	0.138578258	0	66.3	0	0	3
416	1091	338.75599	2.18574896	304.613124	304.590209	304.439711	304.640098	0.200387031	0.138578258	0	69.1	0	0	3
417	1093	339.312621	2.19100317	304.614354	304.592096	304.447012	304.640098	0.19308644	0.138578258	0	71.7	0	0	3
418	1095	339.85252	2.19625737	304.61544	304.593863	304.454829	304.640098	0.185268915	0.138578258	0	74.7	0	0	3
419	1098	340.40888	2.20151158	304.616731	304.595612	304.463234	304.640098	0.176863763	0.138578258	0	78.3	0	0	3
420	1100	340.949576	2.20676578	304.617895	304.597235	304.470705	304.640098	0.169393546	0.138578258	0	81.8	0	0	3
421	1102	341.505336	2.21201998	304.619247	304.598839	304.478424	304.640098	0.161674091	0.138578258	0	85.7	0	0	3
422	1105	342.043648	2.21727419	304.620516	304.600328	304.486263	304.640098	0.153835096	0.138578258	0	90	0	0	3
423	1107	342.599169	2.22252839	304.621932	304.601792	304.494645	304.640098	0.145453125	0.138578258	0	95.2	0	0	3
424	1109	343.13728	2.2277826	304.623245	304.603135	304.502888	304.640098	0.137209713	0.138578258	0	100	0	0	3
425	1112	343.692422	2.2330368	304.624707	304.604449	304.510248	304.640098	0.129850507	0.138578258	0	100	0	0	3
426	1114	344.230839	2.23829101	304.626049	304.605659	304.518901	304.640098	0.121197157	0.138578258	0	100	0	0	3
427	1117	344.785697	2.24354521	304.6276	304.60683	304.526225	304.640098	0.113872779	0.138578258	0	100	0	0	3
428	1119	345.324994	2.24879941	304.629073	304.607903	304.534859	304.640098	0.105239216	0.138578258	0	100	0	0	3
429	1121	345.879119	2.25405362	304.630685	304.608932	304.542205	304.640098	0.0978935948	0.138578258	0	100	0	0	3
430	1124	346.416312	2.25930782	304.632197	304.609869	304.550859	304.640098	0.0892392863	0.138578258	0	100	0	0	3
431	1126	346.970339	2.26456203	304.633816	304.610758	304.558189	304.640098	0.0819087428	0.138578258	0	100	0	0	3
432	1128	347.506922	2.26981623	304.635363	304.611559	304.566832	304.640098	0.0732665006	0.138578258	0	100	0	0	3
433	1131	348.060686	2.27507044	304.637079	304.612309	304.57417	304.640098	0.0659284002	0.138578258	0	100	0	0	3
434	1133	348.597483	2.28032464	304.638587	304.612974	304.582859	304.640098	0.05723964	0.138578258	0	100	0	0	3
435	1135	349.150842	2.28557884	304.640397	304.613585	304.590232	304.640397	0.0501644014	0.138578258	0	100	0	0	3
436	1138	349.688922	2.29083305	304.641962	304.614117	304.598086	304.641962	0.0438759853	0.138578258	0	100	0	0	3
437	1140	350.241622	2.29608725	304.644712	304.614599	304.598086	304.644712	0.0466257244	0.138578258	0	100	0	0	3
438	1142	350.777251	2.30134146	304.645922	304.615002	304.598086	304.645922	0.0478352661	0.138578258	0	100	0	0	3
439	1145	351.330017	2.30659566	304.648731	304.615354	304.598086	304.648731	0.0506442148	0.138578258	0	100	0	0	3
440	1147	351.865089	2.31184986	304.649983	304.615631	304.598086	304.649983	0.0518967919	0.138578258	0	100	0	0	3
441	1149	352.417538	2.31710407	304.651967	304.615852	304.598086	304.651967	0.0538808651	0.138578258	0	100	0	0	3
442	1152	352.953231	2.32235827	304.65363	304.616004	304.598086	304.65363	0.0555437961	0.138578258	0	100	0	0	3
443	1154	353.505437	2.32761248	304.655692	304.616155	304.598086	304.655692	0.0576051466	0.138578258	0	100	0	0	3
444	1156	354.042107	2.33286668	304.65742	304.616336	304.598086	304.65742	0.0593335685	0.138578258	0	100	0	0	3
445	1159	354.593585	2.33812089	304.659538	304.61656	304.598086	304.659538	0.0614513679	0.138578258	0	100	0	0	3
446	1161	355.127894	2.34337509	304.661287	304.616808	304.598086	304.661287	0.0632004886	0.138578258	0	100	0	0	3
447	1163	355.679068	2.34862929	304.663431	304.617102	304.598086	304.663431	0.0653444487	0.138578258	0	100	0	0	3
448	1166	356.213099	2.3538835	304.665252	304.617419	304.598086	304.665252	0.0671651805	0.138578258	0	100	0	0	3
449	1168	356.764078	2.3591377	304.667407	304.617784	304.598086	304.667407	0.0693206228	0.138578258	0	100	0	0	3
450	1170	357.298436	2.36439191	304.669289	304.618172	304.598086	304.669289	0.0712029119	0.138578258	0	100	0	0	3
451	1173	357.849248	2.36964611	304.671448	304.618609	304.598086	304.671448	0.0733611681	0.138578258	0	100	0	0	3
452	1175	358.384453	2.37490032	304.673397	304.619069	304.598086	304.673397	0.0753105397	0.138578258	0	100	0	0	3
453	1177	358.934618	2.38015452	304.675625	304.619579	304.598086	304.675625	0.0775385557	0.138578258	0	100	0	0	3
454	1180	359.4676	2.38540872	304.677585	304.620109	304.598086	304.677585	0.0794980646	0.138578258	0	100	0	0	3
455	1182	360.01773	2.39066293	304.67958	304.620693	304.598086	304.67958	0.081493955	0.138578258	0	100	0	0	3
456	1185	360.552463	2.39591713	304.672657	304.621206	304.598086	304.67958	0.081493955	0.138578258	0	100	0	0	3
457	1187	361.102012	2.40117134	304.665933	304.621678	304.598086	304.67958	0.081493955	0.138578258	0	100	0	0	3
458	1190	361.636358	2.40642554	304.659269	304.622085	304.598086	304.67958	0.081493955	0.138578258	0	100	0	0	3
459	1192	362.185433	2.41167975	304.652709	304.62245	304.598086	304.67958	0.081493955	0.138578258	0	100	0	0	3
460	1194	362.719747	2.41693395	304.646008	304.622752	304.598086	304.67958	0.081493955	0.138578258	0	100	0	0	3
461	1197	363.268301	2.42218815	304.639506	304.623009	304.598086	304.67958	0.081493955	0.138578258	0	100	0	0	3
462	1199	363.800081	2.42744236	304.632908	304.623205	304.598086	304.67958	0.081493955	0.138578258	0	100	0	0	3
463	1202	364.348979	2.43269656	304.626403	304.623354	304.598086	304.67958	0.081493955	0.138578258	0	100	0	0	3
464	1204	364.882464	2.43795077	304.619737	304.623443	304.598086	304.67958	0.081493955	0.138578258	0	100	0	0	3
465	1207	365.43073	2.44320497	304.613165	304.623479	304.598086	304.67958	0.081493955	0.138578258	0	100	0	0	3
466	1209	365.964172	2.44845918	304.606512	304.623459	304.598086	304.67958	0.081493955	0.138578258	0	100	0	0	3
467	1212	366.512187	2.45371338	304.599974	304.623382	304.598086	304.67958	0.081493955	0.138578258	0	100	0	0	3
468	1214	367.045234	2.45896758	304.593283	304.62325	304.593283	304.67958	0.0862969592	0.138578258	0	100	0	0	3
469	1217	367.593029	2.46422179	304.586689	304.623048	304.586689	304.67958	0.0928912396	0.138578258	0	100	0	0	3
470	1219	368.125837	2.46947599	304.580215	304.6228	304.580215	304.67958	0.0993652947	0.138578258	0	100	0	0	3
471	1222	368.673328	2.4747302	304.573542	304.622484	304.573542	304.67958	0.106038819	0.138578258	0	100	0	0	3
472	1224	369.206057	2.4799844	304.567104	304.62212	304.567104	304.67958	0.112476456	0.138578258	0	100	0	0	3
473	1227	369.753514	2.4852386	304.560467	304.621685	304.560467	304.67958	0.119113441	0.138578258	0	100	0	0	3
474	1229	370.2859	2.49049281	304.554092	304.621205	304.554092	304.67958	0.125488095	0.138578258	0	100	0	0	3
475	1231	370.833349	2.49574701	304.547625	304.620651	304.547625	304.67958	0.131955731	0.138578258	0	100	0	0	3
476	1234	371.365543	2.50100122	304.541298	304.620055	304.541298	304.67958	0.138282052	0.138578258	0	100	0	0	3
477	1236	371.912767	2.50625542	304.534939	304.619381	304.534939	304.67958	0.14110649	0.138578258	0	98.2	0	0	3
478	1239	372.444999	2.51150963	304.528719	304.618667	304.528719	304.67958	0.136589627	0.138578258	0	100	0	0	3
479	1241	372.992047	2.51676383	304.522459	304.617872	304.522459	304.67958	0.132285792	0.138578258	0	100	0	0	3
480	1244	373.524111	2.52201803	304.516354	304.61704	304.516354	304.67958	0.127930789	0.138578258	0	100	0	0	3
481	1246	374.071133	2.52727224	304.510215	304.616125	304.510215	304.67958	0.123772023	0.138578258	0	100	0	0	3
482	1249	374.603183	2.53252644	304.50418	304.615167	304.50418	304.67958	0.11957348	0.138578258	0	100	0	0	3
483	1251	375.150194	2.53778065	304.498193	304.614125	304.498193	304.67958	0.115572811	0.138578258	0	100	0	0	3
484	1253	375.682193	2.54303485	304.492301	304.613053	304.492301	304.67958	0.111538631	0.138578258	0	100	0	0	3
485	1256	376.229021	2.54828906	304.486354	304.61189	304.486354	304.67958	0.107688983	0.138578258	0	100	0	0	3
486	1258	376.76078	2.55354326	304.480631	304.610701	304.480631	304.67958	0.103816265	0.138578258	0	100	0	0	3
487	1261	377.307699	2.55879746	304.474763	304.609416	304.474763	304.67958	0.100131142	0.138578258	0	100	0	0	3
488	1263	377.839414	2.56405167	304.469209	304.608109	304.469209	304.67958	0.096418429	0.138578258	0	100	0	0	3
489	1265	378.386174	2.56930587	304.463446	304.606704	304.463446	304.67958	0.0928901772	0.138578258	0	100	0	0	3
490	1268	378.917952	2.57456008	304.458042	304.605279	304.458042	304.67958	0.0893327531	0.138578258	0	100	0	0	3
491	1270	379.464608	2.57981428	304.452404	304.603753	304.452404	304.67958	0.0859605132	0.138578258	0	100	0	0	3
492	1272	379.996121	2.58506849	304.447069	304.602212	304.447069	304.67958	0.0825622111	0.138578258	0	100	0	0	3
493	1275	380.542904	2.59032269	304.441698	304.600566	304.441698	304.67958	0.0793404815	0.138578258	0	100	0	0	3
494	1277	381.074442	2.59557689	304.436356	304.598907	304.436356	304.67958	0.0760990845	0.138578258	0	100	0	0	3
495	1279	381.621024	2.6008311	304.431156	304.597142	304.431156	304.67958	0.0730298641	0.138578258	0	100	0	0	3
496	1282	382.152744	2.6060853	304.425984	304.595367	304.425984	304.67958	0.0699376573	0.138578258	0	100	0	0	3
497	1284	382.699284	2.61133951	304.420874	304.593482	304.420874	304.67958	0.0670131337	0.138578258	0	100	0	0	3
498	1286	383.230704	2.61659371	304.415833	304.591592	304.415833	304.67958	0.0640752096	0.138578258	0	100	0	0	3
499	1289	383.777335	2.62184791	304.410837	304.589588	304.410837	304.67958	0.061303714	0.138578258	0	100	0	0	3
500	1291	384.308743	2.62710212	304.40594	304.587583	304.40594	304.67958	0.058520165	0.138578258	0	100	0	0	3
501	1294	384.855212	2.63235632	304.401081	304.585461	304.401081	304.67958	0.0558869113	0.138578258	0	100	0	0	3
502	1297	385.386846	2.63761053	304.396289	304.583341	304.396289	304.67958	0.0532601533	0.138578258	0	100	0	0	3
503	1299	385.933504	2.64286473	304.391539	304.581102	304.391539	304.67958	0.0507801882	0.138578258	0	100	0	0	3
504	1301	386.464799	2.64811894	304.386886	304.578869	304.386886	304.67958	0.0483044187	0.138578258	0	100	0	0	3
505	1304	387.011463	2.65337314	304.382214	304.576513	304.382214	304.67958	0.0469667896	0.138578258	0	100	0	0	3
506	1306	387.542766	2.65862734	304.377738	304.574167	304.377738	304.67958	0.0493124951	0.138578258	0	100	0	0	3
507	1308	388.089211	2.66388155	304.373183	304.571695	304.373183	304.67958	0.0517841155	0.138578258	0	100	0	0	3
508	1310	388.620592	2.66913575	304.368789	304.569236	304.368789	304.67958	0.054243361	0.138578258	0	100	0	0	3
509	1313	389.166984	2.67438996	304.364417	304.56665	304.364417	304.67958	0.0568294732	0.138578258	0	100	0	0	3
510	1315	389.697999	2.67964416	304.360067	304.564082	304.360067	304.67958	0.0593970586	0.138578258	0	100	0	0	3
511	1318	390.244287	2.68489837	304.355841	304.561382	304.355841	304.67958	0.0620977641	0.138578258	0	100	0	0	3
512	1320	390.775418	2.69015257	304.351597	304.558703	304.351597	304.67958	0.0647762755	0.138578258	0	100	0	0	3
513	1322	391.32169	2.69540677	304.347438	304.555889	304.347438	304.67958	0.0675908848	0.138578258	0	100	0	0	3
514	1324	391.852824	2.70066098	304.343324	304.553099	304.343324	304.67958	0.0703803295	0.138578258	0	100	0	0	3
515	1327	392.39915	2.70591518	304.339285	304.550171	304.339285	304.67958	0.0733080842	0.138578258	0	100	0	0	3
516	1329	392.93001	2.71116939	304.335329	304.547273	304.335329	304.67958	0.076206652	0.138578258	0	100	0	0	3
517	1331	393.476329	2.71642359	304.331389	304.544234	304.331389	304.67958	0.0792456918	0.138578258	0	100	0	0	3
518	1334	394.007406	2.7216778	304.327519	304.541229	304.327519	304.67958	0.0822507825	0.138578258	0	100	0	0	3
519	1336	394.55359	2.726932	304.323652	304.538078	304.323652	304.67958	0.0854010347	0.138578258	0	100	0	0	3
520	1338	395.084753	2.7321862	304.319872	304.534965	304.319872	304.67958	0.0885144073	0.138578258	0	100	0	0	3
521	1341	395.630905	2.73744041	304.31617	304.531705	304.31617	304.67958	0.0917743147	0.138578258	0	100	0	0	3
522	1343	396.161774	2.74269461	304.312384	304.528485	304.312384	304.67958	0.0949945008	0.138578258	0	100	0	0	3
523	1345	396.708072	2.74794882	304.30883	304.525115	304.30883	304.67958	0.0983647603	0.138578258	0	100	0	0	3
524	1348	397.239099	2.75320302	304.305223	304.521786	304.305223	304.67958	0.101693963	0.138578258	0	100	0	0	3
525	1350	397.78519	2.75845723	304.301651	304.518307	304.301651	304.67958	0.105172503	0.138578258	0	100	0	0	3
526	1352	398.316416	2.76371143	304.298205	304.514875	304.298205	304.67958	0.108604192	0.138578258	0	100	0	0	3
527	1354	398.862608	2.76896563	304.29468	304.511288	304.29468	304.67958	0.112191722	0.138578258	0	100	0	0	3
528	1357	399.393465	2.77421984	304.291302	304.507754	304.291302	304.67958	0.115725538	0.138578258	0	100	0	0	3
529	1359	399.939735	2.77947404	304.287933	304.504059	304.287933	304.67958	0.119420615	0.138578258	0	100	0	0	3
530	1361	400.470671	2.78472825	304.284667	304.500421	304.284667	304.67958	0.123058276	0.138578258	0	100	0	0	3
531	1364	401.016618	2.78998245	304.281356	304.496622	304.281356	304.67958	0.126857598	0.138578258	0	100	0	0	3
532	1366	401.547725	2.79523665	304.278154	304.492876	304.278154	304.67958	0.130603049	0.138578258	0	100	0	0	3
533	1368	402.093823	2.80049086	304.274965	304.488963	304.274965	304.67958	0.134516493	0.138578258	0	100	0	0	3
534	1371	402.624535	2.80574506	304.271861	304.485119	304.271861	304.67958	0.138360286	0.138578258	0	100	0	0	3
535	1373	403.170578	2.81099927	304.268664	304.481095	304.268664	304.67958	0.142384795	0.138578258	0	97.3	0	0	3
536	1375	403.701382	2.81625347	304.26566	304.477145	304.26566	304.67958	0.146334173	0.138578258	0	94.6	0	0	3
537	1378	404.247116	2.82150768	304.262515	304.473022	304.262515	304.67958	0.150457514	0.138578258	0	92.1	0	0	3
538	1380	404.775981	2.82676188	304.259591	304.468977	304.259591	304.67958	0.154502582	0.138578258	0	89.6	0	0	3
