Iteration	CPUTime	PhysTime	Travels	Value	AvValue	MinValue	MaxValue	Delta	Criteria	PrevAvRefValue	Progress	CriteriaType	CriteriaVarType	CriteriaPercentage
1	29	0.0162367046	0.00525420424	-1.93220555	-1.93220555	-1.93220555	-1.93220555	0	0	0	0	0	0	3
2	31	0.0324781022	0.0105084085	-1.9649373	-1.94857379	-1.9649373	-1.93220555	0.016368241	0	0	0	0	0	3
3	33	0.0487542881	0.0157626127	-1.99123927	-1.96281728	-1.99123927	-1.93220555	0.0306117331	0	0	0	0	0	3
4	36	0.0652875332	0.021016817	-2.01063497	-1.97492651	-2.01063497	-1.93220555	0.0427209596	0	0	0	0	0	3
5	38	0.0837201606	0.0262710212	-2.02722723	-1.98644153	-2.02722723	-1.93220555	0.0542359832	0	0	0	0	0	3
6	40	0.132420249	0.0315252254	-2.04131382	-2.00662187	-2.04131382	-1.93220555	0.074416321	0	0	0	0	0	3
7	42	0.336429492	0.0367794297	-2.05069702	-2.03334883	-2.05069702	-1.93220555	0.101143281	0	0	0	0	0	3
8	46	1.67553863	0.0420336339	-2.0594007	-2.05416978	-2.0594007	-1.93220555	0.12196423	0	0	0	0	0	3
9	50	10.7473596	0.0472878381	-2.05610221	-2.05580094	-2.0594007	-1.93220555	0.123595394	0	0	0	0	0	3
10	55	44.8039731	0.0525420424	-2.04901468	-2.05064254	-2.0594007	-1.93220555	0.123595394	0	0	0	0	0	3
11	58	45.6867102	0.0577962466	-2.04942963	-2.0506191	-2.0594007	-1.93220555	0.123595394	0	0	0	0	0	3
12	61	46.3795552	0.0630504509	-2.06968905	-2.05090398	-2.06968905	-1.93220555	0.123595394	0	0	0	0	0	3
13	64	46.8586132	0.0683046551	-2.0769868	-2.05117064	-2.0769868	-1.93220555	0.123595394	0	0	0	0	0	3
14	66	47.2647115	0.0735588593	-2.08316598	-2.05144554	-2.08316598	-1.93220555	0.123595394	0	0	0	0	0	3
15	69	47.6243691	0.0788130636	-2.08855555	-2.05172579	-2.08855555	-1.93220555	0.123595394	0	0	0	0	0	3
16	72	48.1363147	0.0840672678	-2.0934165	-2.05216919	-2.0934165	-1.93220555	0.123595394	0	0	0	0	0	3
17	74	48.6168349	0.0893214721	-2.09747122	-2.05261695	-2.09747122	-1.93220555	0.123595394	0	0	0	0	0	3
18	77	49.0827006	0.0945756763	-2.10141158	-2.05308008	-2.10141158	-1.93220555	0.123595394	0	0	0	0	0	3
19	79	49.5540243	0.0998298805	-2.10496246	-2.05357355	-2.10496246	-1.93220555	0.123595394	0	0	0	0	0	3
20	82	50.047109	0.105084085	-2.10809454	-2.05411071	-2.10809454	-1.93220555	0.123595394	0	0	0	0	0	3
21	85	50.8057684	0.110338289	-2.11089774	-2.05495868	-2.11089774	-1.93220555	0.123595394	0	0	0	0	0	3
22	87	51.5990821	0.115592493	-2.11311766	-2.05585285	-2.11311766	-1.93220555	0.123647305	0	0	0	0	0	3
23	90	52.4251184	0.120846697	-2.11539448	-2.05679102	-2.11539448	-1.93220555	0.124585473	0	0	0	0	0	3
24	93	53.2727271	0.126100902	-2.11749037	-2.05775679	-2.11749037	-1.93220555	0.125551244	0	0	0	0	0	3
25	95	54.130989	0.131355106	-2.11940638	-2.05873426	-2.11940638	-1.93220555	0.126528716	0	0	0	0	0	3
26	98	55.4182895	0.13660931	-2.1211597	-2.06018433	-2.1211597	-1.93220555	0.127978784	0	0	0	0	0	3
27	101	56.6950026	0.141863514	-2.12235972	-2.06158446	-2.12235972	-1.93220555	0.12937891	0	0	0	0	0	3
28	104	57.9460995	0.147117719	-2.12377632	-2.06292722	-2.12377632	-1.93220555	0.130721676	0	0	0	0	0	3
29	107	59.1662014	0.152371923	-2.12509189	-2.06420916	-2.12509189	-1.93220555	0.132003611	0	0	0	0	0	3
30	110	60.355004	0.157626127	-2.32198333	-2.06928649	-2.32198333	-1.93220555	0.137080946	0	0	0	0	0	3
31	113	61.8847727	0.162880331	-2.82953979	-2.08807967	-2.82953979	-1.93220555	0.155874126	0	0	0	0	0	3
32	116	63.379911	0.168134536	-3.00359692	-2.10967682	-3.00359692	-1.93220555	0.177471268	0	0	0	0	0	3
33	119	64.8470579	0.17338874	-3.22598386	-2.13493296	-3.22598386	-1.93220555	0.202727407	0	0	0	0	0	3
34	122	66.2896594	0.178642944	-3.44296425	-2.16339845	-3.44296425	-1.93220555	0.231192902	0	0	0	0	0	3
35	124	67.7108526	0.183897148	-3.61487112	-2.19386363	-3.61487112	-1.93220555	0.261658078	0	0	0	0	0	3
36	128	69.1116691	0.189151353	-3.7523684	-2.22545278	-3.7523684	-1.93220555	0.293247234	0	0	0	0	0	3
37	131	70.4936093	0.194405557	-3.85343314	-2.25736733	-3.85343314	-1.93220555	0.325161778	0	0	0	0	0	3
38	133	71.8566672	0.199659761	-3.93311658	-2.28915482	-3.93311658	-1.93220555	0.356949272	0	0	0	0	0	3
39	136	73.2023027	0.204913965	-3.99007335	-2.32042182	-3.99007335	-1.93220555	0.388216271	0	0	0	0	0	3
40	139	74.5301983	0.21016817	-4.03615424	-2.35099082	-4.03615424	-1.93220555	0.41878527	0	0	0	0	0	3
41	142	75.8411404	0.215422374	-4.07351988	-2.38076537	-4.07351988	-1.93220555	0.448559821	0	0	0	0	0	3
42	145	77.1354356	0.220676578	-4.09910203	-2.40959822	-4.09910203	-1.93220555	0.477392675	0	0	0	0	0	3
43	148	78.4134466	0.225930782	-4.12427806	-2.4375447	-4.12427806	-1.93220555	0.505339153	0	0	0	0	0	3
44	151	79.6755359	0.231184986	-4.14306869	-2.46456082	-4.14306869	-1.93220555	0.53235527	0	0	0	0	0	3
45	154	80.9223344	0.236439191	-4.15810096	-2.49065378	-4.15810096	-1.93220555	0.558448233	0	0	0	0	0	3
46	157	82.1541264	0.241693395	-4.17132657	-2.51585324	-4.17132657	-1.93220555	0.583647688	0	0	0	0	0	3
47	160	83.3718609	0.246947599	-4.18296202	-2.54020313	-4.18296202	-1.93220555	0.607997581	0	0	0	0	0	3
48	162	84.5752894	0.252201803	-4.19324885	-2.56372445	-4.19324885	-1.93220555	0.6315189	0	0	0	0	0	3
49	165	85.7659717	0.257456008	-4.2023912	-2.58647393	-4.2023912	-1.93220555	0.654268383	0	0	0	0	0	3
50	168	86.9434252	0.262710212	-4.21054904	-2.60846838	-4.21054904	-1.93220555	0.676262833	0	0	0	0	0	3
51	171	88.1093756	0.267964416	-4.21780446	-2.62976471	-4.21780446	-1.93220555	0.697559159	0	0	0	0	0	3
52	174	89.2629975	0.27321862	-4.22422146	-2.65037123	-4.22422146	-1.93220555	0.718165686	0	0	0	0	0	3
53	176	90.4060462	0.278472825	-4.23001638	-2.67034347	-4.23001638	-1.93220555	0.738137926	0	0	0	0	0	3
54	179	91.5377194	0.283727029	-4.23522632	-2.68968999	-4.23522632	-1.93220555	0.757484442	0	0	0	0	0	3
55	182	92.6598196	0.288981233	-4.23997881	-2.70846382	-4.23997881	-1.93220555	0.776258269	0	0	0	0	0	3
56	185	93.7715015	0.294235437	-4.24429016	-2.72667138	-4.24429016	-1.93220555	0.79446583	0	0	0	0	0	3
57	188	94.8744384	0.299489642	-4.24818599	-2.74435933	-4.24818599	-1.93220555	0.812153783	0	0	0	0	0	3
58	190	95.9676129	0.304743846	-4.25170566	-2.76152963	-4.25170566	-1.93220555	0.829324082	0	0	0	0	0	3
59	193	97.0527481	0.30999805	-4.25488813	-2.77822669	-4.25488813	-1.93220555	0.846021146	0	0	0	0	0	3
60	196	98.1287847	0.315252254	-4.25777933	-2.79445081	-4.25777933	-1.93220555	0.862245261	0	0	0	0	0	3
61	199	99.1976554	0.320506459	-4.26035553	-2.81024617	-4.26035553	-1.93220555	0.878040621	0	0	0	0	0	3
62	202	100.258183	0.325760663	-4.26265207	-2.82560967	-4.26265207	-1.93220555	0.893404117	0	0	0	0	0	3
63	204	101.311257	0.331014867	-4.26479715	-2.84056922	-4.26479715	-1.93220555	0.908363676	0	0	0	0	0	3
64	207	102.357164	0.336269071	-4.26661002	-2.85514081	-4.26661002	-1.93220555	0.922935258	0	0	0	0	0	3
65	210	103.395719	0.341523275	-4.26823262	-2.86933455	-4.26823262	-1.93220555	0.937129006	0	0	0	0	0	3
66	212	104.427781	0.34677748	-4.26977023	-2.88317509	-4.26977023	-1.93220555	0.950969546	0	0	0	0	0	3
67	215	105.453104	0.352031684	-4.27111428	-2.89667007	-4.27111428	-1.93220555	0.964464517	0	0	0	0	0	3
68	218	106.47211	0.357285888	-4.2723508	-2.9098362	-4.2723508	-1.93220555	0.977630649	0	0	0	0	0	3
69	221	107.484994	0.362540092	-4.27349092	-2.92268659	-4.27349092	-1.93220555	0.990481046	0	0	0	0	0	3
70	223	108.491859	0.367794297	-4.27452848	-2.93523244	-4.27452848	-1.93220555	1.00302689	0	0	0	0	0	3
71	226	109.493136	0.373048501	-4.27546735	-2.94748842	-4.27546735	-1.93220555	1.01528288	0	0	0	0	0	3
72	229	110.48873	0.378302705	-4.27633107	-2.95946239	-4.27633107	-1.93220555	1.02725684	0	0	0	0	0	3
73	231	111.478853	0.383556909	-4.27711085	-2.97116536	-4.27711085	-1.93220555	1.03895981	0	0	0	0	0	3
74	234	112.464077	0.388811114	-4.27781942	-2.9826121	-4.27781942	-1.93220555	1.05040656	0	0	0	0	0	3
75	237	113.443263	0.394065318	-4.27846552	-2.99379726	-4.27846552	-1.93220555	1.06159172	0	0	0	0	0	3
76	240	114.417958	0.399319522	-4.27906225	-3.00474608	-4.27906225	-1.93220555	1.07254053	0	0	0	0	0	3
77	242	115.386896	0.404573726	-4.27959921	-3.0154514	-4.27959921	-1.93220555	1.08324586	0	0	0	0	0	3
78	245	116.351776	0.409827931	-4.2800822	-3.02593871	-4.2800822	-1.93220555	1.09373316	0	0	0	0	0	3
79	248	117.311409	0.415082135	-4.28051188	-3.03620139	-4.28051188	-1.93220555	1.10399585	0	0	0	0	0	3
80	251	118.267444	0.420336339	-4.28091562	-3.04626326	-4.28091562	-1.93220555	1.11405771	0	0	0	0	0	3
81	253	119.218561	0.425590543	-4.28125557	-3.05611593	-4.28125557	-1.93220555	1.12391039	0	0	0	0	0	3
82	256	120.16619	0.430844748	-4.38794882	-3.06661875	-4.38794882	-1.93220555	1.1344132	0	0	0	0	0	3
83	258	121.109036	0.436098952	-4.96199847	-3.08137446	-4.96199847	-1.93220555	1.14916892	0	0	0	0	0	3
84	261	122.048265	0.441353156	-5.12452759	-3.09709767	-5.12452759	-1.93220555	1.16489212	0	0	0	0	0	3
85	264	122.983322	0.44660736	-5.35039664	-3.11422976	-5.35039664	-1.93220555	1.18202421	0	0	0	0	0	3
86	267	123.91461	0.451861564	-5.56531435	-3.13265105	-5.56531435	-1.93220555	1.2004455	0	0	0	0	0	3
87	270	124.842341	0.457115769	-5.73898115	-3.15201926	-5.73898115	-1.93220555	1.21981371	0	0	0	0	0	3
88	273	125.765674	0.462369973	-5.88130025	-3.1720568	-5.88130025	-1.93220555	1.23985125	0	0	0	0	0	3
89	276	126.685654	0.467624177	-5.98518723	-3.1924855	-5.98518723	-1.93220555	1.26027996	0	0	0	0	0	3
90	278	127.600797	0.472878381	-6.06478114	-3.21308539	-6.06478114	-1.93220555	1.28087984	0	0	0	0	0	3
91	281	128.512689	0.478132586	-6.12819172	-3.23377021	-6.12819172	-1.93220555	1.30156466	0	0	0	0	0	3
92	284	129.420043	0.48338679	-6.17051704	-3.25435952	-6.17051704	-1.93220555	1.32215397	0	0	0	0	0	3
93	286	130.32358	0.488640994	-6.20734003	-3.27483261	-6.20734003	-1.93220555	1.34262706	0	0	0	0	0	3
94	289	131.223462	0.493895198	-6.23560494	-3.2951365	-6.23560494	-1.93220555	1.36293095	0	0	0	0	0	3
95	292	132.118622	0.499149403	-6.25936088	-3.31522038	-6.25936088	-1.93220555	1.38301483	0	0	0	0	0	3
96	295	133.010281	0.504403607	-6.27969687	-3.33509331	-6.27969687	-1.93220555	1.40288776	0	0	0	0	0	3
97	298	133.897049	0.509657811	-6.29709641	-3.35488245	-6.29709641	-1.9649373	1.40630866	0	0	0	0	0	3
98	300	134.779986	0.514912015	-6.3120625	-3.37442699	-6.3120625	-1.99123927	1.41160971	0	0	0	0	0	3
99	303	135.658406	0.52016622	-6.3249796	-3.3937054	-6.3249796	-2.01063497	1.41877889	0	0	0	0	0	3
100	306	136.532588	0.525420424	-6.33610101	-3.41272135	-6.33610101	-2.02722723	1.42627982	0	0	0	0	0	3
101	309	137.403119	0.530674628	-6.34586983	-3.4315019	-6.34586983	-2.04131382	1.42488003	0	0	0	0	0	3
102	312	138.268708	0.535928832	-6.35442716	-3.45030764	-6.35442716	-2.04901468	1.41695881	0	0	0	0	0	3
103	314	139.130761	0.541183037	-6.36211815	-3.47045017	-6.36211815	-2.04901468	1.41983107	0	0	0	0	0	3
104	317	139.988093	0.546437241	-6.36899329	-3.50207826	-6.36899329	-2.04901468	1.45145916	0	0	0	0	0	3
105	320	140.842276	0.551691445	-6.37513029	-3.62177355	-6.37513029	-2.04901468	1.57115445	0	0	0	0	0	3
106	322	141.692186	0.556945649	-6.38061492	-4.19880563	-6.38061492	-2.04942963	2.14818652	0	0	0	0	0	3
107	325	142.53944	0.562199853	-6.38554745	-4.23752483	-6.38554745	-2.06968905	2.18662085	0	0	0	0	0	3
108	328	143.382779	0.567454058	-6.38997109	-4.2717218	-6.38997109	-2.0769868	2.22055116	0	0	0	0	0	3
109	330	144.223358	0.572708262	-6.39390899	-4.3008419	-6.39390899	-2.08316598	2.24939636	0	0	0	0	0	3
110	333	145.060041	0.577962466	-6.39741241	-4.32798797	-6.39741241	-2.08855555	2.27626217	0	0	0	0	0	3
111	335	145.892958	0.58321667	-6.40065844	-4.35375197	-6.40065844	-2.0934165	2.30158278	0	0	0	0	0	3
112	338	146.722343	0.588470875	-6.40339194	-4.38273285	-6.40339194	-2.09747122	2.33011591	0	0	0	0	0	3
113	341	147.548949	0.593725079	-6.40585283	-4.41073626	-6.40585283	-2.10141158	2.35765618	0	0	0	0	0	3
114	343	148.371499	0.598979283	-6.40817719	-4.43811932	-6.40817719	-2.10496246	2.38454577	0	0	0	0	0	3
115	346	149.191393	0.604233487	-6.41021533	-4.465384	-6.41021533	-2.10809454	2.41127329	0	0	0	0	0	3
116	348	150.007513	0.609487692	-6.41209017	-4.49290578	-6.41209017	-2.11089774	2.4379471	0	0	0	0	0	3
117	351	150.821518	0.614741896	-6.41382286	-4.52660818	-6.41382286	-2.11311766	2.47075533	0	0	0	0	0	3
118	354	151.631739	0.6199961	-6.41539872	-4.56104686	-6.41539872	-2.11539448	2.50425584	0	0	0	0	0	3
119	356	152.440835	0.625250304	-6.41681984	-4.59625828	-6.41681984	-2.11749037	2.53850149	0	0	0	0	0	3
120	359	153.245536	0.630504509	-6.41812152	-4.63193879	-6.41812152	-2.11940638	2.57320453	0	0	0	0	0	3
121	361	154.049107	0.635758713	-6.41931193	-4.66789515	-6.41931193	-2.1211597	2.60771082	0	0	0	0	0	3
122	364	154.848083	0.641012917	-6.42039325	-4.71494963	-6.42039325	-2.12235972	2.65336517	0	0	0	0	0	3
123	367	155.646418	0.646267121	-6.42138645	-4.76216778	-6.42138645	-2.12377632	2.69924056	0	0	0	0	0	3
124	369	156.443696	0.651521326	-6.42229858	-4.80911785	-6.42229858	-2.12509189	2.7449087	0	0	0	0	0	3
125	372	157.240514	0.65677553	-6.42312392	-4.85562191	-6.42312392	-2.32198333	2.78633541	0	0	0	0	0	3
126	374	158.035365	0.662029734	-6.42386615	-4.89921837	-6.42386615	-2.82953979	2.81113869	0	0	0	0	0	3
127	377	158.827885	0.667283938	-6.42453034	-4.94434761	-6.42453034	-3.00359692	2.83467079	0	0	0	0	0	3
128	379	159.617132	0.672538143	-6.42515651	-4.98664325	-6.42515651	-3.22598386	2.85171029	0	0	0	0	0	3
129	382	160.404378	0.677792347	-6.4256903	-5.02553122	-6.4256903	-3.44296425	2.86213277	0	0	0	0	0	3
130	384	161.188516	0.683046551	-6.42617384	-5.06116189	-6.42617384	-3.61487112	2.81130272	0	0	0	0	0	3
131	387	161.97083	0.688300755	-6.42661503	-5.09430079	-6.42661503	-3.7523684	2.67424663	0	0	0	0	0	3
132	390	162.747933	0.693554959	-6.42700612	-5.1254367	-6.42700612	-3.85343314	2.57357298	0	0	0	0	0	3
133	392	163.535396	0.698809164	-6.42736719	-5.15534858	-6.42736719	-3.93311658	2.49425061	0	0	0	0	0	3
134	395	164.311637	0.704063368	-6.42767456	-5.18405016	-6.42767456	-3.99007335	2.43760121	0	0	0	0	0	3
135	397	165.092032	0.709317572	-6.42797704	-5.21209914	-6.42797704	-4.03615424	2.39182279	0	0	0	0	0	3
136	399	165.858274	0.714571776	-6.42823814	-5.23940059	-6.42823814	-4.07351988	2.35471825	0	0	0	0	0	3
137	402	166.639231	0.719825981	-6.42849744	-5.26646102	-6.42849744	-4.09910203	2.32939541	0	0	0	0	0	3
138	404	167.407477	0.725080185	-6.42870085	-5.29308934	-6.42870085	-4.12427806	2.30442279	0	0	0	0	0	3
139	407	168.182998	0.730334389	-6.42891425	-5.31954162	-6.42891425	-4.14306869	2.28584556	0	0	0	0	0	3
140	409	168.939097	0.735588593	-6.42908745	-5.34557398	-6.42908745	-4.15810096	2.27098649	0	0	0	0	0	3
141	412	169.71173	0.740842798	-6.42927475	-5.37167892	-6.42927475	-4.17132657	2.25794818	0	0	0	0	0	3
142	414	170.46465	0.746097002	-6.42940729	-5.39743995	-6.42940729	-4.18296202	2.24644527	0	0	0	0	0	3
143	417	171.233429	0.751351206	-6.42956368	-5.42330321	-6.42956368	-4.19324885	2.23631483	0	0	0	0	0	3
144	419	171.98159	0.75660541	-6.42966916	-5.44885293	-6.42966916	-4.2023912	2.22727796	0	0	0	0	0	3
145	422	172.746519	0.761859615	-6.42980068	-5.47454253	-6.42980068	-4.21054904	2.21925164	0	0	0	0	0	3
146	424	173.490658	0.767113819	-6.42988031	-5.4999529	-6.42988031	-4.21780446	2.21207585	0	0	0	0	0	3
147	426	174.251597	0.772368023	-6.42998858	-5.52552249	-6.42998858	-4.22422146	2.20576711	0	0	0	0	0	3
148	429	174.991797	0.777622227	-6.43004677	-5.55084349	-6.43004677	-4.23001638	2.20003039	0	0	0	0	0	3
149	431	175.748755	0.782876432	-6.43013299	-5.57633313	-6.43013299	-4.23522632	2.19490666	0	0	0	0	0	3
150	434	176.485066	0.788130636	-6.43017249	-5.60160038	-6.43017249	-4.23997881	2.19019368	0	0	0	0	0	3
151	436	177.237932	0.79338484	-6.43024141	-5.62704114	-6.43024141	-4.24429016	2.18595125	0	0	0	0	0	3
152	439	177.970544	0.798639044	-6.43026462	-5.65228644	-6.43026462	-4.24818599	2.18207864	0	0	0	0	0	3
153	441	178.7196	0.803893248	-6.43031734	-5.67770739	-6.43031734	-4.25170566	2.17861168	0	0	0	0	0	3
154	443	179.449263	0.809147453	-6.43032498	-5.70295875	-6.43032498	-4.25488813	2.17543685	0	0	0	0	0	3
155	446	180.194906	0.814401657	-6.5884666	-5.72979983	-6.5884666	-4.25777933	2.33068727	0	0	0	0	0	3
156	448	180.921696	0.819655861	-7.11133981	-5.76105901	-7.11133981	-4.26035553	2.85098428	0	0	0	0	0	3
157	451	181.664345	0.824910065	-7.2789682	-5.79417942	-7.2789682	-4.26265207	2.96856975	0	0	0	0	0	3
158	453	182.38801	0.83016427	-7.50379976	-5.82901962	-7.50379976	-4.26479715	2.9884504	0	0	0	0	0	3
159	456	183.127942	0.835418474	-7.71354099	-5.86619616	-7.71354099	-4.26661002	3.01105535	0	0	0	0	0	3
160	459	183.848217	0.840672678	-7.89418929	-5.90465106	-7.89418929	-4.26823262	3.03531651	0	0	0	0	0	3
161	461	184.585145	0.845926882	-8.02601202	-5.94483854	-8.02601202	-4.26977023	3.06166345	0	0	0	0	0	3
162	464	185.301945	0.851181087	-8.13024327	-5.98558424	-8.13024327	-4.27111428	3.08891418	0	0	0	0	0	3
163	466	186.035498	0.856435291	-8.21282457	-6.02767389	-8.21282457	-4.2723508	3.11783769	0	0	0	0	0	3
164	469	186.748391	0.861689495	-8.26697663	-6.06984159	-8.26697663	-4.27349092	3.14715499	0	0	0	0	0	3
165	471	187.478604	0.866943699	-8.31121077	-6.1130472	-8.31121077	-4.27452848	3.17781475	0	0	0	0	0	3
166	474	188.187669	0.872197904	-8.34670748	-6.15614796	-8.34670748	-4.27546735	3.20865954	0	0	0	0	0	3
167	476	188.914413	0.877452108	-8.3767683	-6.2001778	-8.3767683	-4.27633107	3.2407154	0	0	0	0	0	3
168	479	189.620192	0.882706312	-8.40177364	-6.24401891	-8.40177364	-4.27711085	3.27285355	0	0	0	0	0	3
169	481	190.343207	0.887960516	-8.42298503	-6.28868934	-8.42298503	-4.27781942	3.30607724	0	0	0	0	0	3
170	484	191.045551	0.893214721	-8.44068203	-6.3331349	-8.44068203	-4.27846552	3.33933763	0	0	0	0	0	3
171	487	191.765119	0.898468925	-8.45575013	-6.37832366	-8.45575013	-4.27906225	3.37357759	0	0	0	0	0	3
172	489	192.463852	0.903723129	-8.46865452	-6.42325522	-8.46865452	-4.27959921	3.40780381	0	0	0	0	0	3
173	491	193.180126	0.908977333	-8.48001068	-6.46889248	-8.48001068	-4.2800822	3.44295377	0	0	0	0	0	3
174	494	193.8754	0.914231537	-8.48988721	-6.5142604	-8.48988721	-4.28051188	3.478059	0	0	0	0	0	3
175	496	194.588091	0.919485742	-8.49871627	-6.56030123	-8.49871627	-4.28091562	3.51403797	0	0	0	0	0	3
176	499	195.279719	0.924739946	-8.50636801	-6.6060748	-8.50636801	-4.28125557	3.54995887	0	0	0	0	0	3
177	501	195.989061	0.92999415	-8.51329582	-6.6524995	-8.51329582	-4.38794882	3.58588075	0	0	0	0	0	3
178	504	196.676677	0.935248354	-8.51932892	-6.69732492	-8.51932892	-4.96199847	3.55733045	0	0	0	0	0	3
179	506	197.382426	0.940502559	-8.52478802	-6.7356853	-8.52478802	-5.12452759	3.40026043	0	0	0	0	0	3
180	509	198.066794	0.945756763	-8.52947267	-6.77174041	-8.52947267	-5.35039664	3.17907603	0	0	0	0	0	3
181	511	198.768919	0.951010967	-8.53391864	-6.80560313	-8.53391864	-5.56531435	2.96860428	0	0	0	0	0	3
182	514	199.450243	0.956265171	-8.53753687	-6.83651667	-8.53753687	-5.73898115	2.79855572	0	0	0	0	0	3
183	517	200.149165	0.961519376	-8.54088286	-6.8658558	-8.54088286	-5.88130025	2.65958261	0	0	0	0	0	3
184	519	200.827531	0.96677358	-8.54394355	-6.89313238	-8.54394355	-5.98518723	2.55875632	0	0	0	0	0	3
185	521	201.523257	0.972027784	-8.54670969	-6.91966621	-8.54670969	-6.06478114	2.48192855	0	0	0	0	0	3
186	524	202.198439	0.977281988	-8.54916463	-6.94490225	-8.54916463	-6.12819172	2.42097291	0	0	0	0	0	3
187	526	202.89099	0.982536193	-8.551506	-6.96987468	-8.551506	-6.17051704	2.38098897	0	0	0	0	0	3
188	529	203.563001	0.987790397	-8.55356407	-6.99401127	-8.55356407	-6.20734003	2.34622404	0	0	0	0	0	3
189	531	204.252351	0.993044601	-8.55550085	-7.01818587	-8.55550085	-6.23560494	2.3198959	0	0	0	0	0	3
190	534	204.9211	0.998298805	-8.55720129	-7.04170691	-8.55720129	-6.25936088	2.29784041	0	0	0	0	0	3
191	536	205.607491	1.00355301	-8.55881631	-7.06540651	-8.55881631	-6.27969687	2.27911944	0.197027311	0	0	0	0	3
192	539	206.273191	1.00880721	-8.5602224	-7.08855169	-8.5602224	-6.29709641	2.263126	0.197069494	0	0	0	0	3
193	541	206.956641	1.01406142	-8.56159153	-7.1119379	-8.56159153	-6.3120625	2.24952903	0.197090031	0	0	0	0	3
194	544	207.619536	1.01931562	-8.56277101	-7.13483739	-8.56277101	-6.3249796	2.23779141	0.197027311	0	0	0	0	3
195	546	208.299755	1.02456983	-8.56390806	-7.15801258	-8.56390806	-6.33610101	2.22780705	0.197027311	0	0	0	0	3
196	549	208.959801	1.02982403	-8.56487876	-7.18075398	-8.56487876	-6.34586983	2.21900893	0.197027311	0	0	0	0	3
197	551	209.636941	1.03507823	-8.56582312	-7.20379967	-8.56582312	-6.35442716	2.21139596	0.197027311	0	0	0	0	3
198	554	210.294379	1.04033244	-8.56663324	-7.22644696	-8.56663324	-6.36211815	2.20451509	0.197027311	0	0	0	0	3
199	556	210.968644	1.04558664	-8.56741055	-7.24940507	-8.56741055	-6.36899329	2.19841726	0.197027311	0	0	0	0	3
200	559	211.623549	1.05084085	-8.56805602	-7.27199717	-8.56805602	-6.37513029	2.19292573	0.197027311	0	0	0	0	3
201	562	212.295389	1.05609505	-8.56869298	-7.29491096	-8.56869298	-6.38061492	2.18807805	0.197027311	0	0	0	0	3
202	564	212.947526	1.06134926	-8.5692088	-7.31747888	-8.5692088	-6.38554745	2.18366134	0.197027311	0	0	0	0	3
203	567	213.61693	1.06660346	-8.5697358	-7.34038134	-8.5697358	-6.38997109	2.17976471	0.197027311	0	0	0	0	3
204	569	214.266368	1.07185766	-8.57016005	-7.36295615	-8.57016005	-6.39390899	2.17625106	0.197027311	0	0	0	0	3
205	572	214.933131	1.07711187	-8.57060297	-7.38586352	-8.57060297	-6.39741241	2.17319055	0.197027311	0	0	0	0	3
206	574	215.57996	1.08236607	-8.57095217	-7.40846096	-8.57095217	-6.40065844	2.17029373	0.197027311	0	0	0	0	3
207	576	216.244082	1.08762028	-8.57132692	-7.43137035	-8.57132692	-6.40339194	2.16793498	0.197027311	0	0	0	0	3
208	579	216.888495	1.09287448	-8.57161739	-7.4539935	-8.57161739	-6.40585283	2.16576456	0.197027311	0	0	0	0	3
209	581	217.550156	1.09812869	-8.57193564	-7.47693736	-8.57193564	-6.40817719	2.16375844	0.197027311	0	0	0	0	3
210	584	218.191919	1.10338289	-8.57217489	-7.49959537	-8.57217489	-6.41021533	2.16195956	0.197027311	0	0	0	0	3
211	586	218.851333	1.10863709	-8.57244677	-7.52257313	-8.57244677	-6.41209017	2.1603566	0.197027311	0	0	0	0	3
212	589	219.490515	1.1138913	-8.57264316	-7.54527613	-8.57264316	-6.41382286	2.15882031	0.197027311	0	0	0	0	3
213	591	220.147705	1.1191455	-8.57287411	-7.56830258	-8.57287411	-6.41539872	2.15747539	0.197027311	0	0	0	0	3
214	594	220.784634	1.12439971	-8.57303261	-7.59106444	-8.57303261	-6.41681984	2.15621277	0.197027311	0	0	0	0	3
215	596	221.439106	1.12965391	-8.57322795	-7.61415017	-8.57322795	-6.41812152	2.15510643	0.197027311	0	0	0	0	3
216	598	222.073834	1.13490812	-8.57335447	-7.63697914	-8.57335447	-6.41931193	2.15404255	0.197027311	0	0	0	0	3
217	601	222.725681	1.14016232	-8.57351878	-7.66011603	-8.57351878	-6.42039325	2.15312552	0.197027311	0	0	0	0	3
218	603	223.358369	1.14541652	-8.57361713	-7.68300997	-8.57361713	-6.42138645	2.15223068	0.197027311	0	0	0	0	3
219	606	224.007905	1.15067073	-8.57375102	-7.70620676	-8.57375102	-6.42229858	2.15145244	0.197027311	0	0	0	0	3
220	608	224.638372	1.15592493	-8.57382511	-7.72923842	-8.57382511	-6.42312392	2.1507012	0.197027311	0	0	0	0	3
221	611	225.285751	1.16117914	-8.57393496	-7.75256957	-8.57393496	-6.42386615	2.1500688	0.197027311	0	0	0	0	3
222	613	225.913901	1.16643334	-8.57398396	-7.77572995	-8.57398396	-6.42453034	2.14945362	0.197027311	0	0	0	0	3
223	616	226.559322	1.17168755	-8.57407368	-7.79914775	-8.57407368	-6.42515651	2.14891717	0.197027311	0	0	0	0	3
224	618	227.185205	1.17694175	-8.57410254	-7.82237542	-8.57410254	-6.4256903	2.14841224	0.197027311	0	0	0	0	3
225	620	227.828458	1.18219595	-8.57417393	-7.84585564	-8.57417393	-6.42617384	2.14800009	0.197027311	0	0	0	0	3
226	623	228.452279	1.18745016	-8.57418501	-7.8691605	-8.57418501	-6.42661503	2.14756998	0.197027311	0	0	0	0	3
227	625	229.093319	1.19270436	-8.57423753	-7.8927071	-8.57423753	-6.42700612	2.14723141	0.197027311	0	0	0	0	3
228	628	229.715262	1.19795857	-8.57423401	-7.91604492	-8.57423753	-6.42736719	2.14687033	0.197027311	0	0	0	0	3
229	630	230.353941	1.20321277	-8.57427067	-7.93988071	-8.57427067	-6.42767456	2.14659611	0.197027311	0	0	0	0	3
230	632	230.973836	1.20846697	-8.574253	-7.96338849	-8.57427067	-6.42797704	2.14629364	0.197027311	0	0	0	0	3
231	635	231.610483	1.21372118	-8.57427625	-7.98724877	-8.57427625	-6.42823814	2.14603811	0.197027311	0	0	0	0	3
232	637	232.228511	1.21897538	-8.5742467	-8.01071351	-8.57427625	-6.42849744	2.14577881	0.197027311	0	0	0	0	3
233	640	232.863238	1.22422959	-8.57425646	-8.03477335	-8.57427625	-6.42870085	2.1455754	0.197027311	0	0	0	0	3
234	642	233.479548	1.22948379	-8.5742175	-8.05847963	-8.57427625	-6.42891425	2.145362	0.197027311	0	0	0	0	3
235	645	234.112221	1.234738	-8.57421684	-8.08259723	-8.57427625	-6.42908745	2.1451888	0.197027311	0	0	0	0	3
236	647	234.726528	1.2399922	-8.5741643	-8.10619126	-8.57427625	-6.42927475	2.1450015	0.197027311	0	0	0	0	3
237	649	235.357203	1.2452464	-8.57415611	-8.13042407	-8.57427625	-6.42940729	2.14486896	0.197027311	0	0	0	0	3
238	652	235.969665	1.25050061	-8.57409814	-8.15412398	-8.57427625	-6.42956368	2.14471257	0.197027311	0	0	0	0	3
239	654	236.598192	1.25575481	-8.57407679	-8.1784453	-8.57427625	-6.42966916	2.14460709	0.197027311	0	0	0	0	3
240	657	237.208788	1.26100902	-8.5740122	-8.20220684	-8.57427625	-6.42980068	2.14447557	0.197027311	0	0	0	0	3
241	659	237.835358	1.26626322	-8.57398565	-8.22661518	-8.57427625	-6.42988031	2.14439594	0.197027311	0	0	0	0	3
242	661	238.444025	1.27151743	-8.57391113	-8.25045394	-8.57427625	-6.42998858	2.14428767	0.197027311	0	0	0	0	3
243	664	239.068774	1.27677163	-8.57387876	-8.27494315	-8.57427625	-6.43004677	2.14422948	0.197027311	0	0	0	0	3
244	666	239.675689	1.28202583	-8.57379799	-8.29885904	-8.57427625	-6.43013299	2.14414326	0.197027311	0	0	0	0	3
245	669	240.298631	1.28728004	-8.26999413	-8.32049449	-8.57427625	-6.43017249	2.14410376	0.197027311	0	0	0	0	3
246	671	240.903761	1.29253424	-7.85186082	-8.33769882	-8.57427625	-6.43024141	2.14403484	0.197027311	0	0	0	0	3
247	674	241.524949	1.29778845	-7.66671473	-8.35355354	-8.57427625	-6.43026462	2.14401163	0.197027311	0	0	0	0	3
248	676	242.128416	1.30304265	-7.43606406	-8.36688549	-8.57427625	-6.43031734	2.14395891	0.197027311	0	0	0	0	3
249	679	242.748015	1.30829686	-7.23217846	-8.37856054	-8.57427625	-6.43032498	2.14395127	0.197027311	0	0	0	0	3
250	681	243.349732	1.31355106	-7.07038782	-8.38848857	-8.57427625	-6.5884666	1.98580965	0.197027311	0	0	0	0	3
251	684	243.967796	1.31880526	-6.93892364	-8.39548606	-8.57427625	-6.93892364	1.63535261	0.197027311	0	0	0	0	3
252	686	244.567764	1.32405947	-6.84503812	-8.39553454	-8.57427625	-6.84503812	1.72923813	0.197027311	0	0	0	0	3
253	689	245.184859	1.32931367	-6.77078679	-8.39280461	-8.57427625	-6.77078679	1.80348946	0.197027311	0	0	0	0	3
254	691	245.783159	1.33456788	-6.71185384	-8.38708853	-8.57427625	-6.71185384	1.86242241	0.197027311	0	0	0	0	3
255	694	246.399695	1.33982208	-6.67240298	-8.378257	-8.57427625	-6.67240298	1.90187327	0.197027311	0	0	0	0	3
256	696	246.9964	1.34507629	-6.64010983	-8.36735409	-8.57427625	-6.64010983	1.93416642	0.197027311	0	0	0	0	3
257	699	247.612088	1.35033049	-6.61344417	-8.35421183	-8.57427625	-6.61344417	1.96083208	0.197027311	0	0	0	0	3
258	701	248.207087	1.35558469	-6.59081208	-8.34008454	-8.57427625	-6.59081208	1.98346417	0.197027311	0	0	0	0	3
259	704	248.821689	1.3608389	-6.57138422	-8.32425786	-8.57427625	-6.57138422	2.00289203	0.197027311	0	0	0	0	3
260	706	249.41572	1.3660931	-6.55485361	-8.30813712	-8.57427625	-6.55485361	2.01942264	0.197027311	0	0	0	0	3
261	709	250.029162	1.37134731	-6.5405031	-8.2907658	-8.57427625	-6.5405031	2.03377315	0.197027311	0	0	0	0	3
262	711	250.621859	1.37660151	-6.52819973	-8.27339815	-8.57427625	-6.52819973	2.04607652	0.197027311	0	0	0	0	3
263	714	251.234262	1.38185571	-6.51750227	-8.25493792	-8.57427625	-6.51750227	2.05677398	0.197027311	0	0	0	0	3
264	716	251.828142	1.38710992	-6.50813751	-8.23659583	-8.57427625	-6.50813751	2.06613874	0.197027311	0	0	0	0	3
265	719	252.439574	1.39236412	-6.49977659	-8.21732404	-8.57427625	-6.49977659	2.06239964	0.197027311	0	0	0	0	3
266	721	253.033342	1.39761833	-6.49233285	-8.19826998	-8.57427625	-6.49233285	2.01721087	0.197027311	0	0	0	0	3
267	724	253.643952	1.40287253	-6.48562417	-8.17837573	-8.57427625	-6.48562417	1.97227932	0.197027311	0	0	0	0	3
268	726	254.235578	1.40812674	-6.47966051	-8.15882259	-8.57427625	-6.47966051	1.92664205	0.197027311	0	0	0	0	3
269	729	254.845577	1.41338094	-6.47424515	-8.13842786	-8.57427625	-6.47424515	1.88127414	0.197027311	0	0	0	0	3
270	731	255.435307	1.41863514	-6.46940454	-8.11846952	-8.57427625	-6.46940454	1.83523331	0.197027311	0	0	0	0	3
271	734	256.044616	1.42388935	-6.46496467	-8.09766631	-8.57427625	-6.46496467	1.78945974	0.197027311	0	0	0	0	3
272	736	256.63481	1.42914355	-6.46104673	-8.07731603	-8.57427625	-6.46104673	1.74303504	0.197027311	0	0	0	0	3
273	739	257.24339	1.43439776	-6.45751686	-8.05617409	-8.57427625	-6.45751686	1.69820961	0.197027311	0	0	0	0	3
274	741	257.833535	1.43965196	-6.45425238	-8.03550855	-8.57427625	-6.45425238	1.65984924	0.197027311	0	0	0	0	3
275	744	258.441225	1.44490617	-6.45145454	-8.01408784	-8.57427625	-6.45145454	1.62379413	0.197027311	0	0	0	0	3
276	746	259.030098	1.45016037	-6.44891744	-7.99318349	-8.57427625	-6.44891744	1.58993141	0.197027311	0	0	0	0	3
277	748	259.636298	1.45541457	-6.44649747	-7.97154192	-8.57427625	-6.44649747	1.55901787	0.197027311	0	0	0	0	3
278	751	260.222841	1.46066878	-6.44435999	-7.95045704	-8.57427625	-6.44435999	1.52967874	0.197027311	0	0	0	0	3
279	753	260.828128	1.46592298	-6.44236677	-7.92861274	-8.57427625	-6.44236677	1.50240215	0.197027311	0	0	0	0	3
280	756	261.414697	1.47117719	-6.44052218	-7.90731635	-8.57427625	-6.44052218	1.47586832	0.197027311	0	0	0	0	3
281	758	262.019333	1.47643139	-6.43881654	-7.885286	-8.57427625	-6.43881654	1.45063229	0.197027311	0	0	0	0	3
282	761	262.605403	1.4816856	-6.43724083	-7.86381671	-8.57427625	-6.43724083	1.42565986	0.197027311	0	0	0	0	3
283	763	263.208977	1.4869398	-6.43579012	-7.8416313	-8.57427625	-6.43579012	1.40152326	0.197027311	0	0	0	0	3
284	765	263.795253	1.492194	-6.43445521	-7.81999139	-8.57427625	-6.43445521	1.37734866	0.197027311	0	0	0	0	3
285	768	264.39756	1.49744821	-6.43321894	-7.79767395	-8.57427625	-6.43321894	1.35382762	0.197027311	0	0	0	0	3
286	770	264.98103	1.50270241	-6.43205453	-7.77595015	-8.57427625	-6.43205453	1.33012803	0.197027311	0	0	0	0	3
287	773	265.582259	1.50795662	-6.43099032	-7.75350768	-8.57427625	-6.43099032	1.30698285	0.197027311	0	0	0	0	3
288	775	266.163879	1.51321082	-6.42999648	-7.73168776	-8.57427625	-6.42999648	1.28359664	0.197027311	0	0	0	0	3
289	777	266.764428	1.51846502	-6.42909365	-7.70912432	-8.57427625	-6.42909365	1.26069715	0.197027311	0	0	0	0	3
290	780	267.346126	1.52371923	-6.42823611	-7.68717482	-8.57427625	-6.42823611	1.23752196	0.197027311	0	0	0	0	3
291	782	267.945797	1.52897343	-6.42745175	-7.66451128	-8.57427625	-6.42745175	1.21478056	0.197027311	0	0	0	0	3
292	785	268.527045	1.53422764	-6.42671588	-7.64245639	-8.57427625	-6.42671588	1.19173486	0.197027311	0	0	0	0	3
293	787	269.125456	1.53948184	-6.42605306	-7.61970984	-8.57427625	-6.42605306	1.16908758	0.197027311	0	0	0	0	3
294	790	269.70695	1.54473605	-6.42542546	-7.59754261	-8.57427625	-6.42542546	1.14612946	0.197027311	0	0	0	0	3
295	792	270.304368	1.54999025	-6.42485417	-7.57471431	-8.57427625	-6.42485417	1.12353736	0.197027311	0	0	0	0	3
296	794	270.883235	1.55524445	-6.4243025	-7.55249888	-8.57427625	-6.4243025	1.10062358	0.197027311	0	0	0	0	3
297	797	271.479687	1.56049866	-6.42380239	-7.52958853	-8.57427625	-6.42380239	1.07805565	0.197027311	0	0	0	0	3
298	800	272.058616	1.56575286	-6.42331621	-7.50728429	-8.57427625	-6.42331621	1.0551532	0.197027311	0	0	0	0	3
299	802	272.654112	1.57100707	-6.42287225	-7.48429925	-8.57427625	-6.42287225	1.03257839	0.197027311	0	0	0	0	3
300	804	273.231767	1.57626127	-6.42242996	-7.46193707	-8.57427625	-6.42242996	1.00967102	0.197027311	0	0	0	0	3
301	808	273.826268	1.58151548	-6.422028	-7.43888779	-8.57427625	-6.422028	0.987073579	0.197027311	0	0	0	0	3
302	810	274.403918	1.58676968	-6.42163053	-7.41645016	-8.57427625	-6.42163053	0.97908438	0.197027311	0	0	0	0	3
303	812	274.997369	1.59202388	-6.42127064	-7.39334389	-8.57427625	-6.42127064	1.00219065	0.197027311	0	0	0	0	3
304	815	275.572247	1.59727809	-6.4209062	-7.37087894	-8.57427625	-6.4209062	1.0246556	0.197027311	0	0	0	0	3
305	817	276.165263	1.60253229	-6.4205766	-7.3477068	-8.57427625	-6.4205766	1.04782773	0.197027311	0	0	0	0	3
306	820	276.740921	1.6077865	-6.42024049	-7.32516634	-8.57427625	-6.42024049	1.07036819	0.197027311	0	0	0	0	3
307	822	277.333104	1.6130407	-6.41994191	-7.30193633	-8.57427625	-6.41994191	1.09359821	0.197027311	0	0	0	0	3
308	824	277.907029	1.61829491	-6.41963161	-7.27936412	-8.57427625	-6.41963161	1.11617042	0.197027311	0	0	0	0	3
309	827	278.498155	1.62354911	-6.41935737	-7.25608318	-8.57427625	-6.41935737	1.13945136	0.197027311	0	0	0	0	3
310	829	279.072202	1.62880331	-6.41907144	-7.23344906	-8.57427625	-6.41907144	1.16208547	0.197027311	0	0	0	0	3
311	832	279.66218	1.63405752	-6.41882122	-7.21013423	-8.57427625	-6.41882122	1.1854003	0.197027311	0	0	0	0	3
312	834	280.233785	1.63931172	-6.4185547	-7.187477	-8.57427625	-6.4185547	1.20805754	0.197027311	0	0	0	0	3
313	837	280.822933	1.64456593	-6.41832373	-7.16412592	-8.57427625	-6.41832373	1.23140862	0.197027311	0	0	0	0	3
314	839	281.395206	1.64982013	-6.41807703	-7.14140394	-8.57427625	-6.41807703	1.2541306	0.197027311	0	0	0	0	3
315	841	281.983653	1.65507434	-6.41786202	-7.11801266	-8.57427625	-6.41786202	1.27752188	0.197027311	0	0	0	0	3
316	844	282.555151	1.66032854	-6.41763315	-7.09525403	-8.57427625	-6.41763315	1.30028051	0.197027311	0	0	0	0	3
317	847	283.142924	1.66558274	-6.41743316	-7.07182266	-8.57427625	-6.41743316	1.32371188	0.197027311	0	0	0	0	3
318	851	283.713708	1.67083695	-6.41721859	-7.04903333	-8.57427625	-6.41721859	1.34650121	0.197027311	0	0	0	0	3
319	855	284.300545	1.67609115	-6.41703412	-7.02556354	-8.57427625	-6.41703412	1.369971	0.197027311	0	0	0	0	3
320	858	284.868435	1.68134536	-6.41683124	-7.00276841	-8.57427625	-6.41683124	1.39276612	0.197027311	0	0	0	0	3
321	860	285.45431	1.68659956	-6.41665893	-6.97926855	-8.57427625	-6.41665893	1.41626598	0.197027311	0	0	0	0	3
322	863	286.023159	1.69185376	-6.41646938	-6.95642559	-8.57427625	-6.41646938	1.43910895	0.197027311	0	0	0	0	3
323	865	286.608424	1.69710797	-6.41631062	-6.93289799	-8.57427625	-6.41631062	1.46263655	0.197027311	0	0	0	0	3
324	868	287.176652	1.70236217	-6.41612877	-6.91002246	-8.57427625	-6.41612877	1.48551208	0.197027311	0	0	0	0	3
325	870	287.761304	1.70761638	-6.41597993	-6.8864756	-8.57427625	-6.41597993	1.50905894	0.197027311	0	0	0	0	3
326	872	288.328513	1.71287058	-6.41580762	-6.86357926	-8.57427625	-6.41580762	1.53195527	0.197027311	0	0	0	0	3
327	875	288.912405	1.71812479	-6.41566579	-6.8400086	-8.57425646	-6.41566579	1.55552593	0.197027311	0	0	0	0	3
328	877	289.47708	1.72337899	-6.41550433	-6.81709949	-8.57425646	-6.41550433	1.57843505	0.197027311	0	0	0	0	3
329	880	290.060399	1.72863319	-6.41537484	-6.79350305	-8.5742175	-6.41537484	1.60203149	0.197027311	0	0	0	0	3
330	882	290.625968	1.7338874	-6.41521591	-6.77055466	-8.57421684	-6.41521591	1.62497988	0.197027311	0	0	0	0	3
331	884	291.208334	1.7391416	-6.41509142	-6.7469429	-8.5741643	-6.41509142	1.64859164	0.197027311	0	0	0	0	3
332	887	291.772902	1.74439581	-6.41494551	-6.72398073	-8.57415611	-6.41494551	1.67155381	0.197027311	0	0	0	0	3
333	889	292.354136	1.74965001	-6.4148242	-6.70035574	-8.57409814	-6.4148242	1.6951788	0.197027311	0	0	0	0	3
334	892	292.918126	1.75490422	-6.41468145	-6.67737508	-8.57407679	-6.41468145	1.71815946	0.197027311	0	0	0	0	3
335	894	293.498571	1.76015842	-6.41457141	-6.65374303	-8.5740122	-6.41457141	1.74179151	0.197027311	0	0	0	0	3
336	896	294.061683	1.76541262	-6.41443428	-6.63074922	-8.57398565	-6.41443428	1.76478532	0.197027311	0	0	0	0	3
337	899	294.641015	1.77066683	-6.41432608	-6.607108	-8.57391113	-6.41432608	1.78842654	0.197027311	0	0	0	0	3
338	901	295.203062	1.77592103	-6.41419498	-6.5841063	-8.57387876	-6.41419498	1.81142824	0.197027311	0	0	0	0	3
339	903	295.781525	1.78117524	-6.41409329	-6.56045278	-8.57379799	-6.41409329	1.83508175	0.197027311	0	0	0	0	3
340	906	296.342865	1.78642944	-6.41396682	-6.53743845	-8.26999413	-6.41396682	1.85602731	0.197027311	0	0	0	0	3
341	908	296.92058	1.79168365	-6.41386633	-6.51711646	-7.85186082	-6.41386633	1.4379945	0.197027311	0	0	0	0	3
342	910	297.481028	1.79693785	-6.4137411	-6.50181649	-7.66671473	-6.4137411	1.25297363	0.197027311	0	0	0	0	3
343	913	298.057665	1.80219205	-6.41364829	-6.48811714	-7.43606406	-6.41364829	1.02241578	0.197027311	0	0	0	0	3
344	915	298.617143	1.80744626	-6.41353122	-6.47725153	-7.23217846	-6.41353122	0.818647241	0.197027311	0	0	0	0	3
345	918	299.194285	1.81270046	-6.4134389	-6.46831239	-7.07038782	-6.4134389	0.656948916	0.197027311	0	0	0	0	3
346	920	299.751495	1.81795467	-6.4133206	-6.46134593	-6.93892364	-6.4133206	0.525603043	0.197027311	0	0	0	0	3
347	923	300.327288	1.82320887	-6.04302992	-6.45183489	-6.84503812	-6.04302992	0.802008201	0.197027311	0	0	0	0	3
348	925	300.885475	1.82846307	-5.6659542	-6.43985682	-6.77078679	-5.6659542	1.10483259	0.197027311	0	0	0	0	3
349	928	301.460325	1.83371728	-5.47619506	-6.42638423	-6.71185384	-5.47619506	1.23565878	0.197027311	0	0	0	0	3
350	930	302.017737	1.83897148	-5.25229734	-6.41170916	-6.67240298	-5.25229734	1.42010564	0.197027311	0	0	0	0	3
351	933	302.591764	1.84422569	-5.05257971	-6.39496472	-6.64010983	-5.05257971	1.58753012	0.197027311	0	0	0	0	3
352	935	303.148727	1.84947989	-4.88704972	-6.37740298	-6.61344417	-4.88704972	1.72639445	0.197027311	0	0	0	0	3
353	938	303.721981	1.8547341	-4.76363804	-6.35832571	-6.59081208	-4.76363804	1.82717404	0.197027311	0	0	0	0	3
354	940	304.277983	1.8599883	-4.66642045	-6.33908162	-6.57138422	-4.66642045	1.90496377	0.197027311	0	0	0	0	3
355	943	304.85021	1.8652425	-4.5914398	-6.31868449	-6.55485361	-4.5914398	1.96341381	0.197027311	0	0	0	0	3
356	945	305.40537	1.87049671	-4.53880426	-6.29853059	-6.5405031	-4.53880426	1.99223521	0.197027311	0	0	0	0	3
357	948	305.976981	1.87575091	-4.496007	-6.27746136	-6.52819973	-4.496007	1.9959368	0.197027311	0	0	0	0	3
358	950	306.531555	1.88100512	-4.46152634	-6.25679084	-6.51750227	-4.46152634	1.99814707	0.197027311	0	0	0	0	3
359	953	307.102389	1.88625932	-4.43778126	-6.23534726	-6.50813751	-4.43778126	2.00124858	0.197027311	0	0	0	0	3
360	955	307.656073	1.89151353	-4.41791019	-6.21442061	-6.49977659	-4.41791019	2.00290343	0.197027311	0	0	0	0	3
361	958	308.226113	1.89676773	-4.4010515	-6.19276361	-6.49233285	-4.4010515	2.00550637	0.197027311	0	0	0	0	3
362	960	308.779346	1.90202193	-4.38640237	-6.17164617	-6.48562417	-4.38640237	2.00672956	0.197027311	0	0	0	0	3
363	963	309.349214	1.90727614	-4.37346825	-6.14980906	-6.47966051	-4.37346825	2.00901353	0.197027311	0	0	0	0	3
364	965	309.902291	1.91253034	-4.36218382	-6.12854245	-6.47424515	-4.36218382	2.00988542	0.197027311	0	0	0	0	3
365	968	310.471763	1.91778455	-4.35210677	-6.10656521	-6.46940454	-4.35210677	2.01190431	0.197027311	0	0	0	0	3
366	970	311.024078	1.92303875	-4.34322418	-6.08519584	-6.46496467	-4.34322418	2.01247048	0.197027311	0	0	0	0	3
367	972	311.592654	1.92829296	-4.33525783	-6.06311824	-6.46104673	-4.33525783	2.01419779	0.197027311	0	0	0	0	3
368	975	312.144263	1.93354716	-4.32829645	-6.04164802	-6.45751686	-4.32829645	2.01452607	0.197027311	0	0	0	0	3
369	978	312.712461	1.93880136	-4.3219894	-6.01946999	-6.45425238	-4.3219894	2.01603856	0.197027311	0	0	0	0	3
370	981	313.26391	1.94405557	-4.31640061	-5.99789804	-6.45145454	-4.31640061	2.01618981	0.197027311	0	0	0	0	3
371	983	313.831916	1.94930977	-4.31124418	-5.97562622	-6.44891744	-4.31124418	2.01755727	0.197027311	0	0	0	0	3
372	985	314.3829	1.95456398	-4.30661292	-5.95397768	-6.44649747	-4.30661292	2.01756424	0.197027311	0	0	0	0	3
373	988	314.950246	1.95981818	-4.30236801	-5.93163973	-6.44435999	-4.30236801	2.01881731	0.197027311	0	0	0	0	3
374	990	315.500549	1.96507239	-4.29856197	-5.90994165	-6.44236677	-4.29856197	2.01867109	0.197027311	0	0	0	0	3
375	993	316.067347	1.97032659	-4.29505835	-5.8875376	-6.44052218	-4.29505835	2.01977875	0.197027311	0	0	0	0	3
376	995	316.617253	1.97558079	-4.29191753	-5.86576679	-6.43881654	-4.29191753	2.01951921	0.197027311	0	0	0	0	3
377	998	317.183679	1.980835	-4.28899975	-5.84329561	-6.43724083	-4.28899975	2.0205211	0.197027311	0	0	0	0	3
378	1000	317.733092	1.9860892	-4.28641528	-5.8214651	-6.43579012	-4.28641528	2.0201662	0.197027311	0	0	0	0	3
379	1002	318.298958	1.99134341	-4.28406962	-5.79894287	-6.43445521	-4.28406962	2.02104852	0.197027311	0	0	0	0	3
380	1005	318.847874	1.99659761	-4.28190572	-5.77704907	-6.43321894	-4.28190572	2.02062488	0.197027311	0	0	0	0	3
381	1007	319.413385	2.00185181	-4.28002781	-5.75447741	-6.43205453	-4.28002781	2.02147274	0.197027311	0	0	0	0	3
382	1009	319.962064	2.00710602	-4.27833281	-5.73255576	-6.43099032	-4.27833281	2.02095192	0.197027311	0	0	0	0	3
383	1012	320.527309	2.01236022	-4.276705	-5.70993623	-6.42999648	-4.276705	2.02175154	0.197027311	0	0	0	0	3
384	1014	321.075651	2.01761443	-4.27527529	-5.68798306	-6.42909365	-4.27527529	2.02114125	0.197027311	0	0	0	0	3
385	1017	321.640539	2.02286863	-4.27392993	-5.66531647	-6.42823611	-4.27392993	2.02185835	0.197027311	0	0	0	0	3
386	1019	322.188637	2.02812284	-4.27268689	-5.64330642	-6.42745175	-4.27268689	2.02120486	0.197027311	0	0	0	0	3
387	1021	322.753339	2.03337704	-4.27153254	-5.62059287	-6.42671588	-4.27153254	2.02186352	0.197027311	0	0	0	0	3
388	1024	323.301187	2.03863124	-4.27048038	-5.59853479	-6.42605306	-4.27048038	2.02117506	0.197027311	0	0	0	0	3
389	1026	323.865446	2.04388545	-4.26949774	-5.57578876	-6.42542546	-4.26949774	2.02175386	0.197027311	0	0	0	0	3
390	1028	324.412621	2.04913965	-4.2685968	-5.55368279	-6.42485417	-4.2685968	2.02103152	0.197027311	0	0	0	0	3
391	1031	324.976183	2.05439386	-4.26775742	-5.53090776	-6.4243025	-4.26775742	2.02159112	0.197027311	0	0	0	0	3
392	1033	325.522837	2.05964806	-4.26697884	-5.50879764	-6.42380239	-4.26697884	2.02079089	0.197027311	0	0	0	0	3
393	1035	326.086185	2.06490227	-4.26625882	-5.48598464	-6.42331621	-4.26625882	2.02129966	0.197027311	0	0	0	0	3
394	1038	326.632823	2.07015647	-4.26558841	-5.46381733	-6.42287225	-4.26558841	2.02048191	0.197027311	0	0	0	0	3
395	1040	327.19596	2.07541067	-4.26497116	-5.44096832	-6.42242996	-4.26497116	2.02096876	0.197027311	0	0	0	0	3
396	1042	327.742325	2.08066488	-4.26440003	-5.41877477	-6.422028	-4.26440003	2.02011302	0.197027311	0	0	0	0	3
397	1045	328.304155	2.08591908	-4.26386955	-5.39591604	-6.42163053	-4.26386955	2.02053412	0.197027311	0	0	0	0	3
398	1047	328.847924	2.09117329	-4.26337365	-5.37372176	-6.42127064	-4.26337365	2.01962213	0.197027311	0	0	0	0	3
399	1049	329.408894	2.09642749	-4.26292364	-5.35084438	-6.4209062	-4.26292364	2.02003456	0.197027311	0	0	0	0	3
400	1052	329.952171	2.1016817	-4.26250691	-5.32865928	-6.4205766	-4.26250691	2.01904752	0.197027311	0	0	0	0	3
401	1055	330.512675	2.1069359	-4.26212188	-5.30574515	-6.42024049	-4.26212188	2.01942119	0.197027311	0	0	0	0	3
402	1058	331.057441	2.1121901	-4.2617547	-5.28346282	-6.41994191	-4.2617547	2.01847351	0.197027311	0	0	0	0	3
403	1060	331.61732	2.11744431	-4.26141735	-5.26052385	-6.41963161	-4.26141735	2.01884027	0.197027311	0	0	0	0	3
404	1062	332.161801	2.12269851	-4.26110003	-5.23823257	-6.41935737	-4.26110003	2.01785061	0.197027311	0	0	0	0	3
405	1065	332.720881	2.12795272	-4.26079741	-5.21527801	-6.41907144	-4.26079741	2.01817105	0.197027311	0	0	0	0	3
406	1067	333.262984	2.13320692	-4.26050801	-5.19297501	-6.41882122	-4.26050801	2.01715922	0.197027311	0	0	0	0	3
407	1070	333.821712	2.13846112	-4.26024247	-5.16999906	-6.4185547	-4.26024247	2.01747794	0.197027311	0	0	0	0	3
408	1072	334.36275	2.14371533	-4.25998437	-5.14771834	-6.41832373	-4.25998437	2.01640758	0.197027311	0	0	0	0	3
409	1074	334.921078	2.14896953	-4.25974455	-5.12471651	-6.41807703	-4.25974455	2.01668742	0.197027311	0	0	0	0	3
410	1077	335.462474	2.15422374	-4.25950622	-5.10236332	-6.41786202	-4.25950622	2.01564934	0.197027311	0	0	0	0	3
411	1079	336.020202	2.15947794	-4.25928927	-5.07933616	-6.41763315	-4.25928927	2.01591786	0.197027311	0	0	0	0	3
412	1081	336.562652	2.16473215	-4.25907314	-5.05693585	-6.41743316	-4.25907314	2.01488681	0.197027311	0	0	0	0	3
413	1084	337.119663	2.16998635	-4.25887696	-5.03388533	-6.41721859	-4.25887696	2.015148	0.197027311	0	0	0	0	3
414	1086	337.659578	2.17524055	-4.25867632	-5.01149009	-6.41703412	-4.25867632	2.01407344	0.197027311	0	0	0	0	3
415	1088	338.216552	2.18049476	-4.25849824	-4.98841305	-6.41683124	-4.25849824	2.01435536	0.197027311	0	0	0	0	3
416	1091	338.75599	2.18574896	-4.25831485	-4.96605116	-6.41665893	-4.25831485	2.0132174	0.197027311	0	0	0	0	3
417	1093	339.312621	2.19100317	-4.25815274	-4.94295513	-6.41646938	-4.25815274	2.01347046	0.197027311	0	0	0	0	3
418	1095	339.85252	2.19625737	-4.25798318	-4.92051341	-6.41631062	-4.25798318	2.01238459	0.197027311	0	0	0	0	3
419	1098	340.40888	2.20151158	-4.25783305	-4.89738858	-6.41612877	-4.25783305	2.01263388	0.197027311	0	0	0	0	3
420	1100	340.949576	2.20676578	-4.25767427	-4.87490734	-6.41597993	-4.25767427	2.01156826	0.197027311	0	0	0	0	3
421	1102	341.505336	2.21201998	-4.25753822	-4.85175873	-6.41580762	-4.25753822	2.01182054	0.197027311	0	0	0	0	3
422	1105	342.043648	2.21727419	-4.25739627	-4.82928657	-6.41566579	-4.25739627	2.01072203	0.197027311	0	0	0	0	3
423	1107	342.599169	2.22252839	-4.25726506	-4.80611431	-6.41550433	-4.25726506	2.01098518	0.197027311	0	0	0	0	3
424	1109	343.13728	2.2277826	-4.25713388	-4.78367318	-6.41537484	-4.25713388	2.00982986	0.197027311	0	0	0	0	3
425	1112	343.692422	2.2330368	-4.25701654	-4.76047489	-6.41521591	-4.25701654	2.01007977	0.197027311	0	0	0	0	3
426	1114	344.230839	2.23829101	-4.25689011	-4.73795813	-6.41509142	-4.25689011	2.00898477	0.197027311	0	0	0	0	3
427	1117	344.785697	2.24354521	-4.25677926	-4.71474513	-6.41494551	-4.25677926	2.0092356	0.197027311	0	0	0	0	3
428	1119	345.324994	2.24879941	-4.25666522	-4.69220781	-6.4148242	-4.25666522	2.00814793	0.197027311	0	0	0	0	3
429	1121	345.879119	2.25405362	-4.25656533	-4.66899167	-6.41468145	-4.25656533	2.0083834	0.197027311	0	0	0	0	3
430	1124	346.416312	2.25930782	-4.25645552	-4.64644581	-6.41457141	-4.25645552	2.00729721	0.197027311	0	0	0	0	3
431	1126	346.970339	2.26456203	-4.2563592	-4.62321076	-6.41443428	-4.2563592	2.00753846	0.197027311	0	0	0	0	3
432	1128	347.506922	2.26981623	-4.25625753	-4.60065384	-6.41432608	-4.25625753	2.00645415	0.197027311	0	0	0	0	3
433	1131	348.060686	2.27507044	-4.25617052	-4.5774137	-6.41419498	-4.25617052	2.0066926	0.197027311	0	0	0	0	3
434	1133	348.597483	2.28032464	-4.25607562	-4.55484858	-6.41409329	-4.25607562	2.0056042	0.197027311	0	0	0	0	3
435	1135	349.150842	2.28557884	-4.25598928	-4.53159776	-6.41396682	-4.25598928	2.00584069	0.197027311	0	0	0	0	3
436	1138	349.688922	2.29083305	-4.25589735	-4.50900943	-6.41386633	-4.25589735	2.00810702	0.197027311	0	0	0	0	3
437	1140	350.241622	2.29608725	-4.25582381	-4.48574658	-6.4137411	-4.25582381	2.0160699	0.197027311	0	0	0	0	3
438	1142	350.777251	2.30134146	-4.25573541	-4.46316073	-6.41364829	-4.25573541	2.02495641	0.197027311	0	0	0	0	3
439	1145	351.330017	2.30659566	-4.25566017	-4.43989496	-6.41353122	-4.25566017	2.03735657	0.197027311	0	0	0	0	3
440	1147	351.865089	2.31184986	-4.2555781	-4.41730574	-6.4134389	-4.2555781	2.05100665	0.197027311	0	0	0	0	3
441	1149	352.417538	2.31710407	-4.25551096	-4.39398067	-6.4133206	-4.25551096	2.06736526	0.197027311	0	0	0	0	3
442	1152	352.953231	2.32235827	-4.25543475	-4.37143604	-6.04302992	-4.25543475	1.78759517	0.197027311	0	0	0	0	3
443	1154	353.505437	2.32761248	-4.25536761	-4.35213137	-5.6659542	-4.25536761	1.41058659	0.197027311	0	0	0	0	3
444	1156	354.042107	2.33286668	-4.25529141	-4.33735749	-5.47619506	-4.25529141	1.22090365	0.197027311	0	0	0	0	3
445	1159	354.593585	2.33812089	-4.25523387	-4.324184	-5.25229734	-4.25523387	0.997063477	0.197027311	0	0	0	0	3
446	1161	355.127894	2.34337509	-4.25515899	-4.31374867	-5.05257971	-4.25515899	0.797420717	0.197027311	0	0	0	0	3
447	1163	355.679068	2.34862929	-4.25509769	-4.30515083	-4.88704972	-4.25509769	0.631952028	0.197027311	0	0	0	0	3
448	1166	356.213099	2.3538835	-4.25503105	-4.29853883	-4.76363804	-4.25503105	0.508606995	0.197027311	0	0	0	0	3
449	1168	356.764078	2.3591377	-4.25497627	-4.29305975	-4.66642045	-4.25497627	0.411444182	0.197027311	0	0	0	0	3
450	1170	357.298436	2.36439191	-4.25490494	-4.28875994	-4.5914398	-4.25490494	0.336534852	0.197027311	0	0	0	0	3
451	1173	357.849248	2.36964611	-4.25484996	-4.28513951	-4.53880426	-4.25484996	0.283954295	0.197027311	0	0	0	0	3
452	1175	358.384453	2.37490032	-4.2547881	-4.28217478	-4.496007	-4.2547881	0.241218893	0.197027311	0	0	0	0	3
453	1177	358.934618	2.38015452	-4.25473733	-4.27958169	-4.46152634	-4.25473733	0.206789011	0.197027311	0	0	0	0	3
454	1180	359.4676	2.38540872	-4.25467643	-4.27742483	-4.43778126	-4.25467643	0.183104825	0.197027311	0	0	0	0	3
455	1182	360.01773	2.39066293	-4.24164665	-4.27532299	-4.41791019	-4.24164665	0.176263537	0.197027311	0	0	0	0	3
456	1185	360.552463	2.39591713	-3.58374378	-4.26683926	-4.4010515	-3.58374378	0.81730772	0.197027311	0	0	0	0	3
457	1187	361.102012	2.40117134	-3.43107549	-4.2567061	-4.38640237	-3.43107549	0.95532688	0.197027311	0	0	0	0	3
458	1190	361.636358	2.40642554	-3.20323217	-4.24469877	-4.37346825	-3.20323217	1.17023609	0.197027311	0	0	0	0	3
459	1192	362.185433	2.41167975	-2.98168744	-4.23018469	-4.36218382	-2.98168744	1.38049638	0.197027311	0	0	0	0	3
460	1194	362.719747	2.41693395	-2.79910421	-4.21432529	-4.35210677	-2.79910421	1.55300256	0.197027311	0	0	0	0	3
461	1197	363.268301	2.42218815	-2.65291482	-4.19661617	-4.34322418	-2.65291482	1.69030936	0.197027311	0	0	0	0	3
462	1199	363.800081	2.42744236	-2.54142292	-4.17840387	-4.33525783	-2.54142292	1.7938349	0.197027311	0	0	0	0	3
463	1202	364.348979	2.43269656	-2.45946493	-4.15882886	-4.32829645	-2.45946493	1.86883152	0.197027311	0	0	0	0	3
464	1204	364.882464	2.43795077	-2.39550297	-4.13921902	-4.3219894	-2.39550297	1.88025097	0.197027311	0	0	0	0	3
465	1207	365.43073	2.44320497	-2.34835554	-4.11862428	-4.31640061	-2.34835554	1.87927376	0.197027311	0	0	0	0	3
466	1209	365.964172	2.44845918	-2.3106148	-4.09825376	-4.31124418	-2.3106148	1.87737246	0.197027311	0	0	0	0	3
467	1212	366.512187	2.45371338	-2.28030776	-4.07704579	-4.30661292	-2.28030776	1.87693189	0.197027311	0	0	0	0	3
468	1214	367.045234	2.45896758	-2.25817415	-4.05623334	-4.30236801	-2.25817415	1.87540639	0.197027311	0	0	0	0	3
469	1217	367.593029	2.46422179	-2.23927012	-4.03467357	-4.29856197	-2.23927012	1.87526808	0.197027311	0	0	0	0	3
470	1219	368.125837	2.46947599	-2.22328263	-4.01357453	-4.29505835	-2.22328263	1.87396308	0.197027311	0	0	0	0	3
471	1222	368.673328	2.4747302	-2.21166864	-3.99178857	-4.29191753	-2.21166864	1.87397822	0.197027311	0	0	0	0	3
472	1224	369.206057	2.4799844	-2.19930408	-3.9704922	-4.28899975	-2.19930408	1.8728034	0.197027311	0	0	0	0	3
473	1227	369.753514	2.4852386	-2.19052668	-3.948524	-4.28641528	-2.19052668	1.8729411	0.197027311	0	0	0	0	3
474	1229	370.2859	2.49049281	-2.18271216	-3.92710294	-4.28406962	-2.18271216	1.87183993	0.197027311	0	0	0	0	3
475	1231	370.833349	2.49574701	-2.17568243	-3.90500677	-4.28190572	-2.17568243	1.8720423	0.197027311	0	0	0	0	3
476	1234	371.365543	2.50100122	-2.16932497	-3.8834787	-4.28002781	-2.16932497	1.87099871	0.197027311	0	0	0	0	3
477	1236	371.912767	2.50625542	-2.16342706	-3.8612783	-4.27833281	-2.16342706	1.87127746	0.197027311	0	0	0	0	3
478	1239	372.444999	2.51150963	-2.15809632	-3.8396462	-4.276705	-2.15809632	1.87029003	0.197027311	0	0	0	0	3
479	1241	372.992047	2.51676383	-2.15313007	-3.81735216	-4.27527529	-2.15313007	1.8706309	0.197027311	0	0	0	0	3
480	1244	373.524111	2.52201803	-2.14864293	-3.79563638	-4.27392993	-2.14864293	1.86968009	0.197027311	0	0	0	0	3
481	1246	374.071133	2.52727224	-2.14447294	-3.77325624	-4.27268689	-2.14447294	1.87005018	0.197027311	0	0	0	0	3
482	1249	374.603183	2.53252644	-2.1407256	-3.7514622	-4.27153254	-2.1407256	1.86913067	0.197027311	0	0	0	0	3
483	1251	375.150194	2.53778065	-2.1372708	-3.72900539	-4.27048038	-2.1372708	1.8695294	0.197027311	0	0	0	0	3
484	1253	375.682193	2.54303485	-2.13420765	-3.70714488	-4.26949774	-2.13420765	1.86864388	0.197027311	0	0	0	0	3
485	1256	376.229021	2.54828906	-2.13137904	-3.68462947	-4.2685968	-2.13137904	1.86905332	0.197027311	0	0	0	0	3
486	1258	376.76078	2.55354326	-2.12880559	-3.66272126	-4.26775742	-2.12880559	1.8681865	0.197027311	0	0	0	0	3
487	1261	377.307699	2.55879746	-2.1263946	-3.64014934	-4.26697884	-2.1263946	1.8686483	0.197027311	0	0	0	0	3
488	1263	377.839414	2.56405167	-2.12422746	-3.61819269	-4.26625882	-2.12422746	1.86779195	0.197027311	0	0	0	0	3
489	1265	378.386174	2.56930587	-2.12221168	-3.59557262	-4.26558841	-2.12221168	1.86824471	0.197027311	0	0	0	0	3
490	1268	378.917952	2.57456008	-2.1204046	-3.5735641	-4.26497116	-2.1204046	1.86740422	0.197027311	0	0	0	0	3
491	1270	379.464608	2.57981428	-2.11872038	-3.55089937	-4.26440003	-2.11872038	1.8678754	0.197027311	0	0	0	0	3
492	1272	379.996121	2.58506849	-2.11720958	-3.52885587	-4.26386955	-2.11720958	1.86706016	0.197027311	0	0	0	0	3
493	1275	380.542904	2.59032269	-2.11582073	-3.50616051	-4.26337365	-2.11582073	1.86756125	0.197027311	0	0	0	0	3
494	1277	381.074442	2.59557689	-2.1145926	-3.48411386	-4.26292364	-2.1145926	1.86673052	0.197027311	0	0	0	0	3
495	1279	381.621024	2.6008311	-2.11340853	-3.46139707	-4.26250691	-2.11340853	1.86726222	0.197027311	0	0	0	0	3
496	1282	382.152744	2.6060853	-2.112418	-3.4393187	-4.26212188	-2.112418	1.86642646	0.197027311	0	0	0	0	3
497	1284	382.699284	2.61133951	-2.1115043	-3.41657553	-4.2617547	-2.1115043	1.86688729	0.197027311	0	0	0	0	3
498	1286	383.230704	2.61659371	-2.11064989	-3.39444889	-4.26141735	-2.11064989	1.86607496	0.197027311	0	0	0	0	3
499	1289	383.777335	2.62184791	-2.10986872	-3.37168071	-4.26110003	-2.10986872	1.86655186	0.197027311	0	0	0	0	3
500	1291	384.308743	2.62710212	-2.10916321	-3.34952823	-4.26079741	-2.10916321	1.86574979	0.197027311	0	0	0	0	3
501	1294	384.855212	2.63235632	-2.10849085	-3.32674745	-4.26050801	-2.10849085	1.86622756	0.197027311	0	0	0	0	3
502	1297	385.386846	2.63761053	-2.10788489	-3.30460436	-4.26024247	-2.10788489	1.8653947	0.197027311	0	0	0	0	3
503	1299	385.933504	2.64286473	-2.10731857	-3.28179862	-4.25998437	-2.10731857	1.86591972	0.197027311	0	0	0	0	3
504	1301	386.464799	2.64811894	-2.10679863	-3.25965926	-4.25974455	-2.10679863	1.86505725	0.197027311	0	0	0	0	3
505	1304	387.011463	2.65337314	-2.10631275	-3.23683607	-4.25950622	-2.10631275	1.86552725	0.197027311	0	0	0	0	3
506	1306	387.542766	2.65862734	-2.10587626	-3.21466736	-4.25928927	-2.10587626	1.8646688	0.197027311	0	0	0	0	3
507	1308	388.089211	2.66388155	-2.10545857	-3.19183736	-4.25907314	-2.10545857	1.86509849	0.197027311	0	0	0	0	3
508	1310	388.620592	2.66913575	-2.1050795	-3.16962354	-4.25887696	-2.1050795	1.86426178	0.197027311	0	0	0	0	3
509	1313	389.166984	2.67438996	-2.1047202	-3.14678702	-4.25867632	-2.1047202	1.86470308	0.197027311	0	0	0	0	3
510	1315	389.697999	2.67964416	-2.10440013	-3.12461398	-4.25849824	-2.10440013	1.86379907	0.197027311	0	0	0	0	3
511	1318	390.244287	2.68489837	-2.10410374	-3.1017601	-4.25831485	-2.10410374	1.86429106	0.197027311	0	0	0	0	3
512	1320	390.775418	2.69015257	-2.10381938	-3.07957749	-4.25815274	-2.10381938	1.86337764	0.197027311	0	0	0	0	3
513	1322	391.32169	2.69540677	-2.10356407	-3.05671223	-4.25798318	-2.10356407	1.86380117	0.197027311	0	0	0	0	3
514	1324	391.852824	2.70066098	-2.10332777	-3.03450198	-4.25783305	-2.10332777	1.8628866	0.197027311	0	0	0	0	3
515	1327	392.39915	2.70591518	-2.10310836	-3.01162352	-4.25767427	-2.10310836	1.86328382	0.197027311	0	0	0	0	3
516	1329	392.93001	2.71116939	-2.1029124	-2.98938183	-4.25753822	-2.1029124	1.8623769	0.197027311	0	0	0	0	3
517	1331	393.476329	2.71642359	-2.10272169	-2.96650004	-4.25739627	-2.10272169	1.86278653	0.197027311	0	0	0	0	3
518	1334	394.007406	2.7216778	-2.10254654	-2.94429743	-4.25726506	-2.10254654	1.86181688	0.197027311	0	0	0	0	3
519	1336	394.55359	2.726932	-2.10238316	-2.92140772	-4.25713388	-2.10238316	1.86226547	0.197027311	0	0	0	0	3
520	1338	395.084753	2.7321862	-2.10223181	-2.8991952	-4.25701654	-2.10223181	1.86127969	0.197027311	0	0	0	0	3
521	1341	395.630905	2.73744041	-2.10208801	-2.87630032	-4.25689011	-2.10208801	1.86165781	0.197027311	0	0	0	0	3
522	1343	396.161774	2.74269461	-2.10195381	-2.8540706	-4.25677926	-2.10195381	1.86067453	0.197027311	0	0	0	0	3
523	1345	396.708072	2.74794882	-2.1018248	-2.83116613	-4.25666522	-2.1018248	1.86104167	0.197027311	0	0	0	0	3
524	1348	397.239099	2.75320302	-2.10170416	-2.80889606	-4.25656533	-2.10170416	1.86009561	0.197027311	0	0	0	0	3
525	1350	397.78519	2.75845723	-2.10158864	-2.78600001	-4.25645552	-2.10158864	1.8604458	0.197027311	0	0	0	0	3
526	1352	398.316416	2.76371143	-2.10148149	-2.7637736	-4.2563592	-2.10148149	1.85943716	0.197027311	0	0	0	0	3
527	1354	398.862608	2.76896563	-2.10137984	-2.74086601	-4.25625753	-2.10137984	1.85978783	0.197027311	0	0	0	0	3
528	1357	399.393465	2.77421984	-2.10128122	-2.71865097	-4.25617052	-2.10128122	1.85876273	0.197027311	0	0	0	0	3
529	1359	399.939735	2.77947404	-2.1011852	-2.69573756	-4.25607562	-2.1011852	1.85911103	0.197027311	0	0	0	0	3
530	1361	400.470671	2.78472825	-2.10110094	-2.67350453	-4.25598928	-2.10110094	1.85809323	0.197027311	0	0	0	0	3
531	1364	401.016618	2.78998245	-2.101019	-2.65059483	-4.25589735	-2.101019	1.8584146	0.197027311	0	0	0	0	3
532	1366	401.547725	2.79523665	-2.10093732	-2.62830915	-4.25582381	-2.10093732	1.85743743	0.197027311	0	0	0	0	3
533	1368	402.093823	2.80049086	-2.10086136	-2.60540625	-4.25573541	-2.10086136	1.85775448	0.197027311	0	0	0	0	3
534	1371	402.624535	2.80574506	-2.10078892	-2.5831916	-4.25566017	-2.10078892	1.85670336	0.197027311	0	0	0	0	3
535	1373	403.170578	2.81099927	-2.10071691	-2.5602764	-4.2555781	-2.10071691	1.85702933	0.197027311	0	0	0	0	3
536	1375	403.701382	2.81625347	-2.10065534	-2.53807039	-4.25551096	-2.10065534	1.85591027	0.197027311	0	0	0	0	3
537	1378	404.247116	2.82150768	-2.10059537	-2.51515793	-4.25543475	-2.10059537	1.85627811	0.197027311	0	0	0	0	3
538	1380	404.775981	2.82676188	-2.10053673	-2.49293734	-4.25536761	-2.10053673	1.85919403	0.197027311	0	0	0	0	3
