Iteration	CPUTime	PhysTime	Travels	Value	AvValue	MinValue	MaxValue	Delta	Criteria	PrevAvRefValue	Progress	CriteriaType	CriteriaVarType	CriteriaPercentage
1	29	0.0162367046	0.00525420424	0.000357967288	0.000357967288	0.000357967288	0.000357967288	0	0	0	0	0	0	3
2	31	0.0324781022	0.0105084085	0.000617526438	0.000487765616	0.000357967288	0.000617526438	0.000129798328	0	0	0	0	0	3
3	33	0.0487542881	0.0157626127	0.000793111061	0.00058970248	0.000357967288	0.000793111061	0.000231735192	0	0	0	0	0	3
4	36	0.0652875332	0.021016817	0.00093936513	0.00067825014	0.000357967288	0.00093936513	0.000320282852	0	0	0	0	0	3
5	38	0.0837201606	0.0262710212	0.00105804005	0.000761868302	0.000357967288	0.00105804005	0.000403901014	0	0	0	0	0	3
6	40	0.132420249	0.0315252254	0.00129328721	0.000957307804	0.000357967288	0.00129328721	0.000599340516	0	0	0	0	0	3
7	42	0.336429492	0.0367794297	0.00183487269	0.00148945898	0.000357967288	0.00183487269	0.00113149169	0	0	0	0	0	3
8	46	1.67553863	0.0420336339	0.00367043202	0.00323251693	0.000357967288	0.00367043202	0.00287454964	0	0	0	0	0	3
9	50	10.7473596	0.0472878381	0.0148999987	0.0130810108	0.000357967288	0.0148999987	0.0127230435	0	0	0	0	0	3
10	55	44.8039731	0.0525420424	0.0684514226	0.0551694369	0.000357967288	0.0684514226	0.0548114697	0	0	0	0	0	3
11	58	45.6867102	0.0577962466	0.0707500392	0.055470478	0.000357967288	0.0707500392	0.0551125107	0	0	0	0	0	3
12	61	46.3795552	0.0630504509	0.0719908263	0.0557172686	0.000357967288	0.0719908263	0.0553593013	0	0	0	0	0	3
13	64	46.8586132	0.0683046551	0.072760679	0.0558915116	0.000357967288	0.072760679	0.0555335443	0	0	0	0	0	3
14	66	47.2647115	0.0735588593	0.0734469542	0.0560423479	0.000357967288	0.0734469542	0.0556843806	0	0	0	0	0	3
15	69	47.6243691	0.0788130636	0.0740268083	0.0561781659	0.000357967288	0.0740268083	0.0558201986	0	0	0	0	0	3
16	72	48.1363147	0.0840672678	0.0749199474	0.056377491	0.000357967288	0.0749199474	0.0560195237	0	0	0	0	0	3
17	74	48.6168349	0.0893214721	0.0757105967	0.056568576	0.000357967288	0.0757105967	0.0562106087	0	0	0	0	0	3
18	77	49.0827006	0.0945756763	0.0765442684	0.0567581741	0.000357967288	0.0765442684	0.0564002068	0	0	0	0	0	3
19	79	49.5540243	0.0998298805	0.0774022439	0.0569545263	0.000357967288	0.0774022439	0.056596559	0	0	0	0	0	3
20	82	50.047109	0.105084085	0.0782810425	0.0571646439	0.000357967288	0.0782810425	0.0568066766	0	0	0	0	0	3
21	85	50.8057684	0.110338289	0.0796151076	0.0574998864	0.000357967288	0.0796151076	0.0571419192	0	0	0	0	0	3
22	87	51.5990821	0.115592493	0.0810231413	0.0578615463	0.000357967288	0.0810231413	0.0575035791	0	0	0	0	0	3
23	90	52.4251184	0.120846697	0.0824967648	0.0582497111	0.000357967288	0.0824967648	0.0578917438	0	0	0	0	0	3
24	93	53.2727271	0.126100902	0.0840132435	0.0586596281	0.000357967288	0.0840132435	0.0583016608	0	0	0	0	0	3
25	95	54.130989	0.131355106	0.0855644076	0.0590862109	0.000357967288	0.0855644076	0.0587282436	0	0	0	0	0	3
26	98	55.4182895	0.13660931	0.0879003001	0.0597555277	0.000357967288	0.0879003001	0.0593975604	0	0	0	0	0	3
27	101	56.6950026	0.141863514	0.0902441521	0.0604421001	0.000357967288	0.0902441521	0.0600841328	0	0	0	0	0	3
28	104	57.9460995	0.147117719	0.0925524779	0.0611353857	0.000357967288	0.0925524779	0.0607774184	0	0	0	0	0	3
29	107	59.1662014	0.152371923	0.0948233643	0.0618300858	0.000357967288	0.0948233643	0.0614721185	0	0	0	0	0	3
30	110	60.355004	0.157626127	0.0973459982	0.0625296369	0.000357967288	0.0973459982	0.0621716696	0	0	0	0	0	3
31	113	61.8847727	0.162880331	0.101262155	0.0634870904	0.000357967288	0.101262155	0.0631291231	0	0	0	0	0	3
32	116	63.379911	0.168134536	0.104995647	0.0644662813	0.000357967288	0.104995647	0.064108314	0	0	0	0	0	3
33	119	64.8470579	0.17338874	0.108927072	0.0654721945	0.000357967288	0.108927072	0.0651142272	0	0	0	0	0	3
34	122	66.2896594	0.178642944	0.113030847	0.0665071701	0.000357967288	0.113030847	0.0661492029	0	0	0	0	0	3
35	124	67.7108526	0.183897148	0.117222165	0.0675716347	0.000357967288	0.117222165	0.0672136674	0	0	0	0	0	3
36	128	69.1116691	0.189151353	0.121499301	0.0686646884	0.000357967288	0.121499301	0.0683067212	0	0	0	0	0	3
37	131	70.4936093	0.194405557	0.125759209	0.069783956	0.000357967288	0.125759209	0.0694259887	0	0	0	0	0	3
38	133	71.8566672	0.199659761	0.130107661	0.0709282438	0.000357967288	0.130107661	0.0705702765	0	0	0	0	0	3
39	136	73.2023027	0.204913965	0.134435299	0.0720956572	0.000357967288	0.134435299	0.0717376899	0	0	0	0	0	3
40	139	74.5301983	0.21016817	0.138793003	0.0732839958	0.000357967288	0.138793003	0.0729260285	0	0	0	0	0	3
41	142	75.8411404	0.215422374	0.143176908	0.0744921206	0.000357967288	0.143176908	0.0741341533	0	0	0	0	0	3
42	145	77.1354356	0.220676578	0.147559788	0.0757181605	0.000357967288	0.147559788	0.0753601932	0	0	0	0	0	3
43	148	78.4134466	0.225930782	0.151961209	0.0769607976	0.000357967288	0.151961209	0.0766028303	0	0	0	0	0	3
44	151	79.6755359	0.231184986	0.15634355	0.0782182491	0.000357967288	0.15634355	0.0778602818	0	0	0	0	0	3
45	154	80.9223344	0.236439191	0.160747411	0.0794898046	0.000357967288	0.160747411	0.0791318373	0	0	0	0	0	3
46	157	82.1541264	0.241693395	0.165111884	0.0807735939	0.000357967288	0.165111884	0.0804156266	0	0	0	0	0	3
47	160	83.3718609	0.246947599	0.169498781	0.0820695194	0.000357967288	0.169498781	0.0817115521	0	0	0	0	0	3
48	162	84.5752894	0.252201803	0.173863514	0.0833756635	0.000357967288	0.173863514	0.0830176962	0	0	0	0	0	3
49	165	85.7659717	0.257456008	0.178190102	0.0846919649	0.000357967288	0.178190102	0.0843339976	0	0	0	0	0	3
50	168	86.9434252	0.262710212	0.182527188	0.0860169234	0.000357967288	0.182527188	0.0856589561	0	0	0	0	0	3
51	171	88.1093756	0.267964416	0.1868357	0.0873510571	0.000357967288	0.1868357	0.0869930898	0	0	0	0	0	3
52	174	89.2629975	0.27321862	0.191159248	0.088692659	0.000357967288	0.191159248	0.0883346917	0	0	0	0	0	3
53	176	90.4060462	0.278472825	0.195404213	0.0900418663	0.000357967288	0.195404213	0.089683899	0	0	0	0	0	3
54	179	91.5377194	0.283727029	0.199653409	0.0913969847	0.000357967288	0.199653409	0.0910390174	0	0	0	0	0	3
55	182	92.6598196	0.288981233	0.203887004	0.0927592264	0.000357967288	0.203887004	0.0924012591	0	0	0	0	0	3
56	185	93.7715015	0.294235437	0.208100271	0.09412662	0.000357967288	0.208100271	0.0937686528	0	0	0	0	0	3
57	188	94.8744384	0.299489642	0.212285369	0.0955002423	0.000357967288	0.212285369	0.095142275	0	0	0	0	0	3
58	190	95.9676129	0.304743846	0.216473739	0.0968782608	0.000357967288	0.216473739	0.0965202935	0	0	0	0	0	3
59	193	97.0527481	0.30999805	0.220569459	0.0982612374	0.000357967288	0.220569459	0.0979032701	0	0	0	0	0	3
60	196	98.1287847	0.315252254	0.224723886	0.0996479705	0.000357967288	0.224723886	0.0992900032	0	0	0	0	0	3
61	199	99.1976554	0.320506459	0.228804482	0.101039653	0.000357967288	0.228804482	0.100681685	0	0	0	0	0	3
62	202	100.258183	0.325760663	0.232895062	0.102434414	0.000357967288	0.232895062	0.102076447	0	0	0	0	0	3
63	204	101.311257	0.331014867	0.236947755	0.103832606	0.000357967288	0.236947755	0.103474639	0	0	0	0	0	3
64	207	102.357164	0.336269071	0.240985859	0.105234067	0.000357967288	0.240985859	0.104876099	0	0	0	0	0	3
65	210	103.395719	0.341523275	0.245020193	0.106638143	0.000357967288	0.245020193	0.106280176	0	0	0	0	0	3
66	212	104.427781	0.34677748	0.249015273	0.10804526	0.000357967288	0.249015273	0.107687293	0	0	0	0	0	3
67	215	105.453104	0.352031684	0.253016993	0.109454824	0.000357967288	0.253016993	0.109096857	0	0	0	0	0	3
68	218	106.47211	0.357285888	0.256960692	0.110866548	0.000357967288	0.256960692	0.110508581	0	0	0	0	0	3
69	221	107.484994	0.362540092	0.260906509	0.112280449	0.000357967288	0.260906509	0.111922482	0	0	0	0	0	3
70	223	108.491859	0.367794297	0.264823319	0.113696133	0.000357967288	0.264823319	0.113338165	0	0	0	0	0	3
71	226	109.493136	0.373048501	0.268703226	0.115113618	0.000357967288	0.268703226	0.114755651	0	0	0	0	0	3
72	229	110.48873	0.378302705	0.272622202	0.116532901	0.000357967288	0.272622202	0.116174933	0	0	0	0	0	3
73	231	111.478853	0.383556909	0.276459811	0.117953325	0.000357967288	0.276459811	0.117595358	0	0	0	0	0	3
74	234	112.464077	0.388811114	0.280289087	0.119375442	0.000357967288	0.280289087	0.119017475	0	0	0	0	0	3
75	237	113.443263	0.394065318	0.28413124	0.120797532	0.000357967288	0.28413124	0.120439565	0	0	0	0	0	3
76	240	114.417958	0.399319522	0.287921134	0.122221212	0.000357967288	0.287921134	0.121863244	0	0	0	0	0	3
77	242	115.386896	0.404573726	0.291697737	0.123644357	0.000357967288	0.291697737	0.12328639	0	0	0	0	0	3
78	245	116.351776	0.409827931	0.295437906	0.125069004	0.000357967288	0.295437906	0.124711036	0	0	0	0	0	3
79	248	117.311409	0.415082135	0.299176061	0.126493237	0.000357967288	0.299176061	0.12613527	0	0	0	0	0	3
80	251	118.267444	0.420336339	0.302938347	0.127919562	0.000357967288	0.302938347	0.127561595	0	0	0	0	0	3
81	253	119.218561	0.425590543	0.306607444	0.129345121	0.000357967288	0.306607444	0.128987153	0	0	0	0	0	3
82	256	120.16619	0.430844748	0.31044817	0.130773297	0.000357967288	0.31044817	0.13041533	0	0	0	0	0	3
83	258	121.109036	0.436098952	0.315069722	0.132208062	0.000357967288	0.315069722	0.131850095	0	0	0	0	0	3
84	261	122.048265	0.441353156	0.319434531	0.133648874	0.000357967288	0.319434531	0.133290907	0	0	0	0	0	3
85	264	122.983322	0.44660736	0.324031066	0.135096372	0.000357967288	0.324031066	0.134738405	0	0	0	0	0	3
86	267	123.91461	0.451861564	0.328581121	0.13655052	0.000357967288	0.328581121	0.136192553	0	0	0	0	0	3
87	270	124.842341	0.457115769	0.333259603	0.138012308	0.000357967288	0.333259603	0.13765434	0	0	0	0	0	3
88	273	125.765674	0.462369973	0.337984643	0.139480443	0.000357967288	0.337984643	0.139122476	0	0	0	0	0	3
89	276	126.685654	0.467624177	0.342709667	0.140956276	0.000357967288	0.342709667	0.140598309	0	0	0	0	0	3
90	278	127.600797	0.472878381	0.347401882	0.142436888	0.000357967288	0.347401882	0.142078921	0	0	0	0	0	3
91	281	128.512689	0.478132586	0.352043363	0.1439242	0.000357967288	0.352043363	0.143566232	0	0	0	0	0	3
92	284	129.420043	0.48338679	0.356737215	0.145416216	0.000357967288	0.356737215	0.145058249	0	0	0	0	0	3
93	286	130.32358	0.488640994	0.361410876	0.146913712	0.000357967288	0.361410876	0.146555745	0	0	0	0	0	3
94	289	131.223462	0.493895198	0.366053038	0.148416489	0.000357967288	0.366053038	0.148058522	0	0	0	0	0	3
95	292	132.118622	0.499149403	0.370729872	0.149922757	0.000357967288	0.370729872	0.14956479	0	0	0	0	0	3
96	295	133.010281	0.504403607	0.375331351	0.151433826	0.000357967288	0.375331351	0.151075859	0	0	0	0	0	3
97	298	133.897049	0.509657811	0.379938481	0.152965663	0.000617526438	0.379938481	0.152477897	0	0	0	0	0	3
98	300	134.779986	0.514912015	0.384561431	0.154501563	0.000793111061	0.384561431	0.153911861	0	0	0	0	0	3
99	303	135.658406	0.52016622	0.389299753	0.156040932	0.00093936513	0.389299753	0.155362682	0	0	0	0	0	3
100	306	136.532588	0.525420424	0.393982645	0.15758393	0.00105804005	0.393982645	0.156822061	0	0	0	0	0	3
101	309	137.403119	0.530674628	0.398536084	0.159132446	0.00129328721	0.398536084	0.158175138	0	0	0	0	0	3
102	312	138.268708	0.535928832	0.40325314	0.160717801	0.00183487269	0.40325314	0.159228342	0	0	0	0	0	3
103	314	139.130761	0.541183037	0.40789512	0.162486559	0.00367043202	0.40789512	0.159254042	0	0	0	0	0	3
104	317	139.988093	0.546437241	0.412634273	0.165574722	0.0148999987	0.412634273	0.152493711	0	0	0	0	0	3
105	320	140.842276	0.551691445	0.417348008	0.177734726	0.0684514226	0.417348008	0.122565289	0	0	0	0	0	3
106	322	141.692186	0.556945649	0.421984079	0.218290836	0.0707500392	0.421984079	0.162820358	0	0	0	0	0	3
107	325	142.53944	0.562199853	0.426581356	0.221457652	0.0719908263	0.426581356	0.165740383	0	0	0	0	0	3
108	328	143.382779	0.567454058	0.431250481	0.224349142	0.072760679	0.431250481	0.16845763	0	0	0	0	0	3
109	330	144.223358	0.572708262	0.435965251	0.226921938	0.0734469542	0.435965251	0.17087959	0	0	0	0	0	3
110	333	145.060041	0.577962466	0.440653696	0.229387819	0.0740268083	0.440653696	0.173209653	0	0	0	0	0	3
111	335	145.892958	0.58321667	0.445376844	0.231787139	0.0749199474	0.445376844	0.175409648	0	0	0	0	0	3
112	338	146.722343	0.588470875	0.449970367	0.234437265	0.0757105967	0.449970367	0.177868689	0	0	0	0	0	3
113	341	147.548949	0.593725079	0.454588494	0.237047637	0.0765442684	0.454588494	0.180289463	0	0	0	0	0	3
114	343	148.371499	0.598979283	0.459194341	0.23964108	0.0774022439	0.459194341	0.182686554	0	0	0	0	0	3
115	346	149.191393	0.604233487	0.463920303	0.242254077	0.0782810425	0.463920303	0.185089433	0	0	0	0	0	3
116	348	150.007513	0.609487692	0.468505243	0.244910135	0.0796151076	0.468505243	0.187410248	0	0	0	0	0	3
117	351	150.821518	0.614741896	0.473296558	0.24802275	0.0810231413	0.473296558	0.190161203	0	0	0	0	0	3
118	354	151.631739	0.6199961	0.477764923	0.251207959	0.0824967648	0.477764923	0.192958248	0	0	0	0	0	3
119	356	152.440835	0.625250304	0.482388889	0.254471537	0.0840132435	0.482388889	0.195811909	0	0	0	0	0	3
120	359	153.245536	0.630504509	0.486863707	0.257787321	0.0855644076	0.486863707	0.19870111	0	0	0	0	0	3
121	361	154.049107	0.635758713	0.491452583	0.26114586	0.0879003001	0.491452583	0.201390333	0	0	0	0	0	3
122	364	154.848083	0.641012917	0.496022176	0.265276207	0.0902441521	0.496022176	0.204834107	0	0	0	0	0	3
123	367	155.646418	0.646267121	0.500661279	0.269433621	0.0925524779	0.500661279	0.208298236	0	0	0	0	0	3
124	369	156.443696	0.651521326	0.505196068	0.273588684	0.0948233643	0.505196068	0.211758598	0	0	0	0	0	3
125	372	157.240514	0.65677553	0.509861584	0.277732259	0.0973459982	0.509861584	0.215202622	0	0	0	0	0	3
126	374	158.035365	0.662029734	0.51437613	0.281853255	0.101262155	0.51437613	0.218366165	0	0	0	0	0	3
127	377	158.827885	0.667283938	0.519024341	0.286641892	0.104995647	0.519024341	0.222175611	0	0	0	0	0	3
128	379	159.617132	0.672538143	0.523695771	0.291408035	0.108927072	0.523695771	0.225935841	0	0	0	0	0	3
129	382	160.404378	0.677792347	0.528099783	0.296159749	0.113030847	0.528099783	0.229652579	0	0	0	0	0	3
130	384	161.188516	0.683046551	0.532719049	0.300898236	0.117222165	0.532719049	0.233326602	0	0	0	0	0	3
131	387	161.97083	0.688300755	0.537191976	0.305628719	0.121499301	0.537191976	0.236964031	0	0	0	0	0	3
132	390	162.747933	0.693554959	0.541754336	0.310342976	0.125759209	0.541754336	0.24055902	0	0	0	0	0	3
133	392	163.535396	0.698809164	0.546224722	0.315080974	0.130107661	0.546224722	0.244152731	0	0	0	0	0	3
134	395	164.311637	0.704063368	0.55057026	0.319785164	0.134435299	0.55057026	0.247689507	0	0	0	0	0	3
135	397	165.092032	0.709317572	0.555176045	0.324498546	0.138793003	0.555176045	0.251214551	0	0	0	0	0	3
136	399	165.858274	0.714571776	0.559694315	0.329171966	0.143176908	0.559694315	0.254679845	0	0	0	0	0	3
137	402	166.639231	0.719825981	0.564148333	0.3338784	0.147559788	0.564148333	0.258160239	0	0	0	0	0	3
138	404	167.407477	0.725080185	0.56863499	0.338547642	0.151961209	0.56863499	0.261586844	0	0	0	0	0	3
139	407	168.182998	0.730334389	0.572969563	0.343229169	0.15634355	0.572969563	0.265010919	0	0	0	0	0	3
140	409	168.939097	0.735588593	0.577296644	0.347854175	0.160747411	0.577296644	0.268364371	0	0	0	0	0	3
141	412	169.71173	0.740842798	0.58169752	0.352516438	0.165111884	0.58169752	0.271742844	0	0	0	0	0	3
142	414	170.46465	0.746097002	0.58602226	0.357121265	0.169498781	0.58602226	0.275051746	0	0	0	0	0	3
143	417	171.233429	0.751351206	0.590452363	0.361763276	0.173863514	0.590452363	0.278387612	0	0	0	0	0	3
144	419	171.98159	0.75660541	0.594827558	0.366345253	0.178190102	0.594827558	0.281653288	0	0	0	0	0	3
145	422	172.746519	0.761859615	0.599228383	0.370968954	0.182527188	0.599228383	0.284952031	0	0	0	0	0	3
146	424	173.490658	0.767113819	0.603541373	0.375532331	0.1868357	0.603541373	0.288181274	0	0	0	0	0	3
147	426	174.251597	0.772368023	0.60789578	0.380138959	0.191159248	0.60789578	0.2914463	0	0	0	0	0	3
148	429	174.991797	0.777622227	0.612022639	0.384684124	0.195404213	0.612022639	0.294642258	0	0	0	0	0	3
149	431	175.748755	0.782876432	0.616374902	0.38927428	0.199653409	0.616374902	0.297877295	0	0	0	0	0	3
150	434	176.485066	0.788130636	0.620570449	0.39380526	0.203887004	0.620570449	0.301046033	0	0	0	0	0	3
151	436	177.237932	0.79338484	0.624969369	0.398382601	0.208100271	0.624969369	0.304255981	0	0	0	0	0	3
152	439	177.970544	0.798639044	0.629198509	0.402903223	0.212285369	0.629198509	0.30740298	0	0	0	0	0	3
153	441	178.7196	0.803893248	0.633428428	0.407470162	0.216473739	0.633428428	0.310591901	0	0	0	0	0	3
154	443	179.449263	0.809147453	0.637593282	0.411982587	0.220569459	0.637593282	0.31372135	0	0	0	0	0	3
155	446	180.194906	0.814401657	0.642160973	0.416545135	0.224723886	0.642160973	0.316897164	0	0	0	0	0	3
156	448	180.921696	0.819655861	0.647093705	0.421062033	0.228804482	0.647093705	0.32002238	0	0	0	0	0	3
157	451	181.664345	0.824910065	0.651852551	0.425632298	0.232895062	0.651852551	0.323197884	0	0	0	0	0	3
158	453	182.38801	0.83016427	0.656876867	0.43015863	0.236947755	0.656876867	0.326326024	0	0	0	0	0	3
159	456	183.127942	0.835418474	0.66203249	0.434742492	0.240985859	0.66203249	0.329508425	0	0	0	0	0	3
160	459	183.848217	0.840672678	0.667163008	0.43928358	0.245020193	0.667163008	0.332645437	0	0	0	0	0	3
161	461	184.585145	0.845926882	0.67227822	0.443883357	0.249015273	0.67227822	0.335838097	0	0	0	0	0	3
162	464	185.301945	0.851181087	0.677276362	0.448438733	0.253016993	0.677276362	0.338983909	0	0	0	0	0	3
163	466	186.035498	0.856435291	0.682425416	0.453055276	0.256960692	0.682425416	0.342188727	0	0	0	0	0	3
164	469	186.748391	0.861689495	0.687389885	0.457625453	0.260906509	0.687389885	0.345345004	0	0	0	0	0	3
165	471	187.478604	0.866943699	0.692536548	0.462260682	0.264823319	0.692536548	0.34856455	0	0	0	0	0	3
166	474	188.187669	0.872197904	0.697467245	0.466847743	0.268703226	0.697467245	0.351734124	0	0	0	0	0	3
167	476	188.914413	0.877452108	0.702347998	0.471500728	0.272622202	0.702347998	0.354967828	0	0	0	0	0	3
168	479	189.620192	0.882706312	0.707408578	0.476107002	0.276459811	0.707408578	0.358153678	0	0	0	0	0	3
169	481	190.343207	0.887960516	0.712405158	0.480779864	0.280289087	0.712405158	0.361404422	0	0	0	0	0	3
170	484	191.045551	0.893214721	0.717067993	0.485405432	0.28413124	0.717067993	0.3646079	0	0	0	0	0	3
171	487	191.765119	0.898468925	0.722160161	0.490096918	0.287921134	0.722160161	0.367875706	0	0	0	0	0	3
172	489	192.463852	0.903723129	0.727053938	0.49474328	0.291697737	0.727053938	0.371098923	0	0	0	0	0	3
173	491	193.180126	0.908977333	0.73210662	0.499457774	0.295437906	0.73210662	0.37438877	0	0	0	0	0	3
174	494	193.8754	0.914231537	0.737076442	0.504128155	0.299176061	0.737076442	0.377634917	0	0	0	0	0	3
175	496	194.588091	0.919485742	0.742019204	0.508867251	0.302938347	0.742019204	0.380947689	0	0	0	0	0	3
176	499	195.279719	0.924739946	0.747066484	0.513562873	0.306607444	0.747066484	0.384217752	0	0	0	0	0	3
177	501	195.989061	0.92999415	0.752099783	0.51833089	0.31044817	0.752099783	0.387557593	0	0	0	0	0	3
178	504	196.676677	0.935248354	0.756839029	0.523049167	0.315069722	0.756839029	0.390841104	0	0	0	0	0	3
179	506	197.382426	0.940502559	0.761877659	0.527829937	0.319434531	0.761877659	0.394181062	0	0	0	0	0	3
180	509	198.066794	0.945756763	0.766936673	0.53255731	0.324031066	0.766936673	0.397460938	0	0	0	0	0	3
181	511	198.768919	0.951010967	0.771935155	0.537347891	0.328581121	0.771935155	0.400797371	0	0	0	0	0	3
182	514	199.450243	0.956265171	0.777133942	0.542084649	0.333259603	0.777133942	0.404072341	0	0	0	0	0	3
183	517	200.149165	0.961519376	0.781679509	0.546880915	0.337984643	0.781679509	0.407400471	0	0	0	0	0	3
184	519	200.827531	0.96677358	0.787022863	0.551620806	0.342709667	0.787022863	0.410664531	0	0	0	0	0	3
185	521	201.523257	0.972027784	0.79202719	0.556423887	0.347401882	0.79202719	0.413986999	0	0	0	0	0	3
186	524	202.198439	0.977281988	0.79679937	0.561163743	0.352043363	0.79679937	0.417239543	0	0	0	0	0	3
187	526	202.89099	0.982536193	0.801819632	0.565968392	0.356737215	0.801819632	0.420552176	0	0	0	0	0	3
188	529	203.563001	0.987790397	0.807042001	0.570713969	0.361410876	0.807042001	0.423800257	0	0	0	0	0	3
189	531	204.252351	0.993044601	0.81199154	0.575521808	0.366053038	0.81199154	0.427105319	0	0	0	0	0	3
190	534	204.9211	0.998298805	0.817016169	0.580270891	0.370729872	0.817016169	0.430348134	0	0	0	0	0	3
191	536	205.607491	1.00355301	0.821922722	0.585080335	0.375331351	0.821922722	0.433646509	0.0246338883	0	0	0	0	3
192	539	206.273191	1.00880721	0.82687497	0.589830176	0.379938481	0.82687497	0.436864514	0.0247824558	0	0	0	0	3
193	541	206.956641	1.01406142	0.832109269	0.594644204	0.384561431	0.832109269	0.440142641	0.0248609702	0	0	0	0	3
194	544	207.619536	1.01931562	0.836979858	0.599396194	0.389299753	0.836979858	0.443355262	0.0249343851	0	0	0	0	3
195	546	208.299755	1.02456983	0.842194921	0.604210386	0.393982645	0.842194921	0.446626456	0.0250093154	0	0	0	0	3
196	549	208.959801	1.02982403	0.846790905	0.608958484	0.398536084	0.846790905	0.448254821	0.025080438	0	0	0	0	3
197	551	209.636941	1.03507823	0.852063085	0.613773335	0.40325314	0.852063085	0.448809945	0.0251515061	0	0	0	0	3
198	554	210.294379	1.04033244	0.856830089	0.618521902	0.40789512	0.856830089	0.448934969	0.0252148323	0	0	0	0	3
199	556	210.968644	1.04558664	0.862058076	0.623335232	0.412634273	0.862058076	0.449423804	0.0252398211	0	0	0	0	3
200	559	211.623549	1.05084085	0.866986892	0.628084405	0.417348008	0.866986892	0.449638884	0.0250971814	0	0	0	0	3
201	562	212.295389	1.05609505	0.871924806	0.632896362	0.421984079	0.871924806	0.414605526	0.0249909876	0	0	0	0	3
202	564	212.947526	1.06134926	0.876853992	0.637644779	0.426581356	0.876853992	0.416187127	0.024914161	0	0	0	0	3
203	567	213.61693	1.06660346	0.881861478	0.642460708	0.431250481	0.881861478	0.418111566	0.0248607329	0	0	0	0	3
204	569	214.266368	1.07185766	0.886905821	0.647213202	0.435965251	0.886905821	0.420291264	0.0248255816	0	0	0	0	3
205	572	214.933131	1.07711187	0.891668402	0.652029569	0.440653696	0.891668402	0.42264175	0.0248044149	0	0	0	0	3
206	574	215.57996	1.08236607	0.896500071	0.65677979	0.445376844	0.896500071	0.424992651	0.0247939475	0	0	0	0	3
207	576	216.244082	1.08762028	0.901681866	0.661594583	0.449970367	0.901681866	0.427157318	0.0247930219	0	0	0	0	3
208	579	216.888495	1.09287448	0.90653915	0.666345639	0.454588494	0.90653915	0.429298002	0.0247993057	0	0	0	0	3
209	581	217.550156	1.09812869	0.911332979	0.671161817	0.459194341	0.911332979	0.431520737	0.024811451	0	0	0	0	3
210	584	218.191919	1.10338289	0.916174117	0.675911054	0.463920303	0.916174117	0.433656976	0.0248285743	0	0	0	0	3
211	586	218.851333	1.10863709	0.921235601	0.680728462	0.468505243	0.921235601	0.435818327	0.0248495763	0	0	0	0	3
212	589	219.490515	1.1138913	0.926048947	0.685477883	0.473296558	0.926048947	0.437455133	0.0248734429	0	0	0	0	3
213	591	220.147705	1.1191455	0.930878845	0.690295567	0.477764923	0.930878845	0.439087608	0.0248997165	0	0	0	0	3
214	594	220.784634	1.12439971	0.935637485	0.695045364	0.482388889	0.935637485	0.440573827	0.0249279343	0	0	0	0	3
215	596	221.439106	1.12965391	0.940555605	0.699867791	0.486863707	0.940555605	0.44208047	0.0249580094	0	0	0	0	3
216	598	222.073834	1.13490812	0.945412414	0.7046225	0.491452583	0.945412414	0.44347664	0.0249887036	0	0	0	0	3
217	601	222.725681	1.14016232	0.95047826	0.709450312	0.496022176	0.95047826	0.444174105	0.0250201774	0	0	0	0	3
218	603	223.358369	1.14541652	0.954967535	0.714206675	0.500661279	0.954967535	0.444773053	0.0250517431	0	0	0	0	3
219	606	224.007905	1.15067073	0.960018692	0.719036069	0.505196068	0.960018692	0.445447385	0.025084033	0	0	0	0	3
220	608	224.638372	1.15592493	0.964720683	0.723807497	0.509861584	0.964720683	0.446075238	0.0251163505	0	0	0	0	3
221	611	225.285751	1.16117914	0.969331465	0.728648731	0.51437613	0.969331465	0.446795475	0.0251472081	0	0	0	0	3
222	613	225.913901	1.16643334	0.974176727	0.733429966	0.519024341	0.974176727	0.446788073	0.0251771508	0	0	0	0	3
223	616	226.559322	1.17168755	0.978906482	0.738277885	0.523695771	0.978906482	0.446869849	0.0252059706	0	0	0	0	3
224	618	227.185205	1.17694175	0.983867769	0.743059266	0.528099783	0.983867769	0.446899517	0.0252338232	0	0	0	0	3
225	620	227.828458	1.18219595	0.988551105	0.747911235	0.532719049	0.988551105	0.447012998	0.0252604716	0	0	0	0	3
226	623	228.452279	1.18745016	0.993164397	0.752694408	0.537191976	0.993164397	0.447065689	0.0252858853	0	0	0	0	3
227	625	229.093319	1.19270436	0.9980879	0.757549676	0.541754336	0.9980879	0.447206699	0.0253104402	0	0	0	0	3
228	628	229.715262	1.19795857	1.0026945	0.762330533	0.546224722	1.0026945	0.447249559	0.0253338771	0	0	0	0	3
229	630	230.353941	1.20321277	1.0073812	0.767219655	0.55057026	1.0073812	0.447434491	0.0253563639	0	0	0	0	3
230	632	230.973836	1.20846697	1.01208065	0.772019379	0.555176045	1.01208065	0.447520832	0.0253779605	0	0	0	0	3
231	635	231.610483	1.21372118	1.01693112	0.776907438	0.559694315	1.01693112	0.447735473	0.0253988271	0	0	0	0	3
232	637	232.228511	1.21897538	1.02139058	0.781691738	0.564148333	1.02139058	0.447813338	0.0254187319	0	0	0	0	3
233	640	232.863238	1.22422959	1.02644015	0.786602957	0.56863499	1.02644015	0.448055315	0.0254381518	0	0	0	0	3
234	642	233.479548	1.22948379	1.03096514	0.791416726	0.572969563	1.03096514	0.448187557	0.025456768	0	0	0	0	3
235	645	234.112221	1.234738	1.03529545	0.796326627	0.577296644	1.03529545	0.448472451	0.0254744879	0	0	0	0	3
236	647	234.726528	1.2399922	1.0402417	0.80112157	0.58169752	1.0402417	0.448605132	0.025491808	0	0	0	0	3
237	649	235.357203	1.2452464	1.04517692	0.806048853	0.58602226	1.04517692	0.448927588	0.0255087327	0	0	0	0	3
238	652	235.969665	1.25050061	1.04917716	0.81085107	0.590452363	1.04917716	0.449087794	0.0255247046	0	0	0	0	3
239	654	236.598192	1.25575481	1.05427278	0.815783928	0.594827558	1.05427278	0.449438675	0.0255404916	0	0	0	0	3
240	657	237.208788	1.26100902	1.05887597	0.820593914	0.599228383	1.05887597	0.44962496	0.0255557971	0	0	0	0	3
241	659	237.835358	1.26626322	1.06333592	0.825532147	0.603541373	1.06333592	0.449999816	0.0255705813	0	0	0	0	3
242	661	238.444025	1.27151743	1.06808524	0.83034831	0.60789578	1.06808524	0.450209352	0.0255850362	0	0	0	0	3
243	664	239.068774	1.27677163	1.07247499	0.835293623	0.612022639	1.07247499	0.450609499	0.0255990186	0	0	0	0	3
244	666	239.675689	1.28202583	1.07727626	0.840119061	0.616374902	1.07727626	0.450844782	0.0256127859	0	0	0	0	3
245	669	240.298631	1.28728004	1.08120097	0.845069418	0.620570449	1.08120097	0.451264159	0.0256258717	0	0	0	0	3
246	671	240.903761	1.29253424	1.08519301	0.849891109	0.624969369	1.08519301	0.451508507	0.025638361	0	0	0	0	3
247	674	241.524949	1.29778845	1.08973618	0.854842727	0.629198509	1.08973618	0.451939504	0.0256505961	0	0	0	0	3
248	676	242.128416	1.30304265	1.09284303	0.859657961	0.633428428	1.09284303	0.452187799	0.0256618326	0	0	0	0	3
249	679	242.748015	1.30829686	1.09643473	0.864595851	0.637593282	1.09643473	0.452613264	0.025672421	0	0	0	0	3
250	681	243.349732	1.31355106	1.09995336	0.86940417	0.642160973	1.09995336	0.452859035	0.0256823271	0	0	0	0	3
251	684	243.967796	1.31880526	1.10431529	0.874337809	0.647093705	1.10431529	0.453275776	0.0256920437	0	0	0	0	3
252	686	244.567764	1.32405947	1.10737582	0.879129531	0.651852551	1.10737582	0.453497233	0.0257009352	0	0	0	0	3
253	689	245.184859	1.32931367	1.11147664	0.884043958	0.656876867	1.11147664	0.453885328	0.0257095631	0	0	0	0	3
254	691	245.783159	1.33456788	1.11449634	0.888812032	0.66203249	1.11449634	0.452463853	0.0257174322	0	0	0	0	3
255	694	246.399695	1.33982208	1.11854907	0.893702725	0.667163008	1.11854907	0.451386066	0.025725064	0	0	0	0	3
256	696	246.9964	1.34507629	1.12184791	0.898442469	0.67227822	1.12184791	0.449569688	0.0257321396	0	0	0	0	3
257	699	247.612088	1.35033049	1.12629631	0.903312663	0.677276362	1.12629631	0.44901995	0.0257392038	0	0	0	0	3
258	701	248.207087	1.35558469	1.12962722	0.908028968	0.682425416	1.12962722	0.447201805	0.0257457828	0	0	0	0	3
259	704	248.821689	1.3608389	1.13320291	0.912868959	0.687389885	1.13320291	0.445813027	0.025752005	0	0	0	0	3
260	706	249.41572	1.3660931	1.13678691	0.917556512	0.692536548	1.13678691	0.444250362	0.0257579022	0	0	0	0	3
261	709	250.029162	1.37134731	1.14061169	0.92237092	0.697467245	1.14061169	0.443144443	0.0257636072	0	0	0	0	3
262	711	250.621859	1.37660151	1.14436206	0.927032547	0.702347998	1.14436206	0.442014066	0.0257690803	0	0	0	0	3
263	714	251.234262	1.38185571	1.14832706	0.931827323	0.707408578	1.14832706	0.440918486	0.0257744544	0	0	0	0	3
264	716	251.828142	1.38710992	1.15198417	0.936475231	0.712405158	1.15198417	0.439579016	0.0257796105	0	0	0	0	3
265	719	252.439574	1.39236412	1.1550329	0.941236201	0.717067993	1.1550329	0.437964908	0.0257843057	0	0	0	0	3
266	721	253.033342	1.39761833	1.15906834	0.945862677	0.722160161	1.15906834	0.436908175	0.0257889738	0	0	0	0	3
267	724	253.643952	1.40287253	1.16278421	0.950604583	0.727053938	1.16278421	0.435730276	0.0257934951	0	0	0	0	3
268	726	254.235578	1.40812674	1.1667684	0.95520362	0.73210662	1.1667684	0.434661779	0.0257979941	0	0	0	0	3
269	729	254.845577	1.41338094	1.16991646	0.959918953	0.737076442	1.16991646	0.432840015	0.0258021507	0	0	0	0	3
270	731	255.435307	1.41863514	1.17333963	0.964480319	0.742019204	1.17333963	0.431320426	0.0258060733	0	0	0	0	3
271	734	256.044616	1.42388935	1.17684475	0.969165607	0.747066484	1.17684475	0.429778268	0.0258098364	0	0	0	0	3
272	736	256.63481	1.42914355	1.18062391	0.973703314	0.752099783	1.18062391	0.428524123	0.0258134838	0	0	0	0	3
273	739	257.24339	1.43439776	1.1841895	0.978360786	0.756839029	1.1841895	0.427350474	0.0258166558	0	0	0	0	3
274	741	257.833535	1.43965196	1.18791557	0.982873602	0.761877659	1.18791557	0.426037911	0.0258195206	0	0	0	0	3
275	744	258.441225	1.44490617	1.19076679	0.987497053	0.766936673	1.19076679	0.423830115	0.0258216938	0	0	0	0	3
276	746	259.030098	1.45016037	1.19483911	0.991975852	0.771935155	1.19483911	0.422903954	0.0258236473	0	0	0	0	3
277	748	259.636298	1.45541457	1.19843578	0.996570305	0.777133942	1.19843578	0.421301834	0.025825178	0	0	0	0	3
278	751	260.222841	1.46066878	1.20097027	1.00100316	0.781679509	1.20097027	0.419290763	0.0258259181	0	0	0	0	3
279	753	260.828128	1.46592298	1.2050177	1.00556451	0.787022863	1.2050177	0.417994841	0.0258264104	0	0	0	0	3
280	756	261.414697	1.47117719	1.20817834	1.009973	0.79202719	1.20817834	0.416151148	0.0258263754	0	0	0	0	3
281	758	262.019333	1.47643139	1.21111971	1.01448984	0.79679937	1.21111971	0.414320336	0.0258257745	0	0	0	0	3
282	761	262.605403	1.4816856	1.2147131	1.01886559	0.801819632	1.2147131	0.412893463	0.0258248239	0	0	0	0	3
283	763	263.208977	1.4869398	1.21796938	1.02334998	0.807042001	1.21796938	0.410927378	0.0258234319	0	0	0	0	3
284	765	263.795253	1.492194	1.22161776	1.02769318	0.81199154	1.22161776	0.409626219	0.0258217492	0	0	0	0	3
285	768	264.39756	1.49744821	1.22431007	1.0321344	0.817016169	1.22431007	0.407293905	0.0258194689	0	0	0	0	3
286	770	264.98103	1.50270241	1.22761827	1.03642875	0.821922722	1.22761827	0.405695551	0.0258168283	0	0	0	0	3
287	773	265.582259	1.50795662	1.23072527	1.04083147	0.82687497	1.23072527	0.403850305	0.0258137739	0	0	0	0	3
288	775	266.163879	1.51321082	1.23412792	1.04508682	0.832109269	1.23412792	0.402018649	0.025810405	0	0	0	0	3
289	777	266.764428	1.51846502	1.23704414	1.04944811	0.836979858	1.23704414	0.400064284	0.0258065471	0	0	0	0	3
290	780	267.346126	1.52371923	1.24064123	1.05366836	0.842194921	1.24064123	0.398446312	0.0258024381	0	0	0	0	3
291	782	267.945797	1.52897343	1.24357698	1.05798937	0.846790905	1.24357698	0.396786076	0.025797926	0	0	0	0	3
292	785	268.527045	1.53422764	1.2465719	1.06216975	0.852063085	1.2465719	0.394508817	0.0257929917	0	0	0	0	3
293	787	269.125456	1.53948184	1.25032906	1.06645408	0.856830089	1.25032906	0.393498966	0.025787894	0	0	0	0	3
294	790	269.70695	1.54473605	1.2532785	1.07060222	0.862058076	1.2532785	0.391220428	0.0257823739	0	0	0	0	3
295	792	270.304368	1.54999025	1.25584849	1.07483717	0.866986892	1.25584849	0.388861602	0.0257763416	0	0	0	0	3
296	794	270.883235	1.55524445	1.25904977	1.07893366	0.871924806	1.25904977	0.387124966	0.0257700142	0	0	0	0	3
297	797	271.479687	1.56049866	1.26245931	1.0831331	0.876853992	1.26245931	0.385605323	0.0257634701	0	0	0	0	3
298	800	272.058616	1.56575286	1.2653447	1.08719342	0.881861478	1.2653447	0.383483222	0.0257565482	0	0	0	0	3
299	802	272.654112	1.57100707	1.26896413	1.0913551	0.886905821	1.26896413	0.382058309	0.0257494503	0	0	0	0	3
300	804	273.231767	1.57626127	1.27064813	1.09536332	0.891668402	1.27064813	0.378979731	0.0257416556	0	0	0	0	3
301	808	273.826268	1.58151548	1.2749945	1.09948277	0.896500071	1.2749945	0.37849443	0.0257338999	0	0	0	0	3
302	810	274.403918	1.58676968	1.27773296	1.10346518	0.901681866	1.27773296	0.376051092	0.0257257826	0	0	0	0	3
303	812	274.997369	1.59202388	1.28159013	1.10754525	0.90653915	1.28159013	0.375050979	0.0257176064	0	0	0	0	3
304	815	275.572247	1.59727809	1.28384988	1.11147963	0.911332979	1.28384988	0.372516905	0.0257089521	0	0	0	0	3
305	817	276.165263	1.60253229	1.28728331	1.11551756	0.916174117	1.28728331	0.371109195	0.0257001094	0	0	0	0	3
306	820	276.740921	1.6077865	1.28965175	1.11941469	0.921235601	1.28965175	0.368416152	0.0256908423	0	0	0	0	3
307	822	277.333104	1.6130407	1.29330481	1.12341007	0.926048947	1.29330481	0.367255862	0.0256814407	0	0	0	0	3
308	824	277.907029	1.61829491	1.29542842	1.12725959	0.930878845	1.29542842	0.364549574	0.0256715985	0	0	0	0	3
309	827	278.498155	1.62354911	1.29935672	1.13121483	0.935637485	1.29935672	0.363719237	0.0256617462	0	0	0	0	3
310	829	279.072202	1.62880331	1.30251627	1.13503904	0.940555605	1.30251627	0.361960666	0.025651728	0	0	0	0	3
311	832	279.66218	1.63405752	1.30483591	1.13894575	0.945412414	1.30483591	0.359423498	0.0256413094	0	0	0	0	3
312	834	280.233785	1.63931172	1.30801122	1.14271947	0.95047826	1.30801122	0.357532962	0.0256307174	0	0	0	0	3
313	837	280.822933	1.64456593	1.31094904	1.14658238	0.954967535	1.31094904	0.355981506	0.0256198806	0	0	0	0	3
314	839	281.395206	1.64982013	1.31404991	1.15032258	0.960018692	1.31404991	0.354031214	0.0256088703	0	0	0	0	3
315	841	281.983653	1.65507434	1.3170757	1.15414719	0.964720683	1.3170757	0.352355014	0.0255976409	0	0	0	0	3
316	844	282.555151	1.66032854	1.31996468	1.15784545	0.969331465	1.31996468	0.350633215	0.0255862011	0	0	0	0	3
317	847	283.142924	1.66558274	1.32358765	1.16163857	0.974176727	1.32358765	0.349410919	0.0255746987	0	0	0	0	3
318	851	283.713708	1.67083695	1.32554574	1.16529446	0.978906482	1.32554574	0.346639263	0.0255627365	0	0	0	0	3
319	855	284.300545	1.67609115	1.32919507	1.16904363	0.983867769	1.32919507	0.345327303	0.0255507843	0	0	0	0	3
320	858	284.868435	1.68134536	1.33140874	1.17265133	0.988551105	1.33140874	0.342857639	0.025538458	0	0	0	0	3
321	860	285.45431	1.68659956	1.33448552	1.17635171	0.993164397	1.33448552	0.341321126	0.0255259991	0	0	0	0	3
322	863	286.023159	1.69185376	1.33812132	1.1799351	0.9980879	1.33812132	0.340033422	0.0255135183	0	0	0	0	3
323	865	286.608424	1.69710797	1.3410956	1.18360184	1.0026945	1.3410956	0.338401098	0.0255008865	0	0	0	0	3
324	868	287.176652	1.70236217	1.34327181	1.18713887	1.0073812	1.34327181	0.335890616	0.0254879554	0	0	0	0	3
325	870	287.761304	1.70761638	1.34675466	1.19076431	1.01208065	1.34675466	0.33467401	0.0254749659	0	0	0	0	3
326	872	288.328513	1.71287058	1.34924199	1.19426281	1.01693112	1.34924199	0.332310863	0.0254617175	0	0	0	0	3
327	875	288.912405	1.71812479	1.35274375	1.19784792	1.02139058	1.35274375	0.331353176	0.0254484538	0	0	0	0	3
328	877	289.47708	1.72337899	1.35516476	1.20130457	1.02644015	1.35516476	0.328724603	0.0254349315	0	0	0	0	3
329	880	290.060399	1.72863319	1.35782535	1.20484133	1.03096514	1.35782535	0.326860206	0.0254212412	0	0	0	0	3
330	882	290.625968	1.7338874	1.36106538	1.20826266	1.03529545	1.36106538	0.325769921	0.0254075133	0	0	0	0	3
331	884	291.208334	1.7391416	1.36404168	1.2117682	1.0402417	1.36404168	0.32379998	0.0253936762	0	0	0	0	3
332	887	291.772902	1.74439581	1.36678348	1.21514942	1.04517692	1.36678348	0.321606556	0.0253796987	0	0	0	0	3
333	889	292.354136	1.74965001	1.36924337	1.21860157	1.04917716	1.36924337	0.320066214	0.0253655017	0	0	0	0	3
334	892	292.918126	1.75490422	1.3730153	1.22195291	1.05427278	1.3730153	0.318742519	0.0253513767	0	0	0	0	3
335	894	293.498571	1.76015842	1.37528079	1.22536924	1.05887597	1.37528079	0.316404822	0.0253370031	0	0	0	0	3
336	896	294.061683	1.76541262	1.37852939	1.22867437	1.06333592	1.37852939	0.315193471	0.0253226075	0	0	0	0	3
337	899	294.641015	1.77066683	1.38103918	1.23205195	1.06808524	1.38103918	0.312953937	0.02530803	0	0	0	0	3
338	901	295.203062	1.77592103	1.3844905	1.23531978	1.07247499	1.3844905	0.312015518	0.0252935131	0	0	0	0	3
339	903	295.781525	1.78117524	1.38685535	1.23865933	1.07727626	1.38685535	0.30957909	0.0252787894	0	0	0	0	3
340	906	296.342865	1.78642944	1.38961277	1.2418831	1.08120097	1.38961277	0.308411801	0.0252639739	0	0	0	0	3
341	908	296.92058	1.79168365	1.39192406	1.24518176	1.08519301	1.39192406	0.306731042	0.0252489383	0	0	0	0	3
342	910	297.481028	1.79693785	1.39553811	1.24838235	1.08973618	1.39553811	0.305801925	0.0252339797	0	0	0	0	3
343	913	298.057665	1.80219205	1.39825104	1.25165424	1.09284303	1.39825104	0.305408011	0.0252189185	0	0	0	0	3
344	915	298.617143	1.80744626	1.40113287	1.25483129	1.09643473	1.40113287	0.304698141	0.0252038026	0	0	0	0	3
345	918	299.194285	1.81270046	1.40431241	1.25809837	1.09995336	1.40431241	0.30435905	0.0251886126	0	0	0	0	3
346	920	299.751495	1.81795467	1.40762298	1.26126272	1.10431529	1.40762298	0.303307685	0.0251733047	0	0	0	0	3
347	923	300.327288	1.82320887	1.40979799	1.26450138	1.10737582	1.40979799	0.302422166	0.0251576961	0	0	0	0	3
348	925	300.885475	1.82846307	1.4118374	1.26763559	1.11147664	1.4118374	0.300360759	0.0251417159	0	0	0	0	3
349	928	301.460325	1.83371728	1.41401112	1.27084318	1.11449634	1.41401112	0.299514776	0.0251253719	0	0	0	0	3
350	930	302.017737	1.83897148	1.41528929	1.2739384	1.11854907	1.41528929	0.296740215	0.0251085066	0	0	0	0	3
351	933	302.591764	1.84422569	1.41793188	1.27711428	1.12184791	1.41793188	0.296083969	0.0250913885	0	0	0	0	3
352	935	303.148727	1.84947989	1.42000658	1.28018154	1.12629631	1.42000658	0.293710272	0.0250739383	0	0	0	0	3
353	938	303.721981	1.8547341	1.42123252	1.28331117	1.12962722	1.42123252	0.291605301	0.025055977	0	0	0	0	3
354	940	304.277983	1.8599883	1.423781	1.2863349	1.13320291	1.423781	0.29057809	0.0250377915	0	0	0	0	3
355	943	304.85021	1.8652425	1.42610237	1.28944214	1.13678691	1.42610237	0.28931546	0.0250193109	0	0	0	0	3
356	945	305.40537	1.87049671	1.42821791	1.29243778	1.14061169	1.42821791	0.287606218	0.0250005425	0	0	0	0	3
357	948	305.976981	1.87575091	1.43000818	1.29550802	1.14436206	1.43000818	0.285646119	0.0249814416	0	0	0	0	3
358	950	306.531555	1.88100512	1.43140801	1.29845832	1.14832706	1.43140801	0.283080949	0.0249619119	0	0	0	0	3
359	953	307.102389	1.88625932	1.43385711	1.30148744	1.15198417	1.43385711	0.281872939	0.0249421598	0	0	0	0	3
360	955	307.656073	1.89151353	1.43669226	1.30441872	1.1550329	1.43669226	0.281659356	0.024922317	0	0	0	0	3
361	958	308.226113	1.89676773	1.43828918	1.30742394	1.15906834	1.43828918	0.279220845	0.0249020909	0	0	0	0	3
362	960	308.779346	1.90202193	1.4396694	1.31031655	1.16278421	1.4396694	0.276885182	0.0248814849	0	0	0	0	3
363	963	309.349214	1.90727614	1.44203919	1.31328125	1.1667684	1.44203919	0.275270788	0.0248606505	0	0	0	0	3
364	965	309.902291	1.91253034	1.44527318	1.31614979	1.16991646	1.44527318	0.27535672	0.024839756	0	0	0	0	3
365	968	310.471763	1.91778455	1.44686984	1.31909164	1.17333963	1.44686984	0.273530211	0.0248185248	0	0	0	0	3
366	970	311.024078	1.92303875	1.44836862	1.32192236	1.17684475	1.44836862	0.271523864	0.0247969279	0	0	0	0	3
367	972	311.592654	1.92829296	1.45075985	1.32483246	1.18062391	1.45075985	0.27013594	0.024775126	0	0	0	0	3
368	975	312.144263	1.93354716	1.45328308	1.32764218	1.1841895	1.45328308	0.269093575	0.0247531949	0	0	0	0	3
369	978	312.712461	1.93880136	1.45470091	1.3305176	1.18791557	1.45470091	0.266785338	0.0247309	0	0	0	0	3
370	981	313.26391	1.94405557	1.45656472	1.33328981	1.19076679	1.45656472	0.265797931	0.0247083187	0	0	0	0	3
371	983	313.831916	1.94930977	1.45910575	1.33614361	1.19483911	1.45910575	0.264266639	0.0246855787	0	0	0	0	3
372	985	314.3829	1.95456398	1.46120975	1.33889179	1.19843578	1.46120975	0.262773976	0.024662577	0	0	0	0	3
373	988	314.950246	1.95981818	1.4618015	1.34169175	1.20097027	1.4618015	0.260831226	0.0246391763	0	0	0	0	3
374	990	315.500549	1.96507239	1.46431102	1.34440563	1.2050177	1.46431102	0.259293316	0.0246338883	0	0	0	0	3
375	993	316.067347	1.97032659	1.46723327	1.34719329	1.20817834	1.46723327	0.259054929	0.0246338883	0	0	0	0	3
376	995	316.617253	1.97558079	1.46894157	1.34988324	1.21111971	1.46894157	0.257821868	0.0246338883	0	0	0	0	3
377	998	317.183679	1.980835	1.46977757	1.35263524	1.2147131	1.46977757	0.255064478	0.0246338883	0	0	0	0	3
378	1000	317.733092	1.9860892	1.47207201	1.35529184	1.21796938	1.47207201	0.254102635	0.0246338883	0	0	0	0	3
379	1002	318.298958	1.99134341	1.47467119	1.35802259	1.22161776	1.47467119	0.253053432	0.0246338883	0	0	0	0	3
380	1005	318.847874	1.99659761	1.47619617	1.3606535	1.22431007	1.47619617	0.251886099	0.0246338883	0	0	0	0	3
381	1007	319.413385	2.00185181	1.47764312	1.36334872	1.22761827	1.47764312	0.250024847	0.0246338883	0	0	0	0	3
382	1009	319.962064	2.00710602	1.47942691	1.36594751	1.23072527	1.47942691	0.248701631	0.0246338883	0	0	0	0	3
383	1012	320.527309	2.01236022	1.48180854	1.36861907	1.23412792	1.48180854	0.247680626	0.0246338883	0	0	0	0	3
384	1014	321.075651	2.01761443	1.48358003	1.37119158	1.23704414	1.48358003	0.246535889	0.0246338883	0	0	0	0	3
385	1017	321.640539	2.02286863	1.48430986	1.37382407	1.24064123	1.48430986	0.243668631	0.0246338883	0	0	0	0	3
386	1019	322.188637	2.02812284	1.48555818	1.37635338	1.24357698	1.48555818	0.241981196	0.0246338883	0	0	0	0	3
387	1021	322.753339	2.03337704	1.48847997	1.37896142	1.2465719	1.48847997	0.24190807	0.0246338883	0	0	0	0	3
388	1024	323.301187	2.03863124	1.49066988	1.3814836	1.25032906	1.49066988	0.240340822	0.0246338883	0	0	0	0	3
389	1026	323.865446	2.04388545	1.49164449	1.38405291	1.2532785	1.49164449	0.238365986	0.0246338883	0	0	0	0	3
390	1028	324.412621	2.04913965	1.49310096	1.38653369	1.25584849	1.49310096	0.23725247	0.0246338883	0	0	0	0	3
391	1031	324.976183	2.05439386	1.49490678	1.38907885	1.25904977	1.49490678	0.235857008	0.0246338883	0	0	0	0	3
392	1033	325.522837	2.05964806	1.49738228	1.39153996	1.26245931	1.49738228	0.234922969	0.0246338883	0	0	0	0	3
393	1035	326.086185	2.06490227	1.49814336	1.39404965	1.2653447	1.49814336	0.232798664	0.0246338883	0	0	0	0	3
394	1038	326.632823	2.07015647	1.49984532	1.39647466	1.26896413	1.49984532	0.230881192	0.0246338883	0	0	0	0	3
395	1040	327.19596	2.07541067	1.50195742	1.39895593	1.27064813	1.50195742	0.231309292	0.0246338883	0	0	0	0	3
396	1042	327.742325	2.08066488	1.50462295	1.40137474	1.2749945	1.50462295	0.229628446	0.0246338883	0	0	0	0	3
397	1045	328.304155	2.08591908	1.50470483	1.40381953	1.27773296	1.50470483	0.226971867	0.0246338883	0	0	0	0	3
398	1047	328.847924	2.09117329	1.50642271	1.40618207	1.28159013	1.50642271	0.224832585	0.0246338883	0	0	0	0	3
399	1049	329.408894	2.09642749	1.50877453	1.40859866	1.28384988	1.50877453	0.22492465	0.0246338883	0	0	0	0	3
400	1052	329.952171	2.1016817	1.51030778	1.41093356	1.28728331	1.51030778	0.223024466	0.0246338883	0	0	0	0	3
401	1055	330.512675	2.1069359	1.51118864	1.41331675	1.28965175	1.51118864	0.221536884	0.0246338883	0	0	0	0	3
402	1058	331.057441	2.1121901	1.51274507	1.41562459	1.29330481	1.51274507	0.219440259	0.0246338883	0	0	0	0	3
403	1060	331.61732	2.11744431	1.51548141	1.41798887	1.29542842	1.51548141	0.220052986	0.0246338883	0	0	0	0	3
404	1062	332.161801	2.12269851	1.51626688	1.42027164	1.29935672	1.51626688	0.216910155	0.0246338883	0	0	0	0	3
405	1065	332.720881	2.12795272	1.51763431	1.42259372	1.30251627	1.51763431	0.215118037	0.0246338883	0	0	0	0	3
406	1067	333.262984	2.13320692	1.51919813	1.4248321	1.30483591	1.51919813	0.214362223	0.0246338883	0	0	0	0	3
407	1070	333.821712	2.13846112	1.52131529	1.42713462	1.30801122	1.52131529	0.213304065	0.0246338883	0	0	0	0	3
408	1072	334.36275	2.14371533	1.52284777	1.42934925	1.31094904	1.52284777	0.211898731	0.0246338883	0	0	0	0	3
409	1074	334.921078	2.14896953	1.5241824	1.43161741	1.31404991	1.5241824	0.210132491	0.0246338883	0	0	0	0	3
410	1077	335.462474	2.15422374	1.52563742	1.43380326	1.3170757	1.52563742	0.208561724	0.0246338883	0	0	0	0	3
411	1079	336.020202	2.15947794	1.52733645	1.43603978	1.31996468	1.52733645	0.207371774	0.0246338883	0	0	0	0	3
412	1081	336.562652	2.16473215	1.52935438	1.43820532	1.32358765	1.52935438	0.205766733	0.0246338883	0	0	0	0	3
413	1084	337.119663	2.16998635	1.53010716	1.44040181	1.32554574	1.53010716	0.20456142	0.0246338883	0	0	0	0	3
414	1086	337.659578	2.17524055	1.53228218	1.44253665	1.32919507	1.53228218	0.203087111	0.0246338883	0	0	0	0	3
415	1088	338.216552	2.18049476	1.53341515	1.4447091	1.33140874	1.53341515	0.202006403	0.0246338883	0	0	0	0	3
416	1091	338.75599	2.18574896	1.53555676	1.44681253	1.33448552	1.53555676	0.201071242	0.0246338883	0	0	0	0	3
417	1093	339.312621	2.19100317	1.53678445	1.4489643	1.33812132	1.53678445	0.19866313	0.0246338883	0	0	0	0	3
418	1095	339.85252	2.19625737	1.53845353	1.45103321	1.3410956	1.53845353	0.197357932	0.0246338883	0	0	0	0	3
419	1098	340.40888	2.20151158	1.53917411	1.45314064	1.34327181	1.53917411	0.195902302	0.0246338883	0	0	0	0	3
420	1100	340.949576	2.20676578	1.54139182	1.45518903	1.34675466	1.54139182	0.194637161	0.0246338883	0	0	0	0	3
421	1102	341.505336	2.21201998	1.54307246	1.45727742	1.34924199	1.54307246	0.193830478	0.0246338883	0	0	0	0	3
422	1105	342.043648	2.21727419	1.54361918	1.45928351	1.35274375	1.54361918	0.190875424	0.0246338883	0	0	0	0	3
423	1107	342.599169	2.22252839	1.54586235	1.46133809	1.35516476	1.54586235	0.190697593	0.0246338883	0	0	0	0	3
424	1109	343.13728	2.2277826	1.54752743	1.46331969	1.35782535	1.54752743	0.189702084	0.0246338883	0	0	0	0	3
425	1112	343.692422	2.2330368	1.54874168	1.46535128	1.36106538	1.54874168	0.187676299	0.0246338883	0	0	0	0	3
426	1114	344.230839	2.23829101	1.54972924	1.46729908	1.36404168	1.54972924	0.185687558	0.0246338883	0	0	0	0	3
427	1117	344.785697	2.24354521	1.55191291	1.46929772	1.36678348	1.55191291	0.185129434	0.0246338883	0	0	0	0	3
428	1119	345.324994	2.24879941	1.55364015	1.47122784	1.36924337	1.55364015	0.184396777	0.0246338883	0	0	0	0	3
429	1121	345.879119	2.25405362	1.55504798	1.47320306	1.3730153	1.55504798	0.182032677	0.0246338883	0	0	0	0	3
430	1124	346.416312	2.25930782	1.55588282	1.47508948	1.37528079	1.55588282	0.180602033	0.0246338883	0	0	0	0	3
431	1126	346.970339	2.26456203	1.55778744	1.47702976	1.37852939	1.55778744	0.179258051	0.0246338883	0	0	0	0	3
432	1128	347.506922	2.26981623	1.55926328	1.4788932	1.38103918	1.55926328	0.1782241	0.0246338883	0	0	0	0	3
433	1131	348.060686	2.27507044	1.56150465	1.48081079	1.3844905	1.56150465	0.177014149	0.0246338883	0	0	0	0	3
434	1133	348.597483	2.28032464	1.56197779	1.4826407	1.38685535	1.56197779	0.175122445	0.0246338883	0	0	0	0	3
435	1135	349.150842	2.28557884	1.5633653	1.4845159	1.38961277	1.5633653	0.173752536	0.0246338883	0	0	0	0	3
436	1138	349.688922	2.29083305	1.56569524	1.48633335	1.39192406	1.56569524	0.173771186	0.0246338883	0	0	0	0	3
437	1140	350.241622	2.29608725	1.5661739	1.48818383	1.39553811	1.5661739	0.17063579	0.0246338883	0	0	0	0	3
438	1142	350.777251	2.30134146	1.5674329	1.48995452	1.39825104	1.5674329	0.169181851	0.0246338883	0	0	0	0	3
439	1145	351.330017	2.30659566	1.56859981	1.49176319	1.40113287	1.56859981	0.167466944	0.0246338883	0	0	0	0	3
440	1147	351.865089	2.31184986	1.57090522	1.49351072	1.40431241	1.57090522	0.166592805	0.0246338883	0	0	0	0	3
441	1149	352.417538	2.31710407	1.57336523	1.49530685	1.40762298	1.57336523	0.165742248	0.0246338883	0	0	0	0	3
442	1152	352.953231	2.32235827	1.57407037	1.49701828	1.40979799	1.57407037	0.164272387	0.0246338883	0	0	0	0	3
443	1154	353.505437	2.32761248	1.57547625	1.49877738	1.4118374	1.57547625	0.163638844	0.0246338883	0	0	0	0	3
444	1156	354.042107	2.33286668	1.57789111	1.50048905	1.41401112	1.57789111	0.163879995	0.0246338883	0	0	0	0	3
445	1159	354.593585	2.33812089	1.57879065	1.50223737	1.41528929	1.57879065	0.163501356	0.0246338883	0	0	0	0	3
446	1161	355.127894	2.34337509	1.5794346	1.50392655	1.41793188	1.5794346	0.161502727	0.0246338883	0	0	0	0	3
447	1163	355.679068	2.34862929	1.58178922	1.50566481	1.42000658	1.58178922	0.161782635	0.0246338883	0	0	0	0	3
448	1166	356.213099	2.3538835	1.58329863	1.50734517	1.42123252	1.58329863	0.162066112	0.0246338883	0	0	0	0	3
449	1168	356.764078	2.3591377	1.58420317	1.5090742	1.423781	1.58420317	0.160422164	0.0246338883	0	0	0	0	3
450	1170	357.298436	2.36439191	1.58513371	1.51073519	1.42610237	1.58513371	0.159031342	0.0246338883	0	0	0	0	3
451	1173	357.849248	2.36964611	1.58749294	1.5124467	1.42821791	1.58749294	0.15927503	0.0246338883	0	0	0	0	3
452	1175	358.384453	2.37490032	1.58896639	1.51410233	1.43000818	1.58896639	0.158958203	0.0246338883	0	0	0	0	3
453	1177	358.934618	2.38015452	1.59092708	1.51580814	1.43140801	1.59092708	0.159519068	0.0246338883	0	0	0	0	3
454	1180	359.4676	2.38540872	1.59159217	1.51745536	1.43385711	1.59159217	0.157735053	0.0246338883	0	0	0	0	3
455	1182	360.01773	2.39066293	1.59283043	1.51914083	1.43669226	1.59283043	0.156138175	0.0246338883	0	0	0	0	3
456	1185	360.552463	2.39591713	1.59342983	1.52075484	1.43828918	1.59342983	0.155140645	0.0246338883	0	0	0	0	3
457	1187	361.102012	2.40117134	1.59494318	1.52241493	1.4396694	1.59494318	0.155273785	0.0246338883	0	0	0	0	3
458	1190	361.636358	2.40642554	1.59512584	1.52401605	1.44203919	1.59512584	0.153086653	0.0246338883	0	0	0	0	3
459	1192	362.185433	2.41167975	1.5955978	1.52564409	1.44527318	1.5955978	0.150324622	0.0246338883	0	0	0	0	3
460	1194	362.719747	2.41693395	1.59637772	1.52720125	1.44686984	1.59637772	0.149507883	0.0246338883	0	0	0	0	3
461	1197	363.268301	2.42218815	1.59699884	1.52879292	1.44836862	1.59699884	0.148630223	0.0246338883	0	0	0	0	3
462	1199	363.800081	2.42744236	1.59744052	1.53032628	1.45075985	1.59744052	0.146680675	0.0246338883	0	0	0	0	3
463	1202	364.348979	2.43269656	1.59787402	1.53188659	1.45328308	1.59787402	0.144590947	0.0246338883	0	0	0	0	3
464	1204	364.882464	2.43795077	1.59934915	1.53339117	1.45470091	1.59934915	0.144648241	0.0246338883	0	0	0	0	3
465	1207	365.43073	2.44320497	1.59952334	1.53492706	1.45656472	1.59952334	0.142958624	0.0246338883	0	0	0	0	3
466	1209	365.964172	2.44845918	1.59993876	1.5364051	1.45910575	1.59993876	0.140833014	0.0246338883	0	0	0	0	3
467	1212	366.512187	2.45371338	1.60013271	1.53790149	1.46120975	1.60013271	0.138922964	0.0246338883	0	0	0	0	3
468	1214	367.045234	2.45896758	1.60202438	1.53935293	1.4618015	1.60202438	0.140222879	0.0246338883	0	0	0	0	3
469	1217	367.593029	2.46422179	1.60373129	1.54085864	1.46431102	1.60373129	0.139420266	0.0246338883	0	0	0	0	3
470	1219	368.125837	2.46947599	1.60337832	1.54229208	1.46723327	1.60373129	0.136498018	0.0246338883	0	0	0	0	3
471	1222	368.673328	2.4747302	1.60390872	1.54374207	1.46894157	1.60390872	0.134967151	0.0246338883	0	0	0	0	3
472	1224	369.206057	2.4799844	1.60508552	1.54514565	1.46977757	1.60508552	0.135307945	0.0246338883	0	0	0	0	3
473	1227	369.753514	2.4852386	1.60677506	1.54659952	1.47207201	1.60677506	0.134703044	0.0246338883	0	0	0	0	3
474	1229	370.2859	2.49049281	1.60697954	1.54799035	1.47467119	1.60697954	0.132308352	0.0246338883	0	0	0	0	3
475	1231	370.833349	2.49574701	1.60681751	1.54939312	1.47619617	1.60697954	0.13078337	0.0246338883	0	0	0	0	3
476	1234	371.365543	2.50100122	1.6075822	1.55074784	1.47764312	1.6075822	0.129939076	0.0246338883	0	0	0	0	3
477	1236	371.912767	2.50625542	1.60877699	1.55214017	1.47942691	1.60877699	0.129350085	0.0246338883	0	0	0	0	3
478	1239	372.444999	2.51150963	1.60909003	1.55347788	1.48180854	1.60909003	0.127281481	0.0246338883	0	0	0	0	3
479	1241	372.992047	2.51676383	1.60966884	1.55483593	1.48358003	1.60966884	0.126088808	0.0246338883	0	0	0	0	3
480	1244	373.524111	2.52201803	1.61027588	1.55614331	1.48430986	1.61027588	0.125966018	0.0246338883	0	0	0	0	3
481	1246	374.071133	2.52727224	1.61179317	1.55749786	1.48555818	1.61179317	0.126234991	0.0246338883	0	0	0	0	3
482	1249	374.603183	2.53252644	1.6118451	1.5588018	1.48847997	1.6118451	0.123365128	0.0246338883	0	0	0	0	3
483	1251	375.150194	2.53778065	1.61223292	1.56011749	1.49066988	1.61223292	0.121563043	0.0246338883	0	0	0	0	3
484	1253	375.682193	2.54303485	1.61324851	1.56138345	1.49164449	1.61324851	0.121604021	0.0246338883	0	0	0	0	3
485	1256	376.229021	2.54828906	1.61432054	1.56268777	1.49310096	1.61432054	0.12121958	0.0246338883	0	0	0	0	3
486	1258	376.76078	2.55354326	1.61398355	1.5639362	1.49490678	1.61432054	0.119413763	0.0246338883	0	0	0	0	3
487	1261	377.307699	2.55879746	1.61532788	1.56521668	1.49738228	1.61532788	0.1179456	0.0246338883	0	0	0	0	3
488	1263	377.839414	2.56405167	1.61572834	1.56643885	1.49814336	1.61572834	0.117584977	0.0246338883	0	0	0	0	3
489	1265	378.386174	2.56930587	1.61661105	1.56769901	1.49984532	1.61661105	0.116765725	0.0246338883	0	0	0	0	3
490	1268	378.917952	2.57456008	1.61596705	1.56889933	1.50195742	1.61661105	0.114653623	0.0246338883	0	0	0	0	3
491	1270	379.464608	2.57981428	1.61746021	1.57012844	1.50462295	1.61746021	0.112837263	0.0246338883	0	0	0	0	3
492	1272	379.996121	2.58506849	1.61767988	1.57129704	1.50470483	1.61767988	0.112975051	0.0246338883	0	0	0	0	3
493	1275	380.542904	2.59032269	1.6183833	1.5725061	1.50642271	1.6183833	0.111960582	0.0246338883	0	0	0	0	3
494	1277	381.074442	2.59557689	1.61831464	1.57366036	1.50877453	1.6183833	0.109608763	0.0246338883	0	0	0	0	3
495	1279	381.621024	2.6008311	1.61864418	1.57482841	1.51030778	1.61864418	0.108336401	0.0246338883	0	0	0	0	3
496	1282	382.152744	2.6060853	1.61979048	1.57595789	1.51118864	1.61979048	0.108601838	0.0246338883	0	0	0	0	3
497	1284	382.699284	2.61133951	1.62071194	1.57712224	1.51274507	1.62071194	0.10796687	0.0246338883	0	0	0	0	3
498	1286	383.230704	2.61659371	1.62021753	1.57823339	1.51548141	1.62071194	0.105230532	0.0246338883	0	0	0	0	3
499	1289	383.777335	2.62184791	1.62049142	1.57934982	1.51626688	1.62071194	0.10444506	0.0246338883	0	0	0	0	3
500	1291	384.308743	2.62710212	1.62103516	1.58043328	1.51763431	1.62103516	0.103400857	0.0246338883	0	0	0	0	3
501	1294	384.855212	2.63235632	1.62131262	1.58153523	1.51919813	1.62131262	0.102114483	0.0246338883	0	0	0	0	3
502	1297	385.386846	2.63761053	1.62235309	1.58259987	1.52131529	1.62235309	0.101037799	0.0246338883	0	0	0	0	3
503	1299	385.933504	2.64286473	1.62228756	1.58367327	1.52284777	1.62235309	0.0995053142	0.0246338883	0	0	0	0	3
504	1301	386.464799	2.64811894	1.6226595	1.58470245	1.5241824	1.6226595	0.0984770998	0.0246338883	0	0	0	0	3
505	1304	387.011463	2.65337314	1.62339524	1.58575719	1.52563742	1.62339524	0.097757818	0.0246338883	0	0	0	0	3
506	1306	387.542766	2.65862734	1.62341657	1.58676635	1.52733645	1.62341657	0.0960801182	0.0246338883	0	0	0	0	3
507	1308	388.089211	2.66388155	1.62405903	1.58779429	1.52935438	1.62405903	0.0947046487	0.0246338883	0	0	0	0	3
508	1310	388.620592	2.66913575	1.62410869	1.58877392	1.53010716	1.62410869	0.094001523	0.0246338883	0	0	0	0	3
509	1313	389.166984	2.67438996	1.6243436	1.58977518	1.53228218	1.6243436	0.092061417	0.0246338883	0	0	0	0	3
510	1315	389.697999	2.67964416	1.6258732	1.59074005	1.53341515	1.6258732	0.0924580544	0.0246338883	0	0	0	0	3
511	1318	390.244287	2.68489837	1.62506451	1.59171413	1.53555676	1.6258732	0.090316437	0.0246338883	0	0	0	0	3
512	1320	390.775418	2.69015257	1.62560677	1.59264253	1.53678445	1.6258732	0.0890887488	0.0246338883	0	0	0	0	3
513	1322	391.32169	2.69540677	1.62583543	1.593589	1.53845353	1.6258732	0.0874196739	0.0246338883	0	0	0	0	3
514	1324	391.852824	2.70066098	1.62669039	1.59449955	1.53917411	1.62669039	0.0875162717	0.0246338883	0	0	0	0	3
515	1327	392.39915	2.70591518	1.62729874	1.59543626	1.54139182	1.62729874	0.0859069281	0.0246338883	0	0	0	0	3
516	1329	392.93001	2.71116939	1.62725204	1.59632335	1.54307246	1.62729874	0.0842262811	0.0246338883	0	0	0	0	3
517	1331	393.476329	2.71642359	1.62699287	1.59721519	1.54361918	1.62729874	0.0836795675	0.0246338883	0	0	0	0	3
518	1334	394.007406	2.7216778	1.62749024	1.59807983	1.54586235	1.62749024	0.0816278934	0.0246338883	0	0	0	0	3
519	1336	394.55359	2.726932	1.62785844	1.59895122	1.54752743	1.62785844	0.0803310029	0.0246338883	0	0	0	0	3
520	1338	395.084753	2.7321862	1.62866391	1.59978772	1.54874168	1.62866391	0.0799222353	0.0246338883	0	0	0	0	3
521	1341	395.630905	2.73744041	1.62862967	1.6006366	1.54972924	1.62866391	0.0789346734	0.0246338883	0	0	0	0	3
522	1343	396.161774	2.74269461	1.62914308	1.60145582	1.55191291	1.62914308	0.0772301658	0.0246338883	0	0	0	0	3
523	1345	396.708072	2.74794882	1.62909536	1.60227606	1.55364015	1.62914308	0.0755029346	0.0246338883	0	0	0	0	3
524	1348	397.239099	2.75320302	1.62937491	1.60305849	1.55504798	1.62937491	0.0743269326	0.0246338883	0	0	0	0	3
525	1350	397.78519	2.75845723	1.63002242	1.60385471	1.55588282	1.63002242	0.0741395969	0.0246338883	0	0	0	0	3
526	1352	398.316416	2.76371143	1.63087082	1.60462777	1.55778744	1.63087082	0.0730833815	0.0246338883	0	0	0	0	3
527	1354	398.862608	2.76896563	1.63075291	1.60540284	1.55926328	1.63087082	0.0716075473	0.0246338883	0	0	0	0	3
528	1357	399.393465	2.77421984	1.63024949	1.6061342	1.56150465	1.63087082	0.0693661717	0.0246338883	0	0	0	0	3
529	1359	399.939735	2.77947404	1.63116211	1.60687412	1.56197779	1.63116211	0.0691843194	0.0246338883	0	0	0	0	3
530	1361	400.470671	2.78472825	1.63191754	1.60759504	1.5633653	1.63191754	0.0685522389	0.0246338883	0	0	0	0	3
531	1364	401.016618	2.78998245	1.63181173	1.60832184	1.56569524	1.63191754	0.0662223009	0.0246338883	0	0	0	0	3
532	1366	401.547725	2.79523665	1.63200393	1.60900667	1.5661739	1.63200393	0.0658300358	0.0246338883	0	0	0	0	3
533	1368	402.093823	2.80049086	1.6322042	1.60970754	1.5674329	1.6322042	0.0647712997	0.0246338883	0	0	0	0	3
534	1371	402.624535	2.80574506	1.63167693	1.61036915	1.56859981	1.6322042	0.0636043803	0.0246338883	0	0	0	0	3
535	1373	403.170578	2.81099927	1.63300216	1.61105293	1.57090522	1.63300216	0.0620969366	0.0246338883	0	0	0	0	3
536	1375	403.701382	2.81625347	1.63366452	1.61169889	1.57336523	1.63366452	0.0602992917	0.0246338883	0	0	0	0	3
537	1378	404.247116	2.82150768	1.63421221	1.61234454	1.57407037	1.63421221	0.0601418351	0.0246338883	0	0	0	0	3
538	1380	404.775981	2.82676188	1.63333985	1.61295444	1.57547625	1.63421221	0.0587359633	0.0246338883	0	0	0	0	3
