Iteration	CPUTime	PhysTime	Travels	Value	AvValue	MinValue	MaxValue	Delta	Criteria	PrevAvRefValue	Progress	CriteriaType	CriteriaVarType	CriteriaPercentage
1	29	0.0162367046	0.00525420424	298.15	298.15	298.15	298.15	0	0	0	0	0	0	3
2	31	0.0324781022	0.0105084085	298.150001	298.150001	298.15	298.150001	2.76706089e-07	0	0	0	0	0	3
3	33	0.0487542881	0.0157626127	298.150002	298.150001	298.15	298.150002	6.06824585e-07	0	0	0	0	0	3
4	36	0.0652875332	0.021016817	298.150002	298.150001	298.15	298.150002	9.9062521e-07	0	0	0	0	0	3
5	38	0.0837201606	0.0262710212	298.150004	298.150002	298.15	298.150004	1.47661598e-06	0	0	0	0	0	3
6	40	0.132420249	0.0315252254	298.150007	298.150004	298.15	298.150007	3.37559902e-06	0	0	0	0	0	3
7	42	0.336429492	0.0367794297	298.150028	298.150018	298.15	298.150028	1.78173378e-05	0	0	0	0	0	3
8	46	1.67553863	0.0420336339	298.150296	298.15024	298.15	298.150296	0.000239986227	0	0	0	0	0	3
9	50	10.7473596	0.0472878381	298.157753	298.156582	298.15	298.157753	0.00658175609	0	0	0	0	0	3
10	55	44.8039731	0.0525420424	298.238814	298.219089	298.15	298.238814	0.0690883497	0	0	0	0	0	3
11	58	45.6867102	0.0577962466	298.238687	298.219467	298.15	298.238814	0.0694670126	0	0	0	0	0	3
12	61	46.3795552	0.0630504509	298.236559	298.219723	298.15	298.238814	0.069722338	0	0	0	0	0	3
13	64	46.8586132	0.0683046551	298.233854	298.219867	298.15	298.238814	0.0698668078	0	0	0	0	0	3
14	66	47.2647115	0.0735588593	298.230632	298.21996	298.15	298.238814	0.0699593036	0	0	0	0	0	3
15	69	47.6243691	0.0788130636	298.227174	298.220014	298.15	298.238814	0.0700137826	0	0	0	0	0	3
16	72	48.1363147	0.0840672678	298.221698	298.220032	298.15	298.238814	0.0700316867	0	0	0	0	0	3
17	74	48.6168349	0.0893214721	298.216669	298.219999	298.15	298.238814	0.0700316867	0	0	0	0	0	3
18	77	49.0827006	0.0945756763	298.212304	298.219926	298.15	298.238814	0.0700316867	0	0	0	0	0	3
19	79	49.5540243	0.0998298805	298.20858	298.219818	298.15	298.238814	0.0700316867	0	0	0	0	0	3
20	82	50.047109	0.105084085	298.205419	298.219676	298.15	298.238814	0.0700316867	0	0	0	0	0	3
21	85	50.8057684	0.110338289	298.201908	298.219411	298.15	298.238814	0.0700316867	0	0	0	0	0	3
22	87	51.5990821	0.115592493	298.19937	298.219102	298.15	298.238814	0.0700316867	0	0	0	0	0	3
23	90	52.4251184	0.120846697	298.197631	298.218764	298.15	298.238814	0.0700316867	0	0	0	0	0	3
24	93	53.2727271	0.126100902	298.196516	298.21841	298.15	298.238814	0.0700316867	0	0	0	0	0	3
25	95	54.130989	0.131355106	298.19587	298.218053	298.15	298.238814	0.0700316867	0	0	0	0	0	3
26	98	55.4182895	0.13660931	298.195602	298.217531	298.15	298.238814	0.0700316867	0	0	0	0	0	3
27	101	56.6950026	0.141863514	298.195757	298.217041	298.15	298.238814	0.0700316867	0	0	0	0	0	3
28	104	57.9460995	0.147117719	298.196136	298.21659	298.15	298.238814	0.0700316867	0	0	0	0	0	3
29	107	59.1662014	0.152371923	298.196621	298.216178	298.15	298.238814	0.0700316867	0	0	0	0	0	3
30	110	60.355004	0.157626127	298.197169	298.215803	298.15	298.238814	0.0700316867	0	0	0	0	0	3
31	113	61.8847727	0.162880331	298.198026	298.215364	298.15	298.238814	0.0700316867	0	0	0	0	0	3
32	116	63.379911	0.168134536	298.198969	298.214977	298.15	298.238814	0.0700316867	0	0	0	0	0	3
33	119	64.8470579	0.17338874	298.199999	298.214638	298.15	298.238814	0.0700316867	0	0	0	0	0	3
34	122	66.2896594	0.178642944	298.201105	298.214344	298.15	298.238814	0.0700316867	0	0	0	0	0	3
35	124	67.7108526	0.183897148	298.202282	298.214091	298.15	298.238814	0.0700316867	0	0	0	0	0	3
36	128	69.1116691	0.189151353	298.203506	298.213876	298.15	298.238814	0.0700316867	0	0	0	0	0	3
37	131	70.4936093	0.194405557	298.204762	298.213697	298.15	298.238814	0.0700316867	0	0	0	0	0	3
38	133	71.8566672	0.199659761	298.206037	298.213552	298.15	298.238814	0.0700316867	0	0	0	0	0	3
39	136	73.2023027	0.204913965	298.207326	298.213438	298.15	298.238814	0.0700316867	0	0	0	0	0	3
40	139	74.5301983	0.21016817	298.208624	298.213352	298.15	298.238814	0.0700316867	0	0	0	0	0	3
41	142	75.8411404	0.215422374	298.209922	298.213293	298.15	298.238814	0.0700316867	0	0	0	0	0	3
42	145	77.1354356	0.220676578	298.211217	298.213258	298.15	298.238814	0.0700316867	0	0	0	0	0	3
43	148	78.4134466	0.225930782	298.212505	298.213246	298.15	298.238814	0.0700316867	0	0	0	0	0	3
44	151	79.6755359	0.231184986	298.213782	298.213254	298.15	298.238814	0.0700316867	0	0	0	0	0	3
45	154	80.9223344	0.236439191	298.215045	298.213282	298.15	298.238814	0.0700316867	0	0	0	0	0	3
46	157	82.1541264	0.241693395	298.216291	298.213327	298.15	298.238814	0.0700316867	0	0	0	0	0	3
47	160	83.3718609	0.246947599	298.217519	298.213388	298.15	298.238814	0.0700316867	0	0	0	0	0	3
48	162	84.5752894	0.252201803	298.218729	298.213464	298.15	298.238814	0.0700316867	0	0	0	0	0	3
49	165	85.7659717	0.257456008	298.219923	298.213554	298.15	298.238814	0.0700316867	0	0	0	0	0	3
50	168	86.9434252	0.262710212	298.2211	298.213656	298.15	298.238814	0.0700316867	0	0	0	0	0	3
51	171	88.1093756	0.267964416	298.222259	298.21377	298.15	298.238814	0.0700316867	0	0	0	0	0	3
52	174	89.2629975	0.27321862	298.223399	298.213894	298.15	298.238814	0.0700316867	0	0	0	0	0	3
53	176	90.4060462	0.278472825	298.224519	298.214028	298.15	298.238814	0.0700316867	0	0	0	0	0	3
54	179	91.5377194	0.283727029	298.225619	298.214172	298.15	298.238814	0.0700316867	0	0	0	0	0	3
55	182	92.6598196	0.288981233	298.226702	298.214323	298.15	298.238814	0.0700316867	0	0	0	0	0	3
56	185	93.7715015	0.294235437	298.227767	298.214483	298.15	298.238814	0.0700316867	0	0	0	0	0	3
57	188	94.8744384	0.299489642	298.228817	298.21465	298.15	298.238814	0.0700316867	0	0	0	0	0	3
58	190	95.9676129	0.304743846	298.229854	298.214823	298.15	298.238814	0.0700316867	0	0	0	0	0	3
59	193	97.0527481	0.30999805	298.230876	298.215002	298.15	298.238814	0.0700316867	0	0	0	0	0	3
60	196	98.1287847	0.315252254	298.231884	298.215187	298.15	298.238814	0.0700316867	0	0	0	0	0	3
61	199	99.1976554	0.320506459	298.232876	298.215378	298.15	298.238814	0.0700316867	0	0	0	0	0	3
62	202	100.258183	0.325760663	298.233853	298.215573	298.15	298.238814	0.0700316867	0	0	0	0	0	3
63	204	101.311257	0.331014867	298.234815	298.215773	298.15	298.238814	0.0700316867	0	0	0	0	0	3
64	207	102.357164	0.336269071	298.235766	298.215978	298.15	298.238814	0.0700316867	0	0	0	0	0	3
65	210	103.395719	0.341523275	298.236704	298.216186	298.15	298.238814	0.0700316867	0	0	0	0	0	3
66	212	104.427781	0.34677748	298.23763	298.216398	298.15	298.238814	0.0700316867	0	0	0	0	0	3
67	215	105.453104	0.352031684	298.238541	298.216613	298.15	298.238814	0.0700316867	0	0	0	0	0	3
68	218	106.47211	0.357285888	298.239439	298.216831	298.15	298.239439	0.0700316867	0	0	0	0	0	3
69	221	107.484994	0.362540092	298.240325	298.217053	298.15	298.240325	0.0700316867	0	0	0	0	0	3
70	223	108.491859	0.367794297	298.241202	298.217277	298.15	298.241202	0.0700316867	0	0	0	0	0	3
71	226	109.493136	0.373048501	298.242068	298.217504	298.15	298.242068	0.0700316867	0	0	0	0	0	3
72	229	110.48873	0.378302705	298.242925	298.217733	298.15	298.242925	0.0700316867	0	0	0	0	0	3
73	231	111.478853	0.383556909	298.243769	298.217964	298.15	298.243769	0.0700316867	0	0	0	0	0	3
74	234	112.464077	0.388811114	298.244601	298.218197	298.15	298.244601	0.0700316867	0	0	0	0	0	3
75	237	113.443263	0.394065318	298.245425	298.218432	298.15	298.245425	0.0700316867	0	0	0	0	0	3
76	240	114.417958	0.399319522	298.246242	298.218669	298.15	298.246242	0.0700316867	0	0	0	0	0	3
77	242	115.386896	0.404573726	298.24705	298.218908	298.15	298.24705	0.0700316867	0	0	0	0	0	3
78	245	116.351776	0.409827931	298.247847	298.219148	298.15	298.247847	0.0700316867	0	0	0	0	0	3
79	248	117.311409	0.415082135	298.248633	298.219389	298.15	298.248633	0.0700316867	0	0	0	0	0	3
80	251	118.267444	0.420336339	298.249412	298.219631	298.15	298.249412	0.0700316867	0	0	0	0	0	3
81	253	119.218561	0.425590543	298.250179	298.219875	298.15	298.250179	0.0700316867	0	0	0	0	0	3
82	256	120.16619	0.430844748	298.250948	298.22012	298.15	298.250948	0.0701199062	0	0	0	0	0	3
83	258	121.109036	0.436098952	298.251758	298.220367	298.15	298.251758	0.0703662117	0	0	0	0	0	3
84	261	122.048265	0.441353156	298.252598	298.220615	298.15	298.252598	0.070614254	0	0	0	0	0	3
85	264	122.983322	0.44660736	298.253476	298.220864	298.15	298.253476	0.0708641003	0	0	0	0	0	3
86	267	123.91461	0.451861564	298.254383	298.221116	298.15	298.254383	0.0711160147	0	0	0	0	0	3
87	270	124.842341	0.457115769	298.255322	298.221371	298.15	298.255322	0.0713702071	0	0	0	0	0	3
88	273	125.765674	0.462369973	298.256289	298.221627	298.15	298.256289	0.0716265707	0	0	0	0	0	3
89	276	126.685654	0.467624177	298.257283	298.221886	298.15	298.257283	0.0718855011	0	0	0	0	0	3
90	278	127.600797	0.472878381	298.258294	298.222147	298.15	298.258294	0.0721466195	0	0	0	0	0	3
91	281	128.512689	0.478132586	298.25932	298.222411	298.15	298.25932	0.072410391	0	0	0	0	0	3
92	284	129.420043	0.48338679	298.260359	298.222677	298.15	298.260359	0.0726764463	0	0	0	0	0	3
93	286	130.32358	0.488640994	298.261405	298.222945	298.15	298.261405	0.0729449488	0	0	0	0	0	3
94	289	131.223462	0.493895198	298.262453	298.223216	298.15	298.262453	0.0732158769	0	0	0	0	0	3
95	292	132.118622	0.499149403	298.263501	298.223489	298.15	298.263501	0.0734888228	0	0	0	0	0	3
96	295	133.010281	0.504403607	298.264541	298.223764	298.15	298.264541	0.0737640226	0	0	0	0	0	3
97	298	133.897049	0.509657811	298.265569	298.22405	298.150001	298.265569	0.0740495866	0	0	0	0	0	3
98	300	134.779986	0.514912015	298.266585	298.224338	298.150002	298.266585	0.0743368898	0	0	0	0	0	3
99	303	135.658406	0.52016622	298.267595	298.224627	298.150002	298.267595	0.0746256311	0	0	0	0	0	3
100	306	136.532588	0.525420424	298.268601	298.224918	298.150004	298.268601	0.0749158775	0	0	0	0	0	3
101	309	137.403119	0.530674628	298.269597	298.225211	298.150007	298.269597	0.0752072771	0	0	0	0	0	3
102	312	138.268708	0.535928832	298.270585	298.225522	298.150028	298.270585	0.0755036704	0	0	0	0	0	3
103	314	139.130761	0.541183037	298.271561	298.225919	298.150296	298.271561	0.075678419	0	0	0	0	0	3
104	317	139.988093	0.546437241	298.272529	298.22694	298.157753	298.272529	0.070357722	0	0	0	0	0	3
105	320	140.842276	0.551691445	298.273489	298.23207	298.195602	298.273489	0.0188244309	0	0	0	0	0	3
106	322	141.692186	0.556945649	298.274439	298.230071	298.195602	298.274439	0.0188244309	0	0	0	0	0	3
107	325	142.53944	0.562199853	298.275376	298.230389	298.195602	298.275376	0.0188244309	0	0	0	0	0	3
108	328	143.382779	0.567454058	298.276302	298.230744	298.195602	298.276302	0.0188244309	0	0	0	0	0	3
109	330	144.223358	0.572708262	298.277246	298.23113	298.195602	298.277246	0.0188244309	0	0	0	0	0	3
110	333	145.060041	0.577962466	298.27814	298.231534	298.195602	298.27814	0.0188244309	0	0	0	0	0	3
111	335	145.892958	0.58321667	298.279053	298.231953	298.195602	298.279053	0.0188244309	0	0	0	0	0	3
112	338	146.722343	0.588470875	298.279949	298.23241	298.195602	298.279949	0.0191645863	0	0	0	0	0	3
113	341	147.548949	0.593725079	298.280829	298.232891	298.195602	298.280829	0.0196455945	0	0	0	0	0	3
114	343	148.371499	0.598979283	298.281691	298.233392	298.195602	298.281691	0.0201464711	0	0	0	0	0	3
115	346	149.191393	0.604233487	298.282547	298.233914	298.195602	298.282547	0.0206683246	0	0	0	0	0	3
116	348	150.007513	0.609487692	298.283396	298.234458	298.195602	298.283396	0.0212128819	0	0	0	0	0	3
117	351	150.821518	0.614741896	298.284253	298.235111	298.195602	298.284253	0.0218650591	0	0	0	0	0	3
118	354	151.631739	0.6199961	298.285099	298.235799	298.195602	298.285099	0.0225533874	0	0	0	0	0	3
119	356	152.440835	0.625250304	298.285938	298.23652	298.195602	298.285938	0.0232742241	0	0	0	0	0	3
120	359	153.245536	0.630504509	298.28676	298.237263	298.195602	298.28676	0.0240177845	0	0	0	0	0	3
121	361	154.049107	0.635758713	298.287574	298.238023	298.195602	298.287574	0.0247779515	0	0	0	0	0	3
122	364	154.848083	0.641012917	298.288381	298.238977	298.195757	298.288381	0.0257318212	0	0	0	0	0	3
123	367	155.646418	0.646267121	298.28919	298.23994	298.196136	298.28919	0.0266945826	0	0	0	0	0	3
124	369	156.443696	0.651521326	298.289999	298.240902	298.196621	298.289999	0.0276561712	0	0	0	0	0	3
125	372	157.240514	0.65677553	298.2908	298.241858	298.197169	298.2908	0.0286124544	0	0	0	0	0	3
126	374	158.035365	0.662029734	298.291594	298.242807	298.198026	298.291594	0.0295610527	0	0	0	0	0	3
127	377	158.827885	0.667283938	298.292385	298.243919	298.198969	298.292385	0.0306730063	0	0	0	0	0	3
128	379	159.617132	0.672538143	298.293174	298.245021	298.199999	298.293174	0.0317752929	0	0	0	0	0	3
129	382	160.404378	0.677792347	298.293953	298.246115	298.201105	298.293953	0.0328696613	0	0	0	0	0	3
130	384	161.188516	0.683046551	298.294729	298.247201	298.202282	298.294729	0.0339555698	0	0	0	0	0	3
131	387	161.97083	0.688300755	298.295501	298.248279	298.203506	298.295501	0.0350337007	0	0	0	0	0	3
132	390	162.747933	0.693554959	298.296272	298.249347	298.204762	298.296272	0.0361018116	0	0	0	0	0	3
133	392	163.535396	0.698809164	298.297027	298.250413	298.206037	298.297027	0.0371675706	0	0	0	0	0	3
134	395	164.311637	0.704063368	298.297772	298.251465	298.207326	298.297772	0.038219432	0	0	0	0	0	3
135	397	165.092032	0.709317572	298.29853	298.252511	298.208624	298.29853	0.0392655134	0	0	0	0	0	3
136	399	165.858274	0.714571776	298.299287	298.253542	298.209922	298.299287	0.0402960766	0	0	0	0	0	3
137	402	166.639231	0.719825981	298.300032	298.254571	298.211217	298.300032	0.0413257172	0	0	0	0	0	3
138	404	167.407477	0.725080185	298.300777	298.255586	298.212505	298.300777	0.042340545	0	0	0	0	0	3
139	407	168.182998	0.730334389	298.301523	298.256596	298.213782	298.301523	0.0433422284	0	0	0	0	0	3
140	409	168.939097	0.735588593	298.302245	298.257588	298.215045	298.302245	0.0443066544	0	0	0	0	0	3
141	412	169.71173	0.740842798	298.302964	298.258581	298.216291	298.302964	0.0452537873	0	0	0	0	0	3
142	414	170.46465	0.746097002	298.303675	298.259555	298.217519	298.303675	0.0461668993	0	0	0	0	0	3
143	417	171.233429	0.751351206	298.304391	298.26053	298.218729	298.304391	0.0470658115	0	0	0	0	0	3
144	419	171.98159	0.75660541	298.305097	298.261487	298.219923	298.305097	0.0479331382	0	0	0	0	0	3
145	422	172.746519	0.761859615	298.305807	298.262446	298.2211	298.305807	0.0487896704	0	0	0	0	0	3
146	424	173.490658	0.767113819	298.306506	298.263387	298.222259	298.306506	0.0496171476	0	0	0	0	0	3
147	426	174.251597	0.772368023	298.307205	298.264331	298.223399	298.307205	0.0504364341	0	0	0	0	0	3
148	429	174.991797	0.777622227	298.307886	298.265257	298.224519	298.307886	0.0512289684	0	0	0	0	0	3
149	431	175.748755	0.782876432	298.308563	298.266187	298.225619	298.308563	0.0520154198	0	0	0	0	0	3
150	434	176.485066	0.788130636	298.30923	298.267101	298.226702	298.30923	0.0527772274	0	0	0	0	0	3
151	436	177.237932	0.79338484	298.309903	298.268018	298.227767	298.309903	0.0535348264	0	0	0	0	0	3
152	439	177.970544	0.798639044	298.310575	298.268919	298.228817	298.310575	0.0542699021	0	0	0	0	0	3
153	441	178.7196	0.803893248	298.311246	298.269825	298.229854	298.311246	0.0550023635	0	0	0	0	0	3
154	443	179.449263	0.809147453	298.311912	298.270716	298.230876	298.311912	0.0557141476	0	0	0	0	0	3
155	446	180.194906	0.814401657	298.312587	298.271612	298.231884	298.312587	0.056424527	0	0	0	0	0	3
156	448	180.921696	0.819655861	298.31329	298.272494	298.232876	298.31329	0.057116133	0	0	0	0	0	3
157	451	181.664345	0.824910065	298.314012	298.273381	298.233853	298.314012	0.057808096	0	0	0	0	0	3
158	453	182.38801	0.83016427	298.314762	298.274256	298.234815	298.314762	0.0584831336	0	0	0	0	0	3
159	456	183.127942	0.835418474	298.315543	298.275138	298.235766	298.315543	0.0591598943	0	0	0	0	0	3
160	459	183.848217	0.840672678	298.316351	298.276007	298.236704	298.316351	0.0598213028	0	0	0	0	0	3
161	461	184.585145	0.845926882	298.317184	298.276884	298.23763	298.317184	0.0604858732	0	0	0	0	0	3
162	464	185.301945	0.851181087	298.318029	298.277749	298.238541	298.318029	0.061136182	0	0	0	0	0	3
163	466	186.035498	0.856435291	298.318895	298.278623	298.239439	298.318895	0.0617911558	0	0	0	0	0	3
164	469	186.748391	0.861689495	298.319767	298.279485	298.240325	298.319767	0.062432537	0	0	0	0	0	3
165	471	187.478604	0.866943699	298.320661	298.280357	298.241202	298.320661	0.0630801418	0	0	0	0	0	3
166	474	188.187669	0.872197904	298.32156	298.281218	298.242068	298.32156	0.063714706	0	0	0	0	0	3
167	476	188.914413	0.877452108	298.322463	298.282089	298.242925	298.322463	0.0643566202	0	0	0	0	0	3
168	479	189.620192	0.882706312	298.323363	298.28295	298.243769	298.323363	0.064986244	0	0	0	0	0	3
169	481	190.343207	0.887960516	298.324265	298.283821	298.244601	298.324265	0.0656235714	0	0	0	0	0	3
170	484	191.045551	0.893214721	298.325152	298.284682	298.245425	298.325152	0.0662496957	0	0	0	0	0	3
171	487	191.765119	0.898468925	298.326046	298.285553	298.246242	298.326046	0.0668836219	0	0	0	0	0	3
172	489	192.463852	0.903723129	298.326936	298.286414	298.24705	298.326936	0.0675067435	0	0	0	0	0	3
173	491	193.180126	0.908977333	298.327827	298.287286	298.247847	298.327827	0.0681383498	0	0	0	0	0	3
174	494	193.8754	0.914231537	298.328709	298.288148	298.248633	298.328709	0.0687595148	0	0	0	0	0	3
175	496	194.588091	0.919485742	298.329584	298.289021	298.249412	298.329584	0.0693896666	0	0	0	0	0	3
176	499	195.279719	0.924739946	298.330453	298.289885	298.250179	298.330453	0.0700097679	0	0	0	0	0	3
177	501	195.989061	0.92999415	298.33132	298.29076	298.250948	298.33132	0.0706395029	0	0	0	0	0	3
178	504	196.676677	0.935248354	298.332166	298.291625	298.251758	298.332166	0.0712584205	0	0	0	0	0	3
179	506	197.382426	0.940502559	298.333004	298.292501	298.252598	298.333004	0.071886058	0	0	0	0	0	3
180	509	198.066794	0.945756763	298.333834	298.293366	298.253476	298.333834	0.0725013202	0	0	0	0	0	3
181	511	198.768919	0.951010967	298.334662	298.294241	298.254383	298.334662	0.0731241686	0	0	0	0	0	3
182	514	199.450243	0.956265171	298.335498	298.295104	298.255322	298.335498	0.073733517	0	0	0	0	0	3
183	517	200.149165	0.961519376	298.336312	298.295977	298.256289	298.336312	0.0743496921	0	0	0	0	0	3
184	519	200.827531	0.96677358	298.337129	298.296837	298.257283	298.337129	0.0749508605	0	0	0	0	0	3
185	521	201.523257	0.972027784	298.337931	298.297705	298.258294	298.337931	0.0755580068	0	0	0	0	0	3
186	524	202.198439	0.977281988	298.338717	298.29856	298.25932	298.338717	0.0761489171	0	0	0	0	0	3
187	526	202.89099	0.982536193	298.339499	298.299422	298.260359	298.339499	0.0767451432	0	0	0	0	0	3
188	529	203.563001	0.987790397	298.340289	298.30027	298.261405	298.340289	0.0773250947	0	0	0	0	0	3
189	531	204.252351	0.993044601	298.341075	298.301126	298.262453	298.341075	0.0779096517	0	0	0	0	0	3
190	534	204.9211	0.998298805	298.341855	298.301968	298.263501	298.341855	0.0783538673	0	0	0	0	0	3
191	536	205.607491	1.00355301	298.342625	298.302816	298.264541	298.342625	0.0780836696	0.00577869701	0	0	0	0	3
192	539	206.273191	1.00880721	298.34339	298.30365	298.265569	298.34339	0.0778207843	0.00580164202	0	0	0	0	3
193	541	206.956641	1.01406142	298.344156	298.304492	298.266585	298.344156	0.0775711041	0.00581313293	0	0	0	0	3
194	544	207.619536	1.01931562	298.344913	298.305319	298.267595	298.344913	0.0773176613	0.00582452689	0	0	0	0	3
195	546	208.299755	1.02456983	298.345668	298.306153	298.268601	298.345668	0.0770670232	0.00583588202	0	0	0	0	3
196	549	208.959801	1.02982403	298.346406	298.306973	298.269597	298.346406	0.0768092202	0.00584710121	0	0	0	0	3
197	551	209.636941	1.03507823	298.347149	298.3078	298.270585	298.347149	0.0765640855	0.00585819148	0	0	0	0	3
198	554	210.294379	1.04033244	298.347885	298.308613	298.271561	298.347885	0.0763236087	0.00586811546	0	0	0	0	3
199	556	210.968644	1.04558664	298.348625	298.309433	298.272529	298.348625	0.0760964279	0.0058503704	0	0	0	0	3
200	559	211.623549	1.05084085	298.349363	298.31024	298.273489	298.349363	0.0758743525	0.00577869701	0	0	0	0	3
201	562	212.295389	1.05609505	298.350089	298.311054	298.274439	298.350089	0.075650362	0.00577869701	0	0	0	0	3
202	564	212.947526	1.06134926	298.350813	298.311855	298.275376	298.350813	0.075437106	0.00577869701	0	0	0	0	3
203	567	213.61693	1.06660346	298.351533	298.312663	298.276302	298.351533	0.0752308013	0.00577869701	0	0	0	0	3
204	569	214.266368	1.07185766	298.352258	298.313459	298.277246	298.352258	0.0750123894	0.00577869701	0	0	0	0	3
205	572	214.933131	1.07711187	298.352966	298.314262	298.27814	298.352966	0.0748259422	0.00577869701	0	0	0	0	3
206	574	215.57996	1.08236607	298.353667	298.315052	298.279053	298.353667	0.0746143709	0.00577869701	0	0	0	0	3
207	576	216.244082	1.08762028	298.354371	298.315849	298.279949	298.354371	0.0744217658	0.00577869701	0	0	0	0	3
208	579	216.888495	1.09287448	298.355075	298.316634	298.280829	298.355075	0.074246592	0.00577869701	0	0	0	0	3
209	581	217.550156	1.09812869	298.355769	298.317426	298.281691	298.355769	0.0740777589	0.00577869701	0	0	0	0	3
210	584	218.191919	1.10338289	298.356463	298.318206	298.282547	298.356463	0.0739164455	0.00577869701	0	0	0	0	3
211	586	218.851333	1.10863709	298.357155	298.318995	298.283396	298.357155	0.0737585344	0.00577869701	0	0	0	0	3
212	589	219.490515	1.1138913	298.35785	298.31977	298.284253	298.35785	0.0735966089	0.00577869701	0	0	0	0	3
213	591	220.147705	1.1191455	298.358537	298.320555	298.285099	298.358537	0.073438205	0.00577869701	0	0	0	0	3
214	594	220.784634	1.12439971	298.35922	298.321326	298.285938	298.35922	0.0732817757	0.00577869701	0	0	0	0	3
215	596	221.439106	1.12965391	298.359892	298.322107	298.28676	298.359892	0.0731318898	0.00577869701	0	0	0	0	3
216	598	222.073834	1.13490812	298.360567	298.322875	298.287574	298.360567	0.0729928863	0.00577869701	0	0	0	0	3
217	601	222.725681	1.14016232	298.361247	298.323652	298.288381	298.361247	0.0728662061	0.00577869701	0	0	0	0	3
218	603	223.358369	1.14541652	298.361925	298.324417	298.28919	298.361925	0.0727341488	0.00577869701	0	0	0	0	3
219	606	224.007905	1.15067073	298.362601	298.325191	298.289999	298.362601	0.0726015134	0.00577869701	0	0	0	0	3
220	608	224.638372	1.15592493	298.363273	298.325955	298.2908	298.363273	0.0724731145	0.00577869701	0	0	0	0	3
221	611	225.285751	1.16117914	298.363923	298.326728	298.291594	298.363923	0.0723289584	0.00577869701	0	0	0	0	3
222	613	225.913901	1.16643334	298.364578	298.327489	298.292385	298.364578	0.072193497	0.00577869701	0	0	0	0	3
223	616	226.559322	1.17168755	298.365225	298.32826	298.293174	298.365225	0.0720514698	0.00577869701	0	0	0	0	3
224	618	227.185205	1.17694175	298.365885	298.329018	298.293953	298.365885	0.0719319228	0.00577869701	0	0	0	0	3
225	620	227.828458	1.18219595	298.366532	298.329785	298.294729	298.366532	0.0718029606	0.00577869701	0	0	0	0	3
226	623	228.452279	1.18745016	298.36718	298.330541	298.295501	298.36718	0.0716792696	0.00577869701	0	0	0	0	3
227	625	229.093319	1.19270436	298.367824	298.331305	298.296272	298.367824	0.071552086	0.00577869701	0	0	0	0	3
228	628	229.715262	1.19795857	298.368469	298.332057	298.297027	298.368469	0.0714424737	0.00577869701	0	0	0	0	3
229	630	230.353941	1.20321277	298.369105	298.332824	298.297772	298.369105	0.071332378	0.00577869701	0	0	0	0	3
230	632	230.973836	1.20846697	298.369746	298.333575	298.29853	298.369746	0.0712159873	0.00577869701	0	0	0	0	3
231	635	231.610483	1.21372118	298.370385	298.334339	298.299287	298.370385	0.0710982757	0.00577869701	0	0	0	0	3
232	637	232.228511	1.21897538	298.371025	298.335085	298.300032	298.371025	0.0709931997	0.00577869701	0	0	0	0	3
233	640	232.863238	1.22422959	298.37167	298.335849	298.300777	298.37167	0.0708928335	0.00577869701	0	0	0	0	3
234	642	233.479548	1.22948379	298.372314	298.336597	298.301523	298.372314	0.070791581	0.00577869701	0	0	0	0	3
235	645	234.112221	1.234738	298.372929	298.337358	298.302245	298.372929	0.0706840366	0.00577869701	0	0	0	0	3
236	647	234.726528	1.2399922	298.373558	298.3381	298.302964	298.373558	0.0705940633	0.00577869701	0	0	0	0	3
237	649	235.357203	1.2452464	298.374186	298.33886	298.303675	298.374186	0.0705110605	0.00577869701	0	0	0	0	3
238	652	235.969665	1.25050061	298.374803	298.339601	298.304391	298.374803	0.0704126566	0.00577869701	0	0	0	0	3
239	654	236.598192	1.25575481	298.375425	298.340359	298.305097	298.375425	0.0703273167	0.00577869701	0	0	0	0	3
240	657	237.208788	1.26100902	298.376051	298.341098	298.305807	298.376051	0.070243817	0.00577869701	0	0	0	0	3
241	659	237.835358	1.26626322	298.376655	298.341855	298.306506	298.376655	0.0701489335	0.00577869701	0	0	0	0	3
242	661	238.444025	1.27151743	298.377276	298.342592	298.307205	298.377276	0.0700711998	0.00577869701	0	0	0	0	3
243	664	239.068774	1.27677163	298.377883	298.343347	298.307886	298.377883	0.0699972821	0.00577869701	0	0	0	0	3
244	666	239.675689	1.28202583	298.378505	298.344083	298.308563	298.378505	0.0699419923	0.00577869701	0	0	0	0	3
245	669	240.298631	1.28728004	298.379085	298.344837	298.30923	298.379085	0.0698548882	0.00577869701	0	0	0	0	3
246	671	240.903761	1.29253424	298.379653	298.345571	298.309903	298.379653	0.069749582	0.00577869701	0	0	0	0	3
247	674	241.524949	1.29778845	298.380208	298.346324	298.310575	298.380208	0.0696336379	0.00577869701	0	0	0	0	3
248	676	242.128416	1.30304265	298.380734	298.347056	298.311246	298.380734	0.0694884	0.00577869701	0	0	0	0	3
249	679	242.748015	1.30829686	298.381217	298.347805	298.311912	298.381217	0.0693050482	0.00577869701	0	0	0	0	3
250	681	243.349732	1.31355106	298.381683	298.348534	298.312587	298.381683	0.069095447	0.00577869701	0	0	0	0	3
251	684	243.967796	1.31880526	298.382125	298.34928	298.31329	298.382125	0.0688350861	0.00577869701	0	0	0	0	3
252	686	244.567764	1.32405947	298.382541	298.350004	298.314012	298.382541	0.068529764	0.00577869701	0	0	0	0	3
253	689	245.184859	1.32931367	298.382941	298.350745	298.314762	298.382941	0.0681790723	0.00577869701	0	0	0	0	3
254	691	245.783159	1.33456788	298.383331	298.351463	298.315543	298.383331	0.0677875545	0.00577869701	0	0	0	0	3
255	694	246.399695	1.33982208	298.383703	298.352198	298.316351	298.383703	0.067352324	0.00577869701	0	0	0	0	3
256	696	246.9964	1.34507629	298.38406	298.352908	298.317184	298.38406	0.0668760855	0.00577869701	0	0	0	0	3
257	699	247.612088	1.35033049	298.384409	298.353633	298.318029	298.384409	0.0663795386	0.00577869701	0	0	0	0	3
258	701	248.207087	1.35558469	298.38476	298.354333	298.318895	298.38476	0.0658651727	0.00577869701	0	0	0	0	3
259	704	248.821689	1.3608389	298.385086	298.355048	298.319767	298.385086	0.065319435	0.00577869701	0	0	0	0	3
260	706	249.41572	1.3660931	298.385428	298.355737	298.320661	298.385428	0.0647671415	0.00577869701	0	0	0	0	3
261	709	250.029162	1.37134731	298.385747	298.356441	298.32156	298.385747	0.0641872847	0.00577869701	0	0	0	0	3
262	711	250.621859	1.37660151	298.386086	298.357119	298.322463	298.386086	0.0636236334	0.00577869701	0	0	0	0	3
263	714	251.234262	1.38185571	298.386407	298.357811	298.323363	298.386407	0.063044022	0.00577869701	0	0	0	0	3
264	716	251.828142	1.38710992	298.386758	298.358478	298.324265	298.386758	0.0624934889	0.00577869701	0	0	0	0	3
265	719	252.439574	1.39236412	298.387085	298.359158	298.325152	298.387085	0.0619331334	0.00577869701	0	0	0	0	3
266	721	253.033342	1.39761833	298.387434	298.359814	298.326046	298.387434	0.0613879588	0.00577869701	0	0	0	0	3
267	724	253.643952	1.40287253	298.387787	298.360483	298.326936	298.387787	0.0608513846	0.00577869701	0	0	0	0	3
268	726	254.235578	1.40812674	298.388159	298.361127	298.327827	298.388159	0.0603324584	0.00577869701	0	0	0	0	3
269	729	254.845577	1.41338094	298.388505	298.361785	298.328709	298.388505	0.0597960971	0.00577869701	0	0	0	0	3
270	731	255.435307	1.41863514	298.388862	298.362418	298.329584	298.388862	0.0592783663	0.00577869701	0	0	0	0	3
271	734	256.044616	1.42388935	298.38919	298.363064	298.330453	298.38919	0.0587367263	0.00577869701	0	0	0	0	3
272	736	256.63481	1.42914355	298.389556	298.363687	298.33132	298.389556	0.0582367432	0.00577869701	0	0	0	0	3
273	739	257.24339	1.43439776	298.389926	298.364322	298.332166	298.389926	0.0577600623	0.00577869701	0	0	0	0	3
274	741	257.833535	1.43965196	298.390315	298.364935	298.333004	298.390315	0.0573111524	0.00577869701	0	0	0	0	3
275	744	258.441225	1.44490617	298.39068	298.36556	298.333834	298.39068	0.0568467821	0.00577869701	0	0	0	0	3
276	746	259.030098	1.45016037	298.391056	298.366162	298.334662	298.391056	0.0563943785	0.00577869701	0	0	0	0	3
277	748	259.636298	1.45541457	298.391426	298.366777	298.335498	298.391426	0.0559281102	0.00577869701	0	0	0	0	3
278	751	260.222841	1.46066878	298.391789	298.367369	298.336312	298.391789	0.0554762291	0.00577869701	0	0	0	0	3
279	753	260.828128	1.46592298	298.392161	298.367974	298.337129	298.392161	0.0550323529	0.00577869701	0	0	0	0	3
280	756	261.414697	1.47117719	298.392554	298.368558	298.337931	298.392554	0.0546230777	0.00577869701	0	0	0	0	3
281	758	262.019333	1.47643139	298.392922	298.369153	298.338717	298.392922	0.0542046479	0.00577869701	0	0	0	0	3
282	761	262.605403	1.4816856	298.393301	298.369728	298.339499	298.393301	0.0538014783	0.00577869701	0	0	0	0	3
283	763	263.208977	1.4869398	298.393673	298.370315	298.340289	298.393673	0.0533842217	0.00577869701	0	0	0	0	3
284	765	263.795253	1.492194	298.394058	298.370881	298.341075	298.394058	0.0529827203	0.00577869701	0	0	0	0	3
285	768	264.39756	1.49744821	298.394433	298.371458	298.341855	298.394433	0.0525779439	0.00577869701	0	0	0	0	3
286	770	264.98103	1.50270241	298.394809	298.372015	298.342625	298.394809	0.052184629	0.00577869701	0	0	0	0	3
287	773	265.582259	1.50795662	298.395172	298.372583	298.34339	298.395172	0.051782561	0.00577869701	0	0	0	0	3
288	775	266.163879	1.51321082	298.395556	298.373131	298.344156	298.395556	0.0514003233	0.00577869701	0	0	0	0	3
289	777	266.764428	1.51846502	298.395908	298.373691	298.344913	298.395908	0.0509953702	0.00577869701	0	0	0	0	3
290	780	267.346126	1.52371923	298.396297	298.37423	298.345668	298.396297	0.0506283128	0.00577869701	0	0	0	0	3
291	782	267.945797	1.52897343	298.39666	298.374781	298.346406	298.39666	0.0502539263	0.00577869701	0	0	0	0	3
292	785	268.527045	1.53422764	298.397023	298.375313	298.347149	298.397023	0.0498745366	0.00577869701	0	0	0	0	3
293	787	269.125456	1.53948184	298.39741	298.375856	298.347885	298.39741	0.0495256328	0.00577869701	0	0	0	0	3
294	790	269.70695	1.54473605	298.397796	298.37638	298.348625	298.397796	0.0491710514	0.00577869701	0	0	0	0	3
295	792	270.304368	1.54999025	298.39817	298.376915	298.349363	298.39817	0.0488070273	0.00577869701	0	0	0	0	3
296	794	270.883235	1.55524445	298.398537	298.37743	298.350089	298.398537	0.0484476017	0.00577869701	0	0	0	0	3
297	797	271.479687	1.56049866	298.398892	298.377957	298.350813	298.398892	0.048078089	0.00577869701	0	0	0	0	3
298	800	272.058616	1.56575286	298.399257	298.378465	298.351533	298.399257	0.0477233983	0.00577869701	0	0	0	0	3
299	802	272.654112	1.57100707	298.399641	298.378984	298.352258	298.399641	0.0473827504	0.00577869701	0	0	0	0	3
300	804	273.231767	1.57626127	298.399993	298.379484	298.352966	298.399993	0.0470264055	0.00577869701	0	0	0	0	3
301	808	273.826268	1.58151548	298.400368	298.379995	298.353667	298.400368	0.0467011608	0.00577869701	0	0	0	0	3
302	810	274.403918	1.58676968	298.400731	298.380488	298.354371	298.400731	0.0463597183	0.00577869701	0	0	0	0	3
303	812	274.997369	1.59202388	298.401124	298.380992	298.355075	298.401124	0.046048621	0.00577869701	0	0	0	0	3
304	815	275.572247	1.59727809	298.401502	298.381478	298.355769	298.401502	0.0457326994	0.00577869701	0	0	0	0	3
305	817	276.165263	1.60253229	298.401883	298.381974	298.356463	298.401883	0.0454205198	0.00577869701	0	0	0	0	3
306	820	276.740921	1.6077865	298.402252	298.382453	298.357155	298.402252	0.0450969498	0.00577869701	0	0	0	0	3
307	822	277.333104	1.6130407	298.402623	298.382943	298.35785	298.402623	0.04477348	0.00577869701	0	0	0	0	3
308	824	277.907029	1.61829491	298.402969	298.383414	298.358537	298.402969	0.0444322884	0.00577869701	0	0	0	0	3
309	827	278.498155	1.62354911	298.403337	298.383896	298.35922	298.403337	0.0441170101	0.00577869701	0	0	0	0	3
310	829	279.072202	1.62880331	298.403716	298.384361	298.359892	298.403716	0.0438244582	0.00577869701	0	0	0	0	3
311	832	279.66218	1.63405752	298.404081	298.384836	298.360567	298.404081	0.0435141182	0.00577869701	0	0	0	0	3
312	834	280.233785	1.63931172	298.404455	298.385293	298.361247	298.404455	0.0432081017	0.00577869701	0	0	0	0	3
313	837	280.822933	1.64456593	298.404803	298.385761	298.361925	298.404803	0.0428787954	0.00577869701	0	0	0	0	3
314	839	281.395206	1.64982013	298.405167	298.386212	298.362601	298.405167	0.0425667238	0.00577869701	0	0	0	0	3
315	841	281.983653	1.65507434	298.405527	298.386673	298.363273	298.405527	0.0422538202	0.00577869701	0	0	0	0	3
316	844	282.555151	1.66032854	298.40589	298.387117	298.363923	298.40589	0.0419666847	0.00577869701	0	0	0	0	3
317	847	283.142924	1.66558274	298.406272	298.387571	298.364578	298.406272	0.041693403	0.00577869701	0	0	0	0	3
318	851	283.713708	1.67083695	298.406622	298.388009	298.365225	298.406622	0.0413965172	0.00577869701	0	0	0	0	3
319	855	284.300545	1.67609115	298.40699	298.388457	298.365885	298.40699	0.0411049484	0.00577869701	0	0	0	0	3
320	858	284.868435	1.68134536	298.407334	298.388888	298.366532	298.407334	0.0408015108	0.00577869701	0	0	0	0	3
321	860	285.45431	1.68659956	298.407664	298.389328	298.36718	298.407664	0.0404844906	0.00577869701	0	0	0	0	3
322	863	286.023159	1.69185376	298.408042	298.389753	298.367824	298.408042	0.0402183786	0.00577869701	0	0	0	0	3
323	865	286.608424	1.69710797	298.40842	298.390187	298.368469	298.40842	0.0399510053	0.00577869701	0	0	0	0	3
324	868	287.176652	1.70236217	298.408775	298.390606	298.369105	298.408775	0.0396705493	0.00577869701	0	0	0	0	3
325	870	287.761304	1.70761638	298.409134	298.391034	298.369746	298.409134	0.0393872813	0.00577869701	0	0	0	0	3
326	872	288.328513	1.71287058	298.409478	298.391447	298.370385	298.409478	0.039092891	0.00577869701	0	0	0	0	3
327	875	288.912405	1.71812479	298.409847	298.391868	298.371025	298.409847	0.0388214136	0.00577869701	0	0	0	0	3
328	877	289.47708	1.72337899	298.410211	298.392274	298.37167	298.410211	0.0385410704	0.00577869701	0	0	0	0	3
329	880	290.060399	1.72863319	298.410546	298.392689	298.372314	298.410546	0.0382318123	0.00577869701	0	0	0	0	3
330	882	290.625968	1.7338874	298.4109	298.393089	298.372929	298.4109	0.0379703474	0.00577869701	0	0	0	0	3
331	884	291.208334	1.7391416	298.41124	298.393498	298.373558	298.41124	0.0376821599	0.00577869701	0	0	0	0	3
332	887	291.772902	1.74439581	298.411585	298.393891	298.374186	298.411585	0.0373989028	0.00577869701	0	0	0	0	3
333	889	292.354136	1.74965001	298.411916	298.394293	298.374803	298.411916	0.0371130497	0.00577869701	0	0	0	0	3
334	892	292.918126	1.75490422	298.412286	298.394681	298.375425	298.412286	0.0368611861	0.00577869701	0	0	0	0	3
335	894	293.498571	1.76015842	298.41263	298.395077	298.376051	298.41263	0.0365786922	0.00577869701	0	0	0	0	3
336	896	294.061683	1.76541262	298.412985	298.395458	298.376655	298.412985	0.0363295292	0.00577869701	0	0	0	0	3
337	899	294.641015	1.77066683	298.413318	298.395848	298.377276	298.413318	0.0360421884	0.00577869701	0	0	0	0	3
338	901	295.203062	1.77592103	298.413677	298.396224	298.377883	298.413677	0.035793692	0.00577869701	0	0	0	0	3
339	903	295.781525	1.78117524	298.414014	298.396607	298.378505	298.414014	0.0355091976	0.00577869701	0	0	0	0	3
340	906	296.342865	1.78642944	298.414354	298.396977	298.379085	298.414354	0.0352690774	0.00577869701	0	0	0	0	3
341	908	296.92058	1.79168365	298.414666	298.397354	298.379653	298.414666	0.0350138877	0.00577869701	0	0	0	0	3
342	910	297.481028	1.79693785	298.415004	298.397718	298.380208	298.415004	0.0347956004	0.00577869701	0	0	0	0	3
343	913	298.057665	1.80219205	298.415331	298.39809	298.380734	298.415331	0.03459706	0.00577869701	0	0	0	0	3
344	915	298.617143	1.80744626	298.415669	298.39845	298.381217	298.415669	0.034451634	0.00577869701	0	0	0	0	3
345	918	299.194285	1.81270046	298.416022	298.398819	298.381683	298.416022	0.0343394165	0.00577869701	0	0	0	0	3
346	920	299.751495	1.81795467	298.416397	298.399175	298.382125	298.416397	0.034272178	0.00577869701	0	0	0	0	3
347	923	300.327288	1.82320887	298.416732	298.399542	298.382541	298.416732	0.0341903678	0.00577869701	0	0	0	0	3
348	925	300.885475	1.82846307	298.417051	298.399896	298.382941	298.417051	0.0341095745	0.00577869701	0	0	0	0	3
349	928	301.460325	1.83371728	298.417339	298.40026	298.383331	298.417339	0.0340079901	0.00577869701	0	0	0	0	3
350	930	302.017737	1.83897148	298.417587	298.400612	298.383703	298.417587	0.0338837333	0.00577869701	0	0	0	0	3
351	933	302.591764	1.84422569	298.417822	298.400974	298.38406	298.417822	0.0337615706	0.00577869701	0	0	0	0	3
352	935	303.148727	1.84947989	298.418049	298.401323	298.384409	298.418049	0.0336400314	0.00577869701	0	0	0	0	3
353	938	303.721981	1.8547341	298.418224	298.401681	298.38476	298.418224	0.0334640097	0.00577869701	0	0	0	0	3
354	940	304.277983	1.8599883	298.418409	298.402026	298.385086	298.418409	0.0333231247	0.00577869701	0	0	0	0	3
355	943	304.85021	1.8652425	298.418581	298.402381	298.385428	298.418581	0.0331526963	0.00577869701	0	0	0	0	3
356	945	305.40537	1.87049671	298.418754	298.402723	298.385747	298.418754	0.0330069655	0.00577869701	0	0	0	0	3
357	948	305.976981	1.87575091	298.418895	298.403075	298.386086	298.418895	0.0328089348	0.00577869701	0	0	0	0	3
358	950	306.531555	1.88100512	298.419018	298.403413	298.386407	298.419018	0.032611184	0.00577869701	0	0	0	0	3
359	953	307.102389	1.88625932	298.419128	298.40376	298.386758	298.419128	0.0323703472	0.00577869701	0	0	0	0	3
360	955	307.656073	1.89151353	298.419267	298.404095	298.387085	298.419267	0.0321817519	0.00577869701	0	0	0	0	3
361	958	308.226113	1.89676773	298.419375	298.404437	298.387434	298.419375	0.0319403285	0.00577869701	0	0	0	0	3
362	960	308.779346	1.90202193	298.419472	298.404768	298.387787	298.419472	0.0316848719	0.00577869701	0	0	0	0	3
363	963	309.349214	1.90727614	298.419566	298.405105	298.388159	298.419566	0.0314072594	0.00577869701	0	0	0	0	3
364	965	309.902291	1.91253034	298.419707	298.40543	298.388505	298.419707	0.0312024736	0.00577869701	0	0	0	0	3
365	968	310.471763	1.91778455	298.419822	298.405763	298.388862	298.419822	0.0309592224	0.00577869701	0	0	0	0	3
366	970	311.024078	1.92303875	298.419928	298.406083	298.38919	298.419928	0.0307385949	0.00577869701	0	0	0	0	3
367	972	311.592654	1.92829296	298.420031	298.406411	298.389556	298.420031	0.0304744741	0.00577869701	0	0	0	0	3
368	975	312.144263	1.93354716	298.420163	298.406727	298.389926	298.420163	0.0302375259	0.00577869701	0	0	0	0	3
369	978	312.712461	1.93880136	298.420271	298.40705	298.390315	298.420271	0.0299565468	0.00577869701	0	0	0	0	3
370	981	313.26391	1.94405557	298.420395	298.407361	298.39068	298.420395	0.0297147382	0.00577869701	0	0	0	0	3
371	983	313.831916	1.94930977	298.420524	298.407679	298.391056	298.420524	0.0294681829	0.00577869701	0	0	0	0	3
372	985	314.3829	1.95456398	298.420671	298.407985	298.391426	298.420671	0.0292450279	0.00577869701	0	0	0	0	3
373	988	314.950246	1.95981818	298.420763	298.408298	298.391789	298.420763	0.0289747528	0.00577869701	0	0	0	0	3
374	990	315.500549	1.96507239	298.420887	298.408598	298.392161	298.420887	0.0287258846	0.00577869701	0	0	0	0	3
375	993	316.067347	1.97032659	298.42103	298.408906	298.392554	298.42103	0.0284761605	0.00577869701	0	0	0	0	3
376	995	316.617253	1.97558079	298.421185	298.409202	298.392922	298.421185	0.0282632247	0.00577869701	0	0	0	0	3
377	998	317.183679	1.980835	298.421302	298.409505	298.393301	298.421302	0.028001088	0.00577869701	0	0	0	0	3
378	1000	317.733092	1.9860892	298.42145	298.409796	298.393673	298.42145	0.0277764608	0.00577869701	0	0	0	0	3
379	1002	318.298958	1.99134341	298.421607	298.410094	298.394058	298.421607	0.0275492208	0.00577869701	0	0	0	0	3
380	1005	318.847874	1.99659761	298.421766	298.410381	298.394433	298.421766	0.0273333611	0.00577869701	0	0	0	0	3
381	1007	319.413385	2.00185181	298.421905	298.410674	298.394809	298.421905	0.0270954255	0.00577869701	0	0	0	0	3
382	1009	319.962064	2.00710602	298.422064	298.410956	298.395172	298.422064	0.0268919819	0.00577869701	0	0	0	0	3
383	1012	320.527309	2.01236022	298.422232	298.411245	298.395556	298.422232	0.0266759671	0.00577869701	0	0	0	0	3
384	1014	321.075651	2.01761443	298.422412	298.411523	298.395908	298.422412	0.026503368	0.00577869701	0	0	0	0	3
385	1017	321.640539	2.02286863	298.422543	298.411807	298.396297	298.422543	0.026246738	0.00577869701	0	0	0	0	3
386	1019	322.188637	2.02812284	298.422671	298.41208	298.39666	298.422671	0.0260106289	0.00577869701	0	0	0	0	3
387	1021	322.753339	2.03337704	298.422821	298.41236	298.397023	298.422821	0.0257970531	0.00577869701	0	0	0	0	3
388	1024	323.301187	2.03863124	298.423004	298.412629	298.39741	298.423004	0.0255939143	0.00577869701	0	0	0	0	3
389	1026	323.865446	2.04388545	298.423158	298.412904	298.397796	298.423158	0.0253613341	0.00577869701	0	0	0	0	3
390	1028	324.412621	2.04913965	298.423314	298.413168	298.39817	298.423314	0.0251439058	0.00577869701	0	0	0	0	3
391	1031	324.976183	2.05439386	298.423458	298.413438	298.398537	298.423458	0.0249216148	0.00577869701	0	0	0	0	3
392	1033	325.522837	2.05964806	298.423638	298.413698	298.398892	298.423638	0.0247466219	0.00577869701	0	0	0	0	3
393	1035	326.086185	2.06490227	298.423781	298.413964	298.399257	298.423781	0.024524119	0.00577869701	0	0	0	0	3
394	1038	326.632823	2.07015647	298.423945	298.41422	298.399641	298.423945	0.0243040242	0.00577869701	0	0	0	0	3
395	1040	327.19596	2.07541067	298.424112	298.414481	298.399993	298.424112	0.0241190471	0.00577869701	0	0	0	0	3
396	1042	327.742325	2.08066488	298.424322	298.414733	298.400368	298.424322	0.0239534649	0.00577869701	0	0	0	0	3
397	1045	328.304155	2.08591908	298.424477	298.414991	298.400731	298.424477	0.0237465714	0.00577869701	0	0	0	0	3
398	1047	328.847924	2.09117329	298.424657	298.415239	298.401124	298.424657	0.0235329456	0.00577869701	0	0	0	0	3
399	1049	329.408894	2.09642749	298.424827	298.415491	298.401502	298.424827	0.0233250718	0.00577869701	0	0	0	0	3
400	1052	329.952171	2.1016817	298.425025	298.415734	298.401883	298.425025	0.0231418236	0.00577869701	0	0	0	0	3
401	1055	330.512675	2.1069359	298.425168	298.415983	298.402252	298.425168	0.0229166808	0.00577869701	0	0	0	0	3
402	1058	331.057441	2.1121901	298.425337	298.416222	298.402623	298.425337	0.0227141673	0.00577869701	0	0	0	0	3
403	1060	331.61732	2.11744431	298.425524	298.416467	298.402969	298.425524	0.0225543957	0.00577869701	0	0	0	0	3
404	1062	332.161801	2.12269851	298.425704	298.416702	298.403337	298.425704	0.0223671066	0.00577869701	0	0	0	0	3
405	1065	332.720881	2.12795272	298.425862	298.416942	298.403716	298.425862	0.022145582	0.00577869701	0	0	0	0	3
406	1067	333.262984	2.13320692	298.426042	298.417173	298.404081	298.426042	0.0219602274	0.00577869701	0	0	0	0	3
407	1070	333.821712	2.13846112	298.426207	298.417409	298.404455	298.426207	0.0217523756	0.00577869701	0	0	0	0	3
408	1072	334.36275	2.14371533	298.426403	298.417636	298.404803	298.426403	0.0215997304	0.00577869701	0	0	0	0	3
409	1074	334.921078	2.14896953	298.426556	298.417868	298.405167	298.426556	0.0213883308	0.00577869701	0	0	0	0	3
410	1077	335.462474	2.15422374	298.426739	298.418091	298.405527	298.426739	0.0212119402	0.00577869701	0	0	0	0	3
411	1079	336.020202	2.15947794	298.426897	298.418319	298.40589	298.426897	0.0210074286	0.00577869701	0	0	0	0	3
412	1081	336.562652	2.16473215	298.427087	298.418538	298.406272	298.427087	0.0208153364	0.00577869701	0	0	0	0	3
413	1084	337.119663	2.16998635	298.427242	298.418762	298.406622	298.427242	0.0206204692	0.00577869701	0	0	0	0	3
414	1086	337.659578	2.17524055	298.427442	298.418977	298.40699	298.427442	0.0204520074	0.00577869701	0	0	0	0	3
415	1088	338.216552	2.18049476	298.427596	298.419196	298.407334	298.427596	0.0202622153	0.00577869701	0	0	0	0	3
416	1091	338.75599	2.18574896	298.427793	298.419407	298.407664	298.427793	0.0201281523	0.00577869701	0	0	0	0	3
417	1093	339.312621	2.19100317	298.427943	298.419623	298.408042	298.427943	0.0199008228	0.00577869701	0	0	0	0	3
418	1095	339.85252	2.19625737	298.428138	298.419831	298.40842	298.428138	0.0197179065	0.00577869701	0	0	0	0	3
419	1098	340.40888	2.20151158	298.428284	298.420043	298.408775	298.428284	0.0195090455	0.00577869701	0	0	0	0	3
420	1100	340.949576	2.20676578	298.42847	298.420247	298.409134	298.42847	0.0193365084	0.00577869701	0	0	0	0	3
421	1102	341.505336	2.21201998	298.428651	298.420454	298.409478	298.428651	0.019172979	0.00577869701	0	0	0	0	3
422	1105	342.043648	2.21727419	298.428825	298.420654	298.409847	298.428825	0.0189779126	0.00577869701	0	0	0	0	3
423	1107	342.599169	2.22252839	298.428984	298.420858	298.410211	298.428984	0.0187727842	0.00577869701	0	0	0	0	3
424	1109	343.13728	2.2277826	298.429176	298.421053	298.410546	298.429176	0.0186298467	0.00577869701	0	0	0	0	3
425	1112	343.692422	2.2330368	298.429324	298.421253	298.4109	298.429324	0.0184239985	0.00577869701	0	0	0	0	3
426	1114	344.230839	2.23829101	298.429494	298.421445	298.41124	298.429494	0.0182532927	0.00577869701	0	0	0	0	3
427	1117	344.785697	2.24354521	298.429657	298.421641	298.411585	298.429657	0.018071437	0.00577869701	0	0	0	0	3
428	1119	345.324994	2.24879941	298.429841	298.42183	298.411916	298.429841	0.0179246764	0.00577869701	0	0	0	0	3
429	1121	345.879119	2.25405362	298.430015	298.422022	298.412286	298.430015	0.0177288372	0.00577869701	0	0	0	0	3
430	1124	346.416312	2.25930782	298.430195	298.422207	298.41263	298.430195	0.0175652191	0.00577869701	0	0	0	0	3
431	1126	346.970339	2.26456203	298.430351	298.422395	298.412985	298.430351	0.0173660599	0.00577869701	0	0	0	0	3
432	1128	347.506922	2.26981623	298.430535	298.422576	298.413318	298.430535	0.0172166286	0.00577869701	0	0	0	0	3
433	1131	348.060686	2.27507044	298.430706	298.422761	298.413677	298.430706	0.0170288665	0.00577869701	0	0	0	0	3
434	1133	348.597483	2.28032464	298.430882	298.422938	298.414014	298.430882	0.0168679782	0.00577869701	0	0	0	0	3
435	1135	349.150842	2.28557884	298.431026	298.423119	298.414354	298.431026	0.0166719598	0.00577869701	0	0	0	0	3
436	1138	349.688922	2.29083305	298.431216	298.423293	298.414666	298.431216	0.0165490687	0.00577869701	0	0	0	0	3
437	1140	350.241622	2.29608725	298.431366	298.42347	298.415004	298.431366	0.0163621181	0.00577869701	0	0	0	0	3
438	1142	350.777251	2.30134146	298.431535	298.42364	298.415331	298.431535	0.0162036614	0.00577869701	0	0	0	0	3
439	1145	351.330017	2.30659566	298.431658	298.423813	298.415669	298.431658	0.0159885454	0.00577869701	0	0	0	0	3
440	1147	351.865089	2.31184986	298.431834	298.423979	298.416022	298.431834	0.0158120864	0.00577869701	0	0	0	0	3
441	1149	352.417538	2.31710407	298.432005	298.424149	298.416397	298.432005	0.0156083176	0.00577869701	0	0	0	0	3
442	1152	352.953231	2.32235827	298.432194	298.424311	298.416732	298.432194	0.0154621423	0.00577869701	0	0	0	0	3
443	1154	353.505437	2.32761248	298.432347	298.424476	298.417051	298.432347	0.0152960046	0.00577869701	0	0	0	0	3
444	1156	354.042107	2.33286668	298.432544	298.424636	298.417339	298.432544	0.0152057742	0.00577869701	0	0	0	0	3
445	1159	354.593585	2.33812089	298.432714	298.424799	298.417587	298.432714	0.0151275956	0.00577869701	0	0	0	0	3
446	1161	355.127894	2.34337509	298.432884	298.424956	298.417822	298.432884	0.0150621145	0.00577869701	0	0	0	0	3
447	1163	355.679068	2.34862929	298.433046	298.425117	298.418049	298.433046	0.0149976353	0.00577869701	0	0	0	0	3
448	1166	356.213099	2.3538835	298.433238	298.425273	298.418224	298.433238	0.0150143478	0.00577869701	0	0	0	0	3
449	1168	356.764078	2.3591377	298.433376	298.425433	298.418409	298.433376	0.0149662433	0.00577869701	0	0	0	0	3
450	1170	357.298436	2.36439191	298.433539	298.425588	298.418581	298.433539	0.0149588291	0.00577869701	0	0	0	0	3
451	1173	357.849248	2.36964611	298.433701	298.425748	298.418754	298.433701	0.014947382	0.00577869701	0	0	0	0	3
452	1175	358.384453	2.37490032	298.433882	298.425904	298.418895	298.433882	0.0149870374	0.00577869701	0	0	0	0	3
453	1177	358.934618	2.38015452	298.434072	298.426064	298.419018	298.434072	0.0150534597	0.00577869701	0	0	0	0	3
454	1180	359.4676	2.38540872	298.434262	298.426221	298.419128	298.434262	0.0151332684	0.00577869701	0	0	0	0	3
455	1182	360.01773	2.39066293	298.434403	298.426382	298.419267	298.434403	0.0151356936	0.00577869701	0	0	0	0	3
456	1185	360.552463	2.39591713	298.434533	298.426539	298.419375	298.434533	0.0151585055	0.00577869701	0	0	0	0	3
457	1187	361.102012	2.40117134	298.434653	298.426701	298.419472	298.434653	0.015181302	0.00577869701	0	0	0	0	3
458	1190	361.636358	2.40642554	298.434766	298.426858	298.419566	298.434766	0.0151997135	0.00577869701	0	0	0	0	3
459	1192	362.185433	2.41167975	298.434829	298.427019	298.419707	298.434829	0.0151216367	0.00577869701	0	0	0	0	3
460	1194	362.719747	2.41693395	298.434893	298.427176	298.419822	298.434893	0.0150716317	0.00577869701	0	0	0	0	3
461	1197	363.268301	2.42218815	298.434929	298.427335	298.419928	298.434929	0.0150002225	0.00577869701	0	0	0	0	3
462	1199	363.800081	2.42744236	298.434969	298.42749	298.420031	298.434969	0.0149381572	0.00577869701	0	0	0	0	3
463	1202	364.348979	2.43269656	298.434937	298.427648	298.420163	298.434969	0.0148057048	0.00577869701	0	0	0	0	3
464	1204	364.882464	2.43795077	298.434938	298.4278	298.420271	298.434969	0.0146976831	0.00577869701	0	0	0	0	3
465	1207	365.43073	2.44320497	298.434894	298.427955	298.420395	298.434969	0.0145739365	0.00577869701	0	0	0	0	3
466	1209	365.964172	2.44845918	298.434868	298.428104	298.420524	298.434969	0.0144448155	0.00577869701	0	0	0	0	3
467	1212	366.512187	2.45371338	298.434788	298.428255	298.420671	298.434969	0.0142979652	0.00577869701	0	0	0	0	3
468	1214	367.045234	2.45896758	298.434754	298.4284	298.420763	298.434969	0.0142056625	0.00577869701	0	0	0	0	3
469	1217	367.593029	2.46422179	298.434729	298.428548	298.420887	298.434969	0.0140822431	0.00577869701	0	0	0	0	3
470	1219	368.125837	2.46947599	298.434689	298.428691	298.42103	298.434969	0.0139392076	0.00577869701	0	0	0	0	3
471	1222	368.673328	2.4747302	298.434617	298.428835	298.421185	298.434969	0.0137838165	0.00577869701	0	0	0	0	3
472	1224	369.206057	2.4799844	298.434577	298.428973	298.421302	298.434969	0.0136670392	0.00577869701	0	0	0	0	3
473	1227	369.753514	2.4852386	298.434545	298.429114	298.42145	298.434969	0.0135191003	0.00577869701	0	0	0	0	3
474	1229	370.2859	2.49049281	298.43452	298.429249	298.421607	298.434969	0.0133623192	0.00577869701	0	0	0	0	3
475	1231	370.833349	2.49574701	298.434443	298.429385	298.421766	298.434969	0.01320299	0.00577869701	0	0	0	0	3
476	1234	371.365543	2.50100122	298.43439	298.429515	298.421905	298.434969	0.0130641678	0.00577869701	0	0	0	0	3
477	1236	371.912767	2.50625542	298.434335	298.429648	298.422064	298.434969	0.0129048454	0.00577869701	0	0	0	0	3
478	1239	372.444999	2.51150963	298.434296	298.429774	298.422232	298.434969	0.0127370373	0.00577869701	0	0	0	0	3
479	1241	372.992047	2.51676383	298.434233	298.429902	298.422412	298.434969	0.0125573671	0.00577869701	0	0	0	0	3
480	1244	373.524111	2.52201803	298.434196	298.430024	298.422543	298.434969	0.012425559	0.00577869701	0	0	0	0	3
481	1246	374.071133	2.52727224	298.434175	298.430148	298.422671	298.434969	0.012298261	0.00577869701	0	0	0	0	3
482	1249	374.603183	2.53252644	298.434162	298.430266	298.422821	298.434969	0.0121485128	0.00577869701	0	0	0	0	3
483	1251	375.150194	2.53778065	298.434113	298.430387	298.423004	298.434969	0.011964727	0.00577869701	0	0	0	0	3
484	1253	375.682193	2.54303485	298.434096	298.430502	298.423158	298.434969	0.0118114392	0.00577869701	0	0	0	0	3
485	1256	376.229021	2.54828906	298.434082	298.430618	298.423314	298.434969	0.0116549959	0.00577869701	0	0	0	0	3
486	1258	376.76078	2.55354326	298.434071	298.43073	298.423458	298.434969	0.0115107248	0.00577869701	0	0	0	0	3
487	1261	377.307699	2.55879746	298.43406	298.430843	298.423638	298.434969	0.0113308972	0.00577869701	0	0	0	0	3
488	1263	377.839414	2.56405167	298.434063	298.430951	298.423781	298.434969	0.0111882401	0.00577869701	0	0	0	0	3
489	1265	378.386174	2.56930587	298.434057	298.431061	298.423945	298.434969	0.0110242536	0.00577869701	0	0	0	0	3
490	1268	378.917952	2.57456008	298.43404	298.431165	298.424112	298.434969	0.0108573775	0.00577869701	0	0	0	0	3
491	1270	379.464608	2.57981428	298.434036	298.431271	298.424322	298.434969	0.0106471825	0.00577869701	0	0	0	0	3
492	1272	379.996121	2.58506849	298.434046	298.431372	298.424477	298.434969	0.0104918289	0.00577869701	0	0	0	0	3
493	1275	380.542904	2.59032269	298.434044	298.431474	298.424657	298.434969	0.0103120428	0.00577869701	0	0	0	0	3
494	1277	381.074442	2.59557689	298.434047	298.431571	298.424827	298.434969	0.0101423209	0.00577869701	0	0	0	0	3
495	1279	381.621024	2.6008311	298.434026	298.43167	298.425025	298.434969	0.00994373239	0.00577869701	0	0	0	0	3
496	1282	382.152744	2.6060853	298.434047	298.431763	298.425168	298.434969	0.00980057225	0.00577869701	0	0	0	0	3
497	1284	382.699284	2.61133951	298.434067	298.431858	298.425337	298.434969	0.00963184962	0.00577869701	0	0	0	0	3
498	1286	383.230704	2.61659371	298.434081	298.431949	298.425524	298.434969	0.00944540569	0.00577869701	0	0	0	0	3
499	1289	383.777335	2.62184791	298.434064	298.43204	298.425704	298.434969	0.00926541054	0.00577869701	0	0	0	0	3
500	1291	384.308743	2.62710212	298.434075	298.432127	298.425862	298.434969	0.00910702562	0.00577869701	0	0	0	0	3
501	1294	384.855212	2.63235632	298.434072	298.432214	298.426042	298.434969	0.00892738265	0.00577869701	0	0	0	0	3
502	1297	385.386846	2.63761053	298.434112	298.432298	298.426207	298.434969	0.00876175122	0.00577869701	0	0	0	0	3
503	1299	385.933504	2.64286473	298.434118	298.432382	298.426403	298.434969	0.0085659597	0.00577869701	0	0	0	0	3
504	1301	386.464799	2.64811894	298.434136	298.432462	298.426556	298.434969	0.00841326213	0.00577869701	0	0	0	0	3
505	1304	387.011463	2.65337314	298.434146	298.432543	298.426739	298.434969	0.00823044203	0.00577869701	0	0	0	0	3
506	1306	387.542766	2.65862734	298.434167	298.43262	298.426897	298.434969	0.00807177338	0.00577869701	0	0	0	0	3
507	1308	388.089211	2.66388155	298.434179	298.432698	298.427087	298.434969	0.00788184954	0.00577869701	0	0	0	0	3
508	1310	388.620592	2.66913575	298.434202	298.432772	298.427242	298.434969	0.00772671273	0.00577869701	0	0	0	0	3
509	1313	389.166984	2.67438996	298.434194	298.432846	298.427442	298.434969	0.00752733574	0.00577869701	0	0	0	0	3
510	1315	389.697999	2.67964416	298.434244	298.432916	298.427596	298.434969	0.00737310751	0.00577869701	0	0	0	0	3
511	1318	390.244287	2.68489837	298.434249	298.432987	298.427793	298.434969	0.00717652143	0.00577869701	0	0	0	0	3
512	1320	390.775418	2.69015257	298.434282	298.433054	298.427943	298.434969	0.00702616697	0.00577869701	0	0	0	0	3
513	1322	391.32169	2.69540677	298.434289	298.433122	298.428138	298.434969	0.00683089569	0.00577869701	0	0	0	0	3
514	1324	391.852824	2.70066098	298.434325	298.433186	298.428284	298.434969	0.00668488992	0.00577869701	0	0	0	0	3
515	1327	392.39915	2.70591518	298.434348	298.43325	298.42847	298.434969	0.00649881597	0.00577869701	0	0	0	0	3
516	1329	392.93001	2.71116939	298.434391	298.433312	298.428651	298.434969	0.00631804326	0.00577869701	0	0	0	0	3
517	1331	393.476329	2.71642359	298.434401	298.433373	298.428825	298.434969	0.00614446245	0.00577869701	0	0	0	0	3
518	1334	394.007406	2.7216778	298.434426	298.433431	298.428984	298.434969	0.00598549212	0.00577869701	0	0	0	0	3
519	1336	394.55359	2.726932	298.434425	298.433489	298.429176	298.434969	0.00579310111	0.00577869701	0	0	0	0	3
520	1338	395.084753	2.7321862	298.434462	298.433544	298.429324	298.434969	0.00564552393	0.00577869701	0	0	0	0	3
521	1341	395.630905	2.73744041	298.434471	298.433598	298.429494	298.434969	0.0054755047	0.00577869701	0	0	0	0	3
522	1343	396.161774	2.74269461	298.43452	298.43365	298.429657	298.434969	0.00531236477	0.00577869701	0	0	0	0	3
523	1345	396.708072	2.74794882	298.434536	298.433702	298.429841	298.434969	0.00512810937	0.00577869701	0	0	0	0	3
524	1348	397.239099	2.75320302	298.434563	298.433751	298.430015	298.434969	0.00495426785	0.00577869701	0	0	0	0	3
525	1350	397.78519	2.75845723	298.434576	298.4338	298.430195	298.434969	0.0047741481	0.00577869701	0	0	0	0	3
526	1352	398.316416	2.76371143	298.434628	298.433846	298.430351	298.434969	0.00461844549	0.00577869701	0	0	0	0	3
527	1354	398.862608	2.76896563	298.43465	298.433891	298.430535	298.434969	0.00443417339	0.00577869701	0	0	0	0	3
528	1357	399.393465	2.77421984	298.434675	298.433934	298.430706	298.434969	0.00426338816	0.00577869701	0	0	0	0	3
529	1359	399.939735	2.77947404	298.434692	298.433977	298.430882	298.434969	0.00408716366	0.00577869701	0	0	0	0	3
530	1361	400.470671	2.78472825	298.434742	298.434016	298.431026	298.434969	0.00394314042	0.00577869701	0	0	0	0	3
531	1364	401.016618	2.78998245	298.434762	298.434056	298.431216	298.434969	0.00375352683	0.00577869701	0	0	0	0	3
532	1366	401.547725	2.79523665	298.434803	298.434093	298.431366	298.434969	0.00360309007	0.00577869701	0	0	0	0	3
533	1368	402.093823	2.80049086	298.434813	298.43413	298.431535	298.434969	0.00343396897	0.00577869701	0	0	0	0	3
534	1371	402.624535	2.80574506	298.434819	298.434164	298.431658	298.434969	0.00331150706	0.00577869701	0	0	0	0	3
535	1373	403.170578	2.81099927	298.434835	298.434198	298.431834	298.434969	0.00313487401	0.00577869701	0	0	0	0	3
536	1375	403.701382	2.81625347	298.434888	298.434229	298.432005	298.434969	0.00296372723	0.00577869701	0	0	0	0	3
537	1378	404.247116	2.82150768	298.434938	298.43426	298.432194	298.434969	0.00277519491	0.00577869701	0	0	0	0	3
538	1380	404.775981	2.82676188	298.434982	298.434289	298.432347	298.434982	0.00263510051	0.00577869701	0	0	0	0	3
