Iteration	CPUTime	PhysTime	Travels	Value	AvValue	MinValue	MaxValue	Delta	Criteria	PrevAvRefValue	Progress	CriteriaType	CriteriaVarType	CriteriaPercentage
1	29	0.0162367046	0.00525420424	298.15008	298.15008	298.15008	298.15008	0	0	0	0	0	0	3
2	31	0.0324781022	0.0105084085	298.150162	298.150121	298.15008	298.150162	4.07624564e-05	0	0	0	0	0	3
3	33	0.0487542881	0.0157626127	298.150244	298.150162	298.15008	298.150244	8.19881424e-05	0	0	0	0	0	3
4	36	0.0652875332	0.021016817	298.150329	298.150204	298.15008	298.150329	0.000124295969	0	0	0	0	0	3
5	38	0.0837201606	0.0262710212	298.150424	298.150253	298.15008	298.150424	0.000172727712	0	0	0	0	0	3
6	40	0.132420249	0.0315252254	298.150675	298.150408	298.15008	298.150675	0.000327913289	0	0	0	0	0	3
7	42	0.336429492	0.0367794297	298.15172	298.151204	298.15008	298.15172	0.00112340353	0	0	0	0	0	3
8	46	1.67553863	0.0420336339	298.158088	298.156706	298.15008	298.158088	0.00662539015	0	0	0	0	0	3
9	50	10.7473596	0.0472878381	298.194135	298.1883	298.15008	298.194135	0.0382199047	0	0	0	0	0	3
10	55	44.8039731	0.0525420424	298.32074	298.288971	298.15008	298.32074	0.138890875	0	0	0	0	0	3
11	58	45.6867102	0.0577962466	298.324513	298.289658	298.15008	298.324513	0.139577601	0	0	0	0	0	3
12	61	46.3795552	0.0630504509	298.327504	298.290223	298.15008	298.327504	0.140142975	0	0	0	0	0	3
13	64	46.8586132	0.0683046551	298.329581	298.290626	298.15008	298.329581	0.140545354	0	0	0	0	0	3
14	66	47.2647115	0.0735588593	298.331346	298.290975	298.15008	298.331346	0.140895227	0	0	0	0	0	3
15	69	47.6243691	0.0788130636	298.332913	298.291292	298.15008	298.332913	0.141211935	0	0	0	0	0	3
16	72	48.1363147	0.0840672678	298.33514	298.291758	298.15008	298.33514	0.141678267	0	0	0	0	0	3
17	74	48.6168349	0.0893214721	298.337231	298.292208	298.15008	298.337231	0.142127713	0	0	0	0	0	3
18	77	49.0827006	0.0945756763	298.339261	298.292654	298.15008	298.339261	0.142574311	0	0	0	0	0	3
19	79	49.5540243	0.0998298805	298.341314	298.293117	298.15008	298.341314	0.143037129	0	0	0	0	0	3
20	82	50.047109	0.105084085	298.343462	298.293613	298.15008	298.343462	0.143533148	0	0	0	0	0	3
21	85	50.8057684	0.110338289	298.346758	298.294407	298.15008	298.346758	0.144326734	0	0	0	0	0	3
22	87	51.5990821	0.115592493	298.3502	298.295265	298.15008	298.3502	0.145184535	0	0	0	0	0	3
23	90	52.4251184	0.120846697	298.353781	298.296187	298.15008	298.353781	0.146106551	0	0	0	0	0	3
24	93	53.2727271	0.126100902	298.357452	298.297161	298.15008	298.357452	0.147081334	0	0	0	0	0	3
25	95	54.130989	0.131355106	298.361167	298.298176	298.15008	298.361167	0.148096154	0	0	0	0	0	3
26	98	55.4182895	0.13660931	298.366717	298.299768	298.15008	298.366717	0.149688282	0	0	0	0	0	3
27	101	56.6950026	0.141863514	298.372215	298.3014	298.15008	298.372215	0.151319706	0	0	0	0	0	3
28	104	57.9460995	0.147117719	298.377597	298.303045	298.15008	298.377597	0.15296486	0	0	0	0	0	3
29	107	59.1662014	0.152371923	298.382841	298.304691	298.15008	298.382841	0.15461038	0	0	0	0	0	3
30	110	60.355004	0.157626127	298.388497	298.306341	298.15008	298.388497	0.15626111	0	0	0	0	0	3
31	113	61.8847727	0.162880331	298.39753	298.308595	298.15008	298.39753	0.158515266	0	0	0	0	0	3
32	116	63.379911	0.168134536	298.406893	298.310914	298.15008	298.406893	0.160834116	0	0	0	0	0	3
33	119	64.8470579	0.17338874	298.416788	298.31331	298.15008	298.416788	0.163229482	0	0	0	0	0	3
34	122	66.2896594	0.178642944	298.427187	298.315788	298.15008	298.427187	0.165707689	0	0	0	0	0	3
35	124	67.7108526	0.183897148	298.437939	298.318352	298.15008	298.437939	0.168271546	0	0	0	0	0	3
36	128	69.1116691	0.189151353	298.448927	298.320998	298.15008	298.448927	0.170918164	0	0	0	0	0	3
37	131	70.4936093	0.194405557	298.460036	298.323724	298.15008	298.460036	0.17364383	0	0	0	0	0	3
38	133	71.8566672	0.199659761	298.471183	298.326521	298.15008	298.471183	0.176441007	0	0	0	0	0	3
39	136	73.2023027	0.204913965	298.482318	298.329385	298.15008	298.482318	0.179304936	0	0	0	0	0	3
40	139	74.5301983	0.21016817	298.493405	298.332307	298.15008	298.493405	0.182227266	0	0	0	0	0	3
41	142	75.8411404	0.215422374	298.504426	298.335283	298.15008	298.504426	0.185202394	0	0	0	0	0	3
42	145	77.1354356	0.220676578	298.515347	298.338304	298.15008	298.515347	0.188223793	0	0	0	0	0	3
43	148	78.4134466	0.225930782	298.526174	298.341366	298.15008	298.526174	0.191285765	0	0	0	0	0	3
44	151	79.6755359	0.231184986	298.536891	298.344463	298.15008	298.536891	0.194382953	0	0	0	0	0	3
45	154	80.9223344	0.236439191	298.547495	298.347591	298.15008	298.547495	0.197511133	0	0	0	0	0	3
46	157	82.1541264	0.241693395	298.557984	298.350746	298.15008	298.557984	0.200665692	0	0	0	0	0	3
47	160	83.3718609	0.246947599	298.56836	298.353924	298.15008	298.56836	0.203844171	0	0	0	0	0	3
48	162	84.5752894	0.252201803	298.578621	298.357122	298.15008	298.578621	0.2070414	0	0	0	0	0	3
49	165	85.7659717	0.257456008	298.58878	298.360338	298.15008	298.58878	0.210257498	0	0	0	0	0	3
50	168	86.9434252	0.262710212	298.59883	298.363568	298.15008	298.59883	0.213487346	0	0	0	0	0	3
51	171	88.1093756	0.267964416	298.608785	298.366812	298.15008	298.608785	0.216732304	0	0	0	0	0	3
52	174	89.2629975	0.27321862	298.618635	298.370067	298.15008	298.618635	0.219986821	0	0	0	0	0	3
53	176	90.4060462	0.278472825	298.628395	298.373333	298.15008	298.628395	0.22325299	0	0	0	0	0	3
54	179	91.5377194	0.283727029	298.638057	298.376606	298.15008	298.638057	0.226525744	0	0	0	0	0	3
55	182	92.6598196	0.288981233	298.647635	298.379888	298.15008	298.647635	0.229807874	0	0	0	0	0	3
56	185	93.7715015	0.294235437	298.657122	298.383175	298.15008	298.657122	0.233094541	0	0	0	0	0	3
57	188	94.8744384	0.299489642	298.666531	298.386469	298.15008	298.666531	0.236388623	0	0	0	0	0	3
58	190	95.9676129	0.304743846	298.675854	298.389765	298.15008	298.675854	0.239685028	0	0	0	0	0	3
59	193	97.0527481	0.30999805	298.685104	298.393067	298.15008	298.685104	0.242987171	0	0	0	0	0	3
60	196	98.1287847	0.315252254	298.694271	298.39637	298.15008	298.694271	0.24629004	0	0	0	0	0	3
61	199	99.1976554	0.320506459	298.703373	298.399678	298.15008	298.703373	0.249598046	0	0	0	0	0	3
62	202	100.258183	0.325760663	298.712398	298.402986	298.15008	298.712398	0.252905989	0	0	0	0	0	3
63	204	101.311257	0.331014867	298.721355	298.406295	298.15008	298.721355	0.256215256	0	0	0	0	0	3
64	207	102.357164	0.336269071	298.730244	298.409606	298.15008	298.730244	0.259525431	0	0	0	0	0	3
65	210	103.395719	0.341523275	298.739065	298.412915	298.15008	298.739065	0.26283467	0	0	0	0	0	3
66	212	104.427781	0.34677748	298.747824	298.416225	298.15008	298.747824	0.266144581	0	0	0	0	0	3
67	215	105.453104	0.352031684	298.756519	298.419533	298.15008	298.756519	0.26945327	0	0	0	0	0	3
68	218	106.47211	0.357285888	298.765154	298.422841	298.15008	298.765154	0.272761074	0	0	0	0	0	3
69	221	107.484994	0.362540092	298.77373	298.426148	298.15008	298.77373	0.276067675	0	0	0	0	0	3
70	223	108.491859	0.367794297	298.782249	298.429453	298.15008	298.782249	0.27937249	0	0	0	0	0	3
71	226	109.493136	0.373048501	298.790713	298.432756	298.15008	298.790713	0.282676091	0	0	0	0	0	3
72	229	110.48873	0.378302705	298.799122	298.436058	298.15008	298.799122	0.285977352	0	0	0	0	0	3
73	231	111.478853	0.383556909	298.807479	298.439356	298.15008	298.807479	0.289276206	0	0	0	0	0	3
74	234	112.464077	0.388811114	298.815786	298.442654	298.15008	298.815786	0.292573864	0	0	0	0	0	3
75	237	113.443263	0.394065318	298.824036	298.445946	298.15008	298.824036	0.295865765	0	0	0	0	0	3
76	240	114.417958	0.399319522	298.832241	298.449237	298.15008	298.832241	0.299156508	0	0	0	0	0	3
77	242	115.386896	0.404573726	298.840391	298.452521	298.15008	298.840391	0.30244115	0	0	0	0	0	3
78	245	116.351776	0.409827931	298.848499	298.455805	298.15008	298.848499	0.30572491	0	0	0	0	0	3
79	248	117.311409	0.415082135	298.856557	298.459083	298.15008	298.856557	0.309003145	0	0	0	0	0	3
80	251	118.267444	0.420336339	298.864577	298.462361	298.15008	298.864577	0.31228102	0	0	0	0	0	3
81	253	119.218561	0.425590543	298.872548	298.465634	298.15008	298.872548	0.315553463	0	0	0	0	0	3
82	256	120.16619	0.430844748	298.880726	298.468907	298.15008	298.880726	0.318826879	0	0	0	0	0	3
83	258	121.109036	0.436098952	298.890151	298.472186	298.15008	298.890151	0.322106305	0	0	0	0	0	3
84	261	122.048265	0.441353156	298.899856	298.475478	298.15008	298.899856	0.325397459	0	0	0	0	0	3
85	264	122.983322	0.44660736	298.909981	298.478781	298.15008	298.909981	0.328701038	0	0	0	0	0	3
86	267	123.91461	0.451861564	298.920502	298.482101	298.15008	298.920502	0.332020823	0	0	0	0	0	3
87	270	124.842341	0.457115769	298.931325	298.485439	298.15008	298.931325	0.335359103	0	0	0	0	0	3
88	273	125.765674	0.462369973	298.942367	298.488794	298.15008	298.942367	0.338713723	0	0	0	0	0	3
89	276	126.685654	0.467624177	298.953556	298.492169	298.15008	298.953556	0.342088787	0	0	0	0	0	3
90	278	127.600797	0.472878381	298.96482	298.495559	298.15008	298.96482	0.345478603	0	0	0	0	0	3
91	281	128.512689	0.478132586	298.976143	298.498969	298.15008	298.976143	0.348888698	0	0	0	0	0	3
92	284	129.420043	0.48338679	298.987464	298.502394	298.15008	298.987464	0.3523135	0	0	0	0	0	3
93	286	130.32358	0.488640994	298.998781	298.505835	298.15008	298.998781	0.355754963	0	0	0	0	0	3
94	289	131.223462	0.493895198	299.010081	298.509293	298.15008	299.010081	0.359212895	0	0	0	0	0	3
95	292	132.118622	0.499149403	299.021344	298.512762	298.15008	299.021344	0.362682258	0	0	0	0	0	3
96	295	133.010281	0.504403607	299.032579	298.516247	298.15008	299.032579	0.366166949	0	0	0	0	0	3
97	298	133.897049	0.509657811	299.043765	298.519786	298.150162	299.043765	0.369664642	0	0	0	0	0	3
98	300	134.779986	0.514912015	299.054911	298.523337	298.150244	299.054911	0.373174392	0	0	0	0	0	3
99	303	135.658406	0.52016622	299.066005	298.526896	298.150329	299.066005	0.376692036	0	0	0	0	0	3
100	306	136.532588	0.525420424	299.077049	298.530466	298.150424	299.077049	0.38021339	0	0	0	0	0	3
101	309	137.403119	0.530674628	299.088047	298.534052	298.150675	299.088047	0.38364398	0	0	0	0	0	3
102	312	138.268708	0.535928832	299.098983	298.537727	298.15172	299.098983	0.386523622	0	0	0	0	0	3
103	314	139.130761	0.541183037	299.109874	298.541848	298.158088	299.109874	0.385142622	0	0	0	0	0	3
104	317	139.988093	0.546437241	299.120702	298.549152	298.194135	299.120702	0.360851614	0	0	0	0	0	3
105	320	140.842276	0.551691445	299.131488	298.577731	298.32074	299.131488	0.288760277	0	0	0	0	0	3
106	322	141.692186	0.556945649	299.142216	298.673016	298.324513	299.142216	0.383358732	0	0	0	0	0	3
107	325	142.53944	0.562199853	299.152907	298.680391	298.327504	299.152907	0.39016771	0	0	0	0	0	3
108	328	143.382779	0.567454058	299.163544	298.687112	298.329581	299.163544	0.396486318	0	0	0	0	0	3
109	330	144.223358	0.572708262	299.174141	298.693076	298.331346	299.174141	0.402100244	0	0	0	0	0	3
110	333	145.060041	0.577962466	299.184683	298.698784	298.332913	299.184683	0.40749155	0	0	0	0	0	3
111	335	145.892958	0.58321667	299.195172	298.70433	298.33514	299.195172	0.41257164	0	0	0	0	0	3
112	338	146.722343	0.588470875	299.205611	298.710464	298.337231	299.205611	0.418256535	0	0	0	0	0	3
113	341	147.548949	0.593725079	299.216008	298.716501	298.339261	299.216008	0.423846715	0	0	0	0	0	3
114	343	148.371499	0.598979283	299.226348	298.722495	298.341314	299.226348	0.42937771	0	0	0	0	0	3
115	346	149.191393	0.604233487	299.236648	298.728529	298.343462	299.236648	0.434915675	0	0	0	0	0	3
116	348	150.007513	0.609487692	299.246894	298.734661	298.346758	299.246894	0.4402537	0	0	0	0	0	3
117	351	150.821518	0.614741896	299.257106	298.741855	298.3502	299.257106	0.446590363	0	0	0	0	0	3
118	354	151.631739	0.6199961	299.267264	298.749217	298.353781	299.267264	0.453029968	0	0	0	0	0	3
119	356	152.440835	0.625250304	299.277401	298.756755	298.357452	299.277401	0.459593959	0	0	0	0	0	3
120	359	153.245536	0.630504509	299.287476	298.764413	298.361167	299.287476	0.466236466	0	0	0	0	0	3
121	361	154.049107	0.635758713	299.29753	298.772164	298.366717	299.29753	0.472395569	0	0	0	0	0	3
122	364	154.848083	0.641012917	299.30752	298.781715	298.372215	299.30752	0.480315283	0	0	0	0	0	3
123	367	155.646418	0.646267121	299.317494	298.791321	298.377597	299.317494	0.488276311	0	0	0	0	0	3
124	369	156.443696	0.651521326	299.327448	298.800916	298.382841	299.327448	0.496225448	0	0	0	0	0	3
125	372	157.240514	0.65677553	299.337388	298.810476	298.388497	299.337388	0.504134453	0	0	0	0	0	3
126	374	158.035365	0.662029734	299.347297	298.81998	298.39753	299.347297	0.511384174	0	0	0	0	0	3
127	377	158.827885	0.667283938	299.357169	298.831037	298.406893	299.357169	0.520123182	0	0	0	0	0	3
128	379	159.617132	0.672538143	299.366993	298.842022	298.416788	299.366993	0.528712713	0	0	0	0	0	3
129	382	160.404378	0.677792347	299.376785	298.852957	298.427187	299.376785	0.537168997	0	0	0	0	0	3
130	384	161.188516	0.683046551	299.38653	298.863838	298.437939	299.38653	0.545486321	0	0	0	0	0	3
131	387	161.97083	0.688300755	299.396246	298.874678	298.448927	299.396246	0.55367988	0	0	0	0	0	3
132	390	162.747933	0.693554959	299.40589	298.885456	298.460036	299.40589	0.561732145	0	0	0	0	0	3
133	392	163.535396	0.698809164	299.415654	298.896262	298.471183	299.415654	0.569741039	0	0	0	0	0	3
134	395	164.311637	0.704063368	299.425273	298.906971	298.482318	299.425273	0.577585527	0	0	0	0	0	3
135	397	165.092032	0.709317572	299.434935	298.917673	298.493405	299.434935	0.585365681	0	0	0	0	0	3
136	399	165.858274	0.714571776	299.444415	298.928261	298.504426	299.444415	0.592978695	0	0	0	0	0	3
137	402	166.639231	0.719825981	299.454069	298.938903	298.515347	299.454069	0.600599119	0	0	0	0	0	3
138	404	167.407477	0.725080185	299.463559	298.949441	298.526174	299.463559	0.608074969	0	0	0	0	0	3
139	407	168.182998	0.730334389	299.473131	298.959991	298.536891	299.473131	0.615527824	0	0	0	0	0	3
140	409	168.939097	0.735588593	299.482458	298.970399	298.547495	299.482458	0.622807324	0	0	0	0	0	3
141	412	169.71173	0.740842798	299.49198	298.980876	298.557984	299.49198	0.630129993	0	0	0	0	0	3
142	414	170.46465	0.746097002	299.501253	298.991211	298.56836	299.501253	0.63728683	0	0	0	0	0	3
143	417	171.233429	0.751351206	299.510713	299.001617	298.578621	299.510713	0.64449578	0	0	0	0	0	3
144	419	171.98159	0.75660541	299.519913	299.011878	298.58878	299.519913	0.651539983	0	0	0	0	0	3
145	422	172.746519	0.761859615	299.529312	299.02222	298.59883	299.529312	0.658652394	0	0	0	0	0	3
146	424	173.490658	0.767113819	299.538449	299.032419	298.608785	299.538449	0.665606117	0	0	0	0	0	3
147	426	174.251597	0.772368023	299.547784	299.042705	298.618635	299.547784	0.672638048	0	0	0	0	0	3
148	429	174.991797	0.777622227	299.556859	299.052851	298.628395	299.556859	0.679517759	0	0	0	0	0	3
149	431	175.748755	0.782876432	299.566132	299.063089	298.638057	299.566132	0.686482626	0	0	0	0	0	3
150	434	176.485066	0.788130636	299.575146	299.073189	298.647635	299.575146	0.693301231	0	0	0	0	0	3
151	436	177.237932	0.79338484	299.584355	299.083385	298.657122	299.584355	0.700210512	0	0	0	0	0	3
152	439	177.970544	0.798639044	299.59331	299.09345	298.666531	299.59331	0.706981227	0	0	0	0	0	3
153	441	178.7196	0.803893248	299.602458	299.103613	298.675854	299.602458	0.713848084	0	0	0	0	0	3
154	443	179.449263	0.809147453	299.611364	299.113653	298.685104	299.611364	0.720585305	0	0	0	0	0	3
155	446	180.194906	0.814401657	299.620745	299.123794	298.694271	299.620745	0.727423423	0	0	0	0	0	3
156	448	180.921696	0.819655861	299.630803	299.133827	298.703373	299.630803	0.734148539	0	0	0	0	0	3
157	451	181.664345	0.824910065	299.641343	299.143976	298.712398	299.641343	0.740990213	0	0	0	0	0	3
158	453	182.38801	0.83016427	299.651978	299.154025	298.721355	299.651978	0.747729958	0	0	0	0	0	3
159	456	183.127942	0.835418474	299.663192	299.164199	298.730244	299.663192	0.754593544	0	0	0	0	0	3
160	459	183.848217	0.840672678	299.674393	299.174278	298.739065	299.674393	0.761363402	0	0	0	0	0	3
161	461	184.585145	0.845926882	299.686049	299.184491	298.747824	299.686049	0.768265792	0	0	0	0	0	3
162	464	185.301945	0.851181087	299.697537	299.19461	298.756519	299.697537	0.775076767	0	0	0	0	0	3
163	466	186.035498	0.856435291	299.709402	299.204871	298.765154	299.709402	0.782029424	0	0	0	0	0	3
164	469	186.748391	0.861689495	299.720998	299.215036	298.77373	299.720998	0.788887935	0	0	0	0	0	3
165	471	187.478604	0.866943699	299.73292	299.225351	298.782249	299.73292	0.795898412	0	0	0	0	0	3
166	474	188.187669	0.872197904	299.744532	299.235568	298.790713	299.744532	0.802812123	0	0	0	0	0	3
167	476	188.914413	0.877452108	299.756456	299.245943	298.799122	299.756456	0.809885607	0	0	0	0	0	3
168	479	189.620192	0.882706312	299.768056	299.256222	298.807479	299.768056	0.8168652	0	0	0	0	0	3
169	481	190.343207	0.887960516	299.77995	299.266657	298.815786	299.77995	0.82400285	0	0	0	0	0	3
170	484	191.045551	0.893214721	299.791514	299.277001	298.824036	299.791514	0.831054849	0	0	0	0	0	3
171	487	191.765119	0.898468925	299.803365	299.2875	298.832241	299.803365	0.838262975	0	0	0	0	0	3
172	489	192.463852	0.903723129	299.814876	299.297907	298.840391	299.814876	0.845385461	0	0	0	0	0	3
173	491	193.180126	0.908977333	299.826676	299.308474	298.848499	299.826676	0.852668787	0	0	0	0	0	3
174	494	193.8754	0.914231537	299.83813	299.318949	298.856557	299.83813	0.859865761	0	0	0	0	0	3
175	496	194.588091	0.919485742	299.849867	299.329588	298.864577	299.849867	0.86722638	0	0	0	0	0	3
176	499	195.279719	0.924739946	299.861256	299.340135	298.872548	299.861256	0.87450139	0	0	0	0	0	3
177	501	195.989061	0.92999415	299.872931	299.350851	298.880726	299.872931	0.881943866	0	0	0	0	0	3
178	504	196.676677	0.935248354	299.884246	299.361467	298.890151	299.884246	0.889280954	0	0	0	0	0	3
179	506	197.382426	0.940502559	299.895853	299.372238	298.899856	299.895853	0.896760541	0	0	0	0	0	3
180	509	198.066794	0.945756763	299.907105	299.38289	298.909981	299.907105	0.904108584	0	0	0	0	0	3
181	511	198.768919	0.951010967	299.918641	299.393688	298.920502	299.918641	0.911587168	0	0	0	0	0	3
182	514	199.450243	0.956265171	299.92983	299.404358	298.931325	299.92983	0.918918803	0	0	0	0	0	3
183	517	200.149165	0.961519376	299.941302	299.415169	298.942367	299.941302	0.926375008	0	0	0	0	0	3
184	519	200.827531	0.96677358	299.952429	299.42584	298.953556	299.952429	0.933671325	0	0	0	0	0	3
185	521	201.523257	0.972027784	299.963835	299.436648	298.96482	299.963835	0.941088758	0	0	0	0	0	3
186	524	202.198439	0.977281988	299.974898	299.447307	298.976143	299.974898	0.9483386	0	0	0	0	0	3
187	526	202.89099	0.982536193	299.986237	299.458102	298.987464	299.986237	0.95570845	0	0	0	0	0	3
188	529	203.563001	0.987790397	299.997235	299.468748	298.998781	299.997235	0.962913163	0	0	0	0	0	3
189	531	204.252351	0.993044601	300.008508	299.479525	299.010081	300.008508	0.970232039	0	0	0	0	0	3
190	534	204.9211	0.998298805	300.019438	299.490157	299.021344	300.019438	0.977394101	0	0	0	0	0	3
191	536	205.607491	1.00355301	300.03065	299.500915	299.032579	300.03065	0.984668215	0.0564121578	0	0	0	0	3
192	539	206.273191	1.00880721	300.041517	299.511527	299.043765	300.041517	0.991741871	0.0567381679	0	0	0	0	3
193	541	206.956641	1.01406142	300.052665	299.522267	299.054911	300.052665	0.99775431	0.0569053984	0	0	0	0	3
194	544	207.619536	1.01931562	300.063473	299.532858	299.066005	300.063473	0.997467438	0.0570683671	0	0	0	0	3
195	546	208.299755	1.02456983	300.074554	299.543576	299.077049	300.074554	0.997505703	0.0572322505	0	0	0	0	3
196	549	208.959801	1.02982403	300.085302	299.554143	299.088047	300.085302	0.997254409	0.0573935623	0	0	0	0	3
197	551	209.636941	1.03507823	300.096319	299.564843	299.098983	300.096319	0.99733605	0.0575509662	0	0	0	0	3
198	554	210.294379	1.04033244	300.10701	299.57539	299.109874	300.10701	0.997136792	0.0576819246	0	0	0	0	3
199	556	210.968644	1.04558664	300.117967	299.586069	299.120702	300.117967	0.997264969	0.0576860519	0	0	0	0	3
200	559	211.623549	1.05084085	300.128602	299.596599	299.131488	300.128602	0.997114772	0.0573026982	0	0	0	0	3
201	562	212.295389	1.05609505	300.139505	299.607264	299.142216	300.139505	0.934247019	0.0570174054	0	0	0	0	3
202	564	212.947526	1.06134926	300.150082	299.617778	299.152907	300.150082	0.937387532	0.0568046714	0	0	0	0	3
203	567	213.61693	1.06660346	300.160931	299.628435	299.163544	300.160931	0.941323268	0.0566493226	0	0	0	0	3
204	569	214.266368	1.07185766	300.17145	299.638941	299.174141	300.17145	0.945865646	0.0565380748	0	0	0	0	3
205	572	214.933131	1.07711187	300.182242	299.64959	299.184683	300.182242	0.950806148	0.056462489	0	0	0	0	3
206	574	215.57996	1.08236607	300.192705	299.660087	299.195172	300.192705	0.955757214	0.0564134536	0	0	0	0	3
207	576	216.244082	1.08762028	300.20344	299.670721	299.205611	300.20344	0.960256509	0.0564121578	0	0	0	0	3
208	579	216.888495	1.09287448	300.21385	299.681207	299.216008	300.21385	0.964705617	0.0564121578	0	0	0	0	3
209	581	217.550156	1.09812869	300.224531	299.691836	299.226348	300.224531	0.969340657	0.0564121578	0	0	0	0	3
210	584	218.191919	1.10338289	300.234885	299.702311	299.236648	300.234885	0.973782056	0.0564121578	0	0	0	0	3
211	586	218.851333	1.10863709	300.245516	299.712934	299.246894	300.245516	0.978273355	0.0564313829	0	0	0	0	3
212	589	219.490515	1.1138913	300.255815	299.723402	299.257106	300.255815	0.981546834	0.0564664803	0	0	0	0	3
213	591	220.147705	1.1191455	300.266396	299.734024	299.267264	300.266396	0.984807714	0.0565079333	0	0	0	0	3
214	594	220.784634	1.12439971	300.276645	299.744491	299.277401	300.276645	0.987735455	0.0565543616	0	0	0	0	3
215	596	221.439106	1.12965391	300.287169	299.755116	299.287476	300.287169	0.990702862	0.0566054331	0	0	0	0	3
216	598	222.073834	1.13490812	300.29737	299.765584	299.29753	300.29737	0.993419611	0.0566579982	0	0	0	0	3
217	601	222.725681	1.14016232	300.307837	299.776207	299.30752	300.307837	0.994491902	0.0567122547	0	0	0	0	3
218	603	223.358369	1.14541652	300.317992	299.786676	299.317494	300.317992	0.995354963	0.0567677949	0	0	0	0	3
219	606	224.007905	1.15067073	300.328409	299.797303	299.327448	300.328409	0.996386756	0.056824911	0	0	0	0	3
220	608	224.638372	1.15592493	300.338515	299.807799	299.337388	300.338515	0.997323756	0.0568826906	0	0	0	0	3
221	611	225.285751	1.16117914	300.348885	299.818456	299.347297	300.348885	0.998476306	0.0569379553	0	0	0	0	3
222	613	225.913901	1.16643334	300.35894	299.828975	299.357169	300.35894	0.997937333	0.0569903249	0	0	0	0	3
223	616	226.559322	1.17168755	300.369265	299.839644	299.366993	300.369265	0.997621491	0.0570398246	0	0	0	0	3
224	618	227.185205	1.17694175	300.379271	299.850163	299.376785	300.379271	0.997206491	0.0570859674	0	0	0	0	3
225	620	227.828458	1.18219595	300.389549	299.860836	299.38653	300.389549	0.996998454	0.0571289765	0	0	0	0	3
226	623	228.452279	1.18745016	300.399509	299.871362	299.396246	300.399509	0.996683354	0.0571686476	0	0	0	0	3
227	625	229.093319	1.19270436	300.409738	299.882041	299.40589	300.409738	0.99658456	0.057205381	0	0	0	0	3
228	628	229.715262	1.19795857	300.419656	299.892559	299.415654	300.419656	0.996296817	0.0572391322	0	0	0	0	3
229	630	230.353941	1.20321277	300.429834	299.903315	299.425273	300.429834	0.996344261	0.0572703516	0	0	0	0	3
230	632	230.973836	1.20846697	300.439707	299.913869	299.434935	300.439707	0.996196222	0.0572990362	0	0	0	0	3
231	635	231.610483	1.21372118	300.44984	299.924618	299.444415	300.44984	0.996356719	0.0573256208	0	0	0	0	3
232	637	232.228511	1.21897538	300.459671	299.935144	299.454069	300.459671	0.996241136	0.0573501105	0	0	0	0	3
233	640	232.863238	1.22422959	300.46976	299.945941	299.463559	300.46976	0.99650052	0.0573729073	0	0	0	0	3
234	642	233.479548	1.22948379	300.47955	299.956528	299.473131	300.47955	0.996536742	0.0573939973	0	0	0	0	3
235	645	234.112221	1.234738	300.489595	299.967329	299.482458	300.489595	0.996930668	0.0574137474	0	0	0	0	3
236	647	234.726528	1.2399922	300.499341	299.97787	299.49198	300.499341	0.996993895	0.0574321246	0	0	0	0	3
237	649	235.357203	1.2452464	300.509341	299.988695	299.501253	300.509341	0.99748339	0.0574494573	0	0	0	0	3
238	652	235.969665	1.25050061	300.519046	299.999256	299.510713	300.519046	0.997638614	0.0574656976	0	0	0	0	3
239	654	236.598192	1.25575481	300.528999	300.010096	299.519913	300.528999	0.998218088	0.0574811323	0	0	0	0	3
240	657	237.208788	1.26100902	300.538662	300.020666	299.529312	300.538662	0.9984462	0.0574957001	0	0	0	0	3
241	659	237.835358	1.26626322	300.548572	300.031522	299.538449	300.548572	0.99910377	0.0575096582	0	0	0	0	3
242	661	238.444025	1.27151743	300.558192	300.042107	299.547784	300.558192	0.999401558	0.057522934	0	0	0	0	3
243	664	239.068774	1.27677163	300.568061	300.052979	299.556859	300.568061	1.00012839	0.0575357618	0	0	0	0	3
244	666	239.675689	1.28202583	300.577642	300.063579	299.566132	300.577642	1.00049083	0.0575480597	0	0	0	0	3
245	669	240.298631	1.28728004	300.587005	300.074464	299.575146	300.587005	1.00127486	0.0575597826	0	0	0	0	3
246	671	240.903761	1.29253424	300.595483	300.085066	299.584355	300.595483	1.00168046	0.0575705292	0	0	0	0	3
247	674	241.524949	1.29778845	300.603924	300.095943	299.59331	300.603924	1.00249307	0.057580373	0	0	0	0	3
248	676	242.128416	1.30304265	300.611798	300.106535	299.602458	300.611798	1.00292145	0.0575891091	0	0	0	0	3
249	679	242.748015	1.30829686	300.619591	300.117397	299.611364	300.619591	1.00374399	0.0575967903	0	0	0	0	3
250	681	243.349732	1.31355106	300.626937	300.127973	299.620745	300.626937	1.00417933	0.0576032848	0	0	0	0	3
251	684	243.967796	1.31880526	300.634302	300.138811	299.630803	300.634302	1.00349858	0.0576086944	0	0	0	0	3
252	686	244.567764	1.32405947	300.64133	300.149349	299.641343	300.64133	0.999987166	0.0576129445	0	0	0	0	3
253	689	245.184859	1.32931367	300.648465	300.160137	299.651978	300.648465	0.996487043	0.0576161762	0	0	0	0	3
254	691	245.783159	1.33456788	300.655311	300.170611	299.663192	300.655311	0.992119045	0.0576183324	0	0	0	0	3
255	694	246.399695	1.33982208	300.662323	300.181336	299.674393	300.662323	0.987930024	0.0576195733	0	0	0	0	3
256	696	246.9964	1.34507629	300.669074	300.191727	299.686049	300.669074	0.983024655	0.0576198491	0	0	0	0	3
257	699	247.612088	1.35033049	300.676012	300.202371	299.697537	300.676012	0.978475189	0.0576193179	0	0	0	0	3
258	701	248.207087	1.35558469	300.682694	300.212667	299.709402	300.682694	0.973291212	0.0576179281	0	0	0	0	3
259	704	248.821689	1.3608389	300.689578	300.223215	299.720998	300.689578	0.968579564	0.0576158325	0	0	0	0	3
260	706	249.41572	1.3660931	300.696215	300.233411	299.73292	300.696215	0.963294865	0.0576129796	0	0	0	0	3
261	709	250.029162	1.37134731	300.703056	300.24386	299.744532	300.703056	0.958524509	0.0576095126	0	0	0	0	3
262	711	250.621859	1.37660151	300.709654	300.253953	299.756456	300.709654	0.953197722	0.0576053777	0	0	0	0	3
263	714	251.234262	1.38185571	300.716461	300.264299	299.768056	300.716461	0.948404907	0.0576007123	0	0	0	0	3
264	716	251.828142	1.38710992	300.723053	300.274309	299.77995	300.723053	0.943102857	0.0575954695	0	0	0	0	3
265	719	252.439574	1.39236412	300.729833	300.28455	299.791514	300.729833	0.938318716	0.0575897726	0	0	0	0	3
266	721	253.033342	1.39761833	300.736409	300.294465	299.803365	300.736409	0.933044138	0.057583576	0	0	0	0	3
267	724	253.643952	1.40287253	300.743165	300.304603	299.814876	300.743165	0.928288572	0.0575769923	0	0	0	0	3
268	726	254.235578	1.40812674	300.749704	300.314406	299.826676	300.749704	0.92302811	0.0575699681	0	0	0	0	3
269	729	254.845577	1.41338094	300.756441	300.324444	299.83813	300.756441	0.918311091	0.0575626162	0	0	0	0	3
270	731	255.435307	1.41863514	300.762948	300.334137	299.849867	300.762948	0.913080998	0.057554876	0	0	0	0	3
271	734	256.044616	1.42388935	300.769666	300.344071	299.861256	300.769666	0.908410411	0.0575468592	0	0	0	0	3
272	736	256.63481	1.42914355	300.776168	300.35367	299.872931	300.776168	0.903236642	0.0575384195	0	0	0	0	3
273	739	257.24339	1.43439776	300.782867	300.363501	299.884246	300.782867	0.89862091	0.0575291885	0	0	0	0	3
274	741	257.833535	1.43965196	300.789358	300.372999	299.895853	300.789358	0.893504825	0.0575190185	0	0	0	0	3
275	744	258.441225	1.44490617	300.796039	300.382725	299.907105	300.796039	0.888934192	0.0575078603	0	0	0	0	3
276	746	259.030098	1.45016037	300.802507	300.392119	299.918641	300.802507	0.883866055	0.0574955343	0	0	0	0	3
277	748	259.636298	1.45541457	300.809161	300.401734	299.92983	300.809161	0.879331011	0.0574820407	0	0	0	0	3
278	751	260.222841	1.46066878	300.815596	300.411019	299.941302	300.815596	0.874294847	0.0574672689	0	0	0	0	3
279	753	260.828128	1.46592298	300.822232	300.420531	299.952429	300.822232	0.869802504	0.0574512803	0	0	0	0	3
280	756	261.414697	1.47117719	300.828659	300.429724	299.963835	300.828659	0.864823923	0.0574340205	0	0	0	0	3
281	758	262.019333	1.47643139	300.835279	300.439135	299.974898	300.835279	0.860381824	0.057415577	0	0	0	0	3
282	761	262.605403	1.4816856	300.841693	300.448229	299.986237	300.841693	0.855455064	0.0573959208	0	0	0	0	3
283	763	263.208977	1.4869398	300.848293	300.457537	299.997235	300.848293	0.851058367	0.0573751539	0	0	0	0	3
284	765	263.795253	1.492194	300.8547	300.466539	300.008508	300.8547	0.846191769	0.0573532552	0	0	0	0	3
285	768	264.39756	1.49744821	300.861279	300.475741	300.019438	300.861279	0.84184007	0.0573303273	0	0	0	0	3
286	770	264.98103	1.50270241	300.867648	300.484629	300.03065	300.867648	0.836997839	0.0573063454	0	0	0	0	3
287	773	265.582259	1.50795662	300.874206	300.49373	300.041517	300.874206	0.832689637	0.0572814172	0	0	0	0	3
288	775	266.163879	1.51321082	300.880547	300.502513	300.052665	300.880547	0.827881734	0.0572555168	0	0	0	0	3
289	777	266.764428	1.51846502	300.887091	300.511516	300.063473	300.887091	0.823617851	0.0572287519	0	0	0	0	3
290	780	267.346126	1.52371923	300.893424	300.520208	300.074554	300.893424	0.818869859	0.0572011006	0	0	0	0	3
291	782	267.945797	1.52897343	300.89995	300.529108	300.085302	300.89995	0.814648089	0.0571726603	0	0	0	0	3
292	785	268.527045	1.53422764	300.906272	300.537706	300.096319	300.906272	0.809952122	0.0571434126	0	0	0	0	3
293	787	269.125456	1.53948184	300.912775	300.546503	300.10701	300.912775	0.805764532	0.0571134482	0	0	0	0	3
294	790	269.70695	1.54473605	300.919091	300.555013	300.117967	300.919091	0.801123908	0.0570827513	0	0	0	0	3
295	792	270.304368	1.54999025	300.925577	300.563711	300.128602	300.925577	0.796974163	0.0570514043	0	0	0	0	3
296	794	270.883235	1.55524445	300.931857	300.572115	300.139505	300.931857	0.792351848	0.0570193837	0	0	0	0	3
297	797	271.479687	1.56049866	300.938324	300.580717	300.150082	300.938324	0.788242041	0.0569867718	0	0	0	0	3
298	800	272.058616	1.56575286	300.944598	300.589031	300.160931	300.944598	0.783667013	0.0569535461	0	0	0	0	3
299	802	272.654112	1.57100707	300.951047	300.597537	300.17145	300.951047	0.779596768	0.0569197834	0	0	0	0	3
300	804	273.231767	1.57626127	300.9573	300.605754	300.182242	300.9573	0.775058746	0.0568854599	0	0	0	0	3
301	808	273.826268	1.58151548	300.963731	300.614163	300.192705	300.963731	0.771026026	0.0568506535	0	0	0	0	3
302	810	274.403918	1.58676968	300.969976	300.622291	300.20344	300.969976	0.766536316	0.0568153409	0	0	0	0	3
303	812	274.997369	1.59202388	300.976387	300.630602	300.21385	300.976387	0.76253686	0.056779591	0	0	0	0	3
304	815	275.572247	1.59727809	300.982594	300.638627	300.224531	300.982594	0.758063231	0.0567433768	0	0	0	0	3
305	817	276.165263	1.60253229	300.988993	300.646846	300.234885	300.988993	0.754108259	0.0567067714	0	0	0	0	3
306	820	276.740921	1.6077865	300.995203	300.654787	300.245516	300.995203	0.749686554	0.0566697495	0	0	0	0	3
307	822	277.333104	1.6130407	301.001585	300.662913	300.255815	301.001585	0.745770388	0.0566323755	0	0	0	0	3
308	824	277.907029	1.61829491	301.007769	300.670756	300.266396	301.007769	0.741372532	0.0565946213	0	0	0	0	3
309	827	278.498155	1.62354911	301.014132	300.678789	300.276645	301.014132	0.737486885	0.0565565477	0	0	0	0	3
310	829	279.072202	1.62880331	301.020308	300.686546	300.287169	301.020308	0.733138911	0.0565181309	0	0	0	0	3
311	832	279.66218	1.63405752	301.026652	300.694482	300.29737	301.026652	0.729282977	0.056479427	0	0	0	0	3
312	834	280.233785	1.63931172	301.032796	300.702141	300.307837	301.032796	0.724958232	0.0564404093	0	0	0	0	3
313	837	280.822933	1.64456593	301.039123	300.709982	300.317992	301.039123	0.721131494	0.0564121578	0	0	0	0	3
314	839	281.395206	1.64982013	301.045266	300.717562	300.328409	301.045266	0.716857031	0.0564121578	0	0	0	0	3
315	841	281.983653	1.65507434	301.051579	300.725312	300.338515	301.051579	0.713063997	0.0564121578	0	0	0	0	3
316	844	282.555151	1.66032854	301.057706	300.732802	300.348885	301.057706	0.708821583	0.0564121578	0	0	0	0	3
317	847	283.142924	1.66558274	301.064003	300.740463	300.35894	301.064003	0.705063009	0.0564121578	0	0	0	0	3
318	851	283.713708	1.67083695	301.070116	300.747864	300.369265	301.070116	0.70085095	0.0564121578	0	0	0	0	3
319	855	284.300545	1.67609115	301.076396	300.755435	300.379271	301.076396	0.697124843	0.0564121578	0	0	0	0	3
320	858	284.868435	1.68134536	301.082471	300.762736	300.389549	301.082471	0.692922746	0.0564121578	0	0	0	0	3
321	860	285.45431	1.68659956	301.088734	300.770216	300.399509	301.088734	0.689225134	0.0564121578	0	0	0	0	3
322	863	286.023159	1.69185376	301.094811	300.777441	300.409738	301.094811	0.685073427	0.0564121578	0	0	0	0	3
323	865	286.608424	1.69710797	301.10106	300.784832	300.419656	301.10106	0.681403582	0.0564121578	0	0	0	0	3
324	868	287.176652	1.70236217	301.107124	300.791972	300.429834	301.107124	0.677289489	0.0564121578	0	0	0	0	3
325	870	287.761304	1.70761638	301.113358	300.799274	300.439707	301.113358	0.673651164	0.0564121578	0	0	0	0	3
326	872	288.328513	1.71287058	301.119404	300.806326	300.44984	301.119404	0.669564366	0.0564121578	0	0	0	0	3
327	875	288.912405	1.71812479	301.125623	300.81354	300.459671	301.125623	0.665952466	0.0564121578	0	0	0	0	3
328	877	289.47708	1.72337899	301.131635	300.820498	300.46976	301.131635	0.661875143	0.0564121578	0	0	0	0	3
329	880	290.060399	1.72863319	301.137841	300.827626	300.47955	301.137841	0.658291152	0.0564121578	0	0	0	0	3
330	882	290.625968	1.7338874	301.143855	300.83451	300.489595	301.143855	0.654260645	0.0564121578	0	0	0	0	3
331	884	291.208334	1.7391416	301.150044	300.84155	300.499341	301.150044	0.650702718	0.0564121578	0	0	0	0	3
332	887	291.772902	1.74439581	301.156041	300.848348	300.509341	301.156041	0.646699919	0.0564121578	0	0	0	0	3
333	889	292.354136	1.74965001	301.162211	300.8553	300.519046	301.162211	0.643164631	0.0564121578	0	0	0	0	3
334	892	292.918126	1.75490422	301.168193	300.862015	300.528999	301.168193	0.639194418	0.0564121578	0	0	0	0	3
335	894	293.498571	1.76015842	301.174348	300.868879	300.538662	301.174348	0.635685555	0.0564121578	0	0	0	0	3
336	896	294.061683	1.76541262	301.180314	300.87551	300.548572	301.180314	0.631742732	0.0564121578	0	0	0	0	3
337	899	294.641015	1.77066683	301.18645	300.882288	300.558192	301.18645	0.62825738	0.0564121578	0	0	0	0	3
338	901	295.203062	1.77592103	301.192398	300.888834	300.568061	301.192398	0.624337074	0.0564121578	0	0	0	0	3
339	903	295.781525	1.78117524	301.198517	300.895526	300.577642	301.198517	0.620875153	0.0564121578	0	0	0	0	3
340	906	296.342865	1.78642944	301.204451	300.901991	300.587005	301.204451	0.617446803	0.0564121578	0	0	0	0	3
341	908	296.92058	1.79168365	301.210556	300.908605	300.595483	301.210556	0.615072972	0.0564121578	0	0	0	0	3
342	910	297.481028	1.79693785	301.216474	300.915004	300.603924	301.216474	0.612550284	0.0564121578	0	0	0	0	3
343	913	298.057665	1.80219205	301.22256	300.921559	300.611798	301.22256	0.610761671	0.0564121578	0	0	0	0	3
344	915	298.617143	1.80744626	301.228461	300.927908	300.619591	301.228461	0.608869658	0.0564121578	0	0	0	0	3
345	918	299.194285	1.81270046	301.234544	300.934427	300.626937	301.234544	0.607606786	0.0564121578	0	0	0	0	3
346	920	299.751495	1.81795467	301.240413	300.940731	300.634302	301.240413	0.606110905	0.0564121578	0	0	0	0	3
347	923	300.327288	1.82320887	301.245949	300.947209	300.64133	301.245949	0.604618753	0.0564121578	0	0	0	0	3
348	925	300.885475	1.82846307	301.250806	300.953477	300.648465	301.250806	0.602340804	0.0564121578	0	0	0	0	3
349	928	301.460325	1.83371728	301.25556	300.959907	300.655311	301.25556	0.600248243	0.0564121578	0	0	0	0	3
350	930	302.017737	1.83897148	301.259878	300.966121	300.662323	301.259878	0.597555264	0.0564121578	0	0	0	0	3
351	933	302.591764	1.84422569	301.264061	300.972498	300.669074	301.264061	0.594987318	0.0564121578	0	0	0	0	3
352	935	303.148727	1.84947989	301.267909	300.978653	300.676012	301.267909	0.591897279	0.0564121578	0	0	0	0	3
353	938	303.721981	1.8547341	301.271717	300.984968	300.682694	301.271717	0.589023318	0.0564121578	0	0	0	0	3
354	940	304.277983	1.8599883	301.275293	300.991054	300.689578	301.275293	0.585715345	0.0564121578	0	0	0	0	3
355	943	304.85021	1.8652425	301.278887	300.997301	300.696215	301.278887	0.582672064	0.0564121578	0	0	0	0	3
356	945	305.40537	1.87049671	301.282317	301.003321	300.703056	301.282317	0.579260717	0.0564121578	0	0	0	0	3
357	948	305.976981	1.87575091	301.285806	301.0095	300.709654	301.285806	0.576152258	0.0564121578	0	0	0	0	3
358	950	306.531555	1.88100512	301.289158	301.015452	300.716461	301.289158	0.57269731	0.0564121578	0	0	0	0	3
359	953	307.102389	1.88625932	301.29259	301.021561	300.723053	301.29259	0.569537	0.0564121578	0	0	0	0	3
360	955	307.656073	1.89151353	301.295902	301.027458	300.729833	301.295902	0.566068651	0.0564121578	0	0	0	0	3
361	958	308.226113	1.89676773	301.299301	301.033498	300.736409	301.299301	0.562891838	0.0564121578	0	0	0	0	3
362	960	308.779346	1.90202193	301.30259	301.039332	300.743165	301.30259	0.559425011	0.0564121578	0	0	0	0	3
363	963	309.349214	1.90727614	301.30597	301.045307	300.749704	301.30597	0.556265821	0.0564121578	0	0	0	0	3
364	965	309.902291	1.91253034	301.30924	301.051071	300.756441	301.30924	0.552799557	0.0564121578	0	0	0	0	3
365	968	310.471763	1.91778455	301.312603	301.056979	300.762948	301.312603	0.549654682	0.0564121578	0	0	0	0	3
366	970	311.024078	1.92303875	301.315859	301.06267	300.769666	301.315859	0.546192435	0.0564121578	0	0	0	0	3
367	972	311.592654	1.92829296	301.319206	301.06851	300.776168	301.319206	0.54303776	0.0564121578	0	0	0	0	3
368	975	312.144263	1.93354716	301.322448	301.074142	300.782867	301.322448	0.539580372	0.0564121578	0	0	0	0	3
369	978	312.712461	1.93880136	301.325785	301.079915	300.789358	301.325785	0.536426385	0.0564121578	0	0	0	0	3
370	981	313.26391	1.94405557	301.32902	301.085487	300.796039	301.32902	0.532981179	0.0564121578	0	0	0	0	3
371	983	313.831916	1.94930977	301.332349	301.091194	300.802507	301.332349	0.529841833	0.0564121578	0	0	0	0	3
372	985	314.3829	1.95456398	301.335575	301.096698	300.809161	301.335575	0.526413767	0.0564121578	0	0	0	0	3
373	988	314.950246	1.95981818	301.338896	301.102333	300.815596	301.338896	0.523299855	0.0564121578	0	0	0	0	3
374	990	315.500549	1.96507239	301.342114	301.107763	300.822232	301.342114	0.519882262	0.0564121578	0	0	0	0	3
375	993	316.067347	1.97032659	301.345425	301.11333	300.828659	301.345425	0.516766723	0.0564121578	0	0	0	0	3
376	995	316.617253	1.97558079	301.348636	301.118699	300.835279	301.348636	0.513356157	0.0564121578	0	0	0	0	3
377	998	317.183679	1.980835	301.351942	301.1242	300.841693	301.351942	0.510249322	0.0564121578	0	0	0	0	3
378	1000	317.733092	1.9860892	301.355146	301.129505	300.848293	301.355146	0.506853112	0.0564121578	0	0	0	0	3
379	1002	318.298958	1.99134341	301.358444	301.134938	300.8547	301.358444	0.503743781	0.0564121578	0	0	0	0	3
380	1005	318.847874	1.99659761	301.361641	301.140183	300.861279	301.361641	0.500362246	0.0564121578	0	0	0	0	3
381	1007	319.413385	2.00185181	301.364934	301.145546	300.867648	301.364934	0.497286082	0.0564121578	0	0	0	0	3
382	1009	319.962064	2.00710602	301.368127	301.150717	300.874206	301.368127	0.493920355	0.0564121578	0	0	0	0	3
383	1012	320.527309	2.01236022	301.371414	301.156013	300.880547	301.371414	0.490866595	0.0564121578	0	0	0	0	3
384	1014	321.075651	2.01761443	301.374601	301.161113	300.887091	301.374601	0.487510278	0.0564121578	0	0	0	0	3
385	1017	321.640539	2.02286863	301.377884	301.166343	300.893424	301.377884	0.484459674	0.0564121578	0	0	0	0	3
386	1019	322.188637	2.02812284	301.381069	301.171384	300.89995	301.381069	0.481118655	0.0564121578	0	0	0	0	3
387	1021	322.753339	2.03337704	301.384346	301.176548	300.906272	301.384346	0.478074817	0.0564121578	0	0	0	0	3
388	1024	323.301187	2.03863124	301.387524	301.181527	300.912775	301.387524	0.474749241	0.0564121578	0	0	0	0	3
389	1026	323.865446	2.04388545	301.390796	301.186622	300.919091	301.390796	0.471705502	0.0564121578	0	0	0	0	3
390	1028	324.412621	2.04913965	301.393968	301.191539	300.925577	301.393968	0.468391624	0.0564121578	0	0	0	0	3
391	1031	324.976183	2.05439386	301.397233	301.196566	300.931857	301.397233	0.465375985	0.0564121578	0	0	0	0	3
392	1033	325.522837	2.05964806	301.400398	301.20141	300.938324	301.400398	0.462073429	0.0564121578	0	0	0	0	3
393	1035	326.086185	2.06490227	301.403658	301.20637	300.944598	301.403658	0.459060087	0.0564121578	0	0	0	0	3
394	1038	326.632823	2.07015647	301.40682	301.211154	300.951047	301.40682	0.455773663	0.0564121578	0	0	0	0	3
395	1040	327.19596	2.07541067	301.410075	301.216048	300.9573	301.410075	0.452775019	0.0564121578	0	0	0	0	3
396	1042	327.742325	2.08066488	301.413231	301.220766	300.963731	301.413231	0.449500087	0.0564121578	0	0	0	0	3
397	1045	328.304155	2.08591908	301.416476	301.22559	300.969976	301.416476	0.446499994	0.0564121578	0	0	0	0	3
398	1047	328.847924	2.09117329	301.419615	301.23024	300.976387	301.419615	0.44322845	0.0564121578	0	0	0	0	3
399	1049	329.408894	2.09642749	301.422851	301.234994	300.982594	301.422851	0.440256342	0.0564121578	0	0	0	0	3
400	1052	329.952171	2.1016817	301.425983	301.23957	300.988993	301.425983	0.436989555	0.0564121578	0	0	0	0	3
401	1055	330.512675	2.1069359	301.429213	301.244261	300.995203	301.429213	0.434010911	0.0564121578	0	0	0	0	3
402	1058	331.057441	2.1121901	301.432352	301.248787	301.001585	301.432352	0.430766782	0.0564121578	0	0	0	0	3
403	1060	331.61732	2.11744431	301.435574	301.25341	301.007769	301.435574	0.42780539	0.0564121578	0	0	0	0	3
404	1062	332.161801	2.12269851	301.438707	301.257868	301.014132	301.438707	0.424574993	0.0564121578	0	0	0	0	3
405	1065	332.720881	2.12795272	301.441923	301.262423	301.020308	301.441923	0.421614507	0.0564121578	0	0	0	0	3
406	1067	333.262984	2.13320692	301.445039	301.266814	301.026652	301.445039	0.418386441	0.0564121578	0	0	0	0	3
407	1070	333.821712	2.13846112	301.448248	301.271302	301.032796	301.448248	0.415452572	0.0564121578	0	0	0	0	3
408	1072	334.36275	2.14371533	301.451354	301.27562	301.039123	301.451354	0.412230862	0.0564121578	0	0	0	0	3
409	1074	334.921078	2.14896953	301.454558	301.280043	301.045266	301.454558	0.409291703	0.0564121578	0	0	0	0	3
410	1077	335.462474	2.15422374	301.457663	301.284306	301.051579	301.457663	0.406084356	0.0564121578	0	0	0	0	3
411	1079	336.020202	2.15947794	301.46086	301.288663	301.057706	301.46086	0.403153752	0.0564121578	0	0	0	0	3
412	1081	336.562652	2.16473215	301.463967	301.292868	301.064003	301.463967	0.399963682	0.0564121578	0	0	0	0	3
413	1084	337.119663	2.16998635	301.467157	301.297158	301.070116	301.467157	0.397040335	0.0564121578	0	0	0	0	3
414	1086	337.659578	2.17524055	301.470246	301.301293	301.076396	301.470246	0.393849669	0.0564121578	0	0	0	0	3
415	1088	338.216552	2.18049476	301.473432	301.305519	301.082471	301.473432	0.390960473	0.0564121578	0	0	0	0	3
416	1091	338.75599	2.18574896	301.476515	301.309581	301.088734	301.476515	0.387780437	0.0564121578	0	0	0	0	3
417	1093	339.312621	2.19100317	301.479695	301.313742	301.094811	301.479695	0.384883621	0.0564121578	0	0	0	0	3
418	1095	339.85252	2.19625737	301.482778	301.317751	301.10106	301.482778	0.381718104	0.0564121578	0	0	0	0	3
419	1098	340.40888	2.20151158	301.485954	301.321848	301.107124	301.485954	0.378829974	0.0564121578	0	0	0	0	3
420	1100	340.949576	2.20676578	301.489038	301.325798	301.113358	301.489038	0.375679319	0.0564121578	0	0	0	0	3
421	1102	341.505336	2.21201998	301.492205	301.32983	301.119404	301.492205	0.372801236	0.0564121578	0	0	0	0	3
422	1105	342.043648	2.21727419	301.495273	301.33371	301.125623	301.495273	0.369650363	0.0564121578	0	0	0	0	3
423	1107	342.599169	2.22252839	301.498437	301.337677	301.131635	301.498437	0.366802009	0.0564121578	0	0	0	0	3
424	1109	343.13728	2.2277826	301.501499	301.341488	301.137841	301.501499	0.363657924	0.0564121578	0	0	0	0	3
425	1112	343.692422	2.2330368	301.504657	301.345392	301.143855	301.504657	0.360801931	0.0564121578	0	0	0	0	3
426	1114	344.230839	2.23829101	301.507719	301.349149	301.150044	301.507719	0.357675149	0.0564121578	0	0	0	0	3
427	1117	344.785697	2.24354521	301.510872	301.352988	301.156041	301.510872	0.35483136	0.0564121578	0	0	0	0	3
428	1119	345.324994	2.24879941	301.513934	301.356685	301.162211	301.513934	0.351723502	0.0564121578	0	0	0	0	3
429	1121	345.879119	2.25405362	301.517079	301.360457	301.168193	301.517079	0.348885687	0.0564121578	0	0	0	0	3
430	1124	346.416312	2.25930782	301.520127	301.364088	301.174348	301.520127	0.345779516	0.0564121578	0	0	0	0	3
431	1126	346.970339	2.26456203	301.523268	301.367797	301.180314	301.523268	0.342953894	0.0564121578	0	0	0	0	3
432	1128	347.506922	2.26981623	301.526309	301.371363	301.18645	301.526309	0.339859437	0.0564121578	0	0	0	0	3
433	1131	348.060686	2.27507044	301.529444	301.375007	301.192398	301.529444	0.337046565	0.0564121578	0	0	0	0	3
434	1133	348.597483	2.28032464	301.532484	301.378513	301.198517	301.532484	0.333966694	0.0564121578	0	0	0	0	3
435	1135	349.150842	2.28557884	301.535615	301.382093	301.204451	301.535615	0.331163044	0.0564121578	0	0	0	0	3
436	1138	349.688922	2.29083305	301.538656	301.385541	301.210556	301.538656	0.328100294	0.0564121578	0	0	0	0	3
437	1140	350.241622	2.29608725	301.541781	301.389057	301.216474	301.541781	0.325306474	0.0564121578	0	0	0	0	3
438	1142	350.777251	2.30134146	301.544807	301.392437	301.22256	301.544807	0.322247445	0.0564121578	0	0	0	0	3
439	1145	351.330017	2.30659566	301.547929	301.395889	301.228461	301.547929	0.319468147	0.0564121578	0	0	0	0	3
440	1147	351.865089	2.31184986	301.550948	301.399206	301.234544	301.550948	0.316404392	0.0564121578	0	0	0	0	3
441	1149	352.417538	2.31710407	301.554062	301.402599	301.240413	301.554062	0.313649353	0.0564121578	0	0	0	0	3
442	1152	352.953231	2.32235827	301.557081	301.405853	301.245949	301.557081	0.31113217	0.0564121578	0	0	0	0	3
443	1154	353.505437	2.32761248	301.560192	301.409187	301.250806	301.560192	0.309385585	0.0564121578	0	0	0	0	3
444	1156	354.042107	2.33286668	301.563212	301.412406	301.25556	301.563212	0.307652028	0.0564121578	0	0	0	0	3
445	1159	354.593585	2.33812089	301.566314	301.4157	301.259878	301.566314	0.306436053	0.0564121578	0	0	0	0	3
446	1161	355.127894	2.34337509	301.56932	301.418881	301.264061	301.56932	0.305258446	0.0564121578	0	0	0	0	3
447	1163	355.679068	2.34862929	301.572417	301.422149	301.267909	301.572417	0.304507694	0.0564121578	0	0	0	0	3
448	1166	356.213099	2.3538835	301.575416	301.42531	301.271717	301.575416	0.303699106	0.0564121578	0	0	0	0	3
449	1168	356.764078	2.3591377	301.57851	301.428562	301.275293	301.57851	0.303216466	0.0564121578	0	0	0	0	3
450	1170	357.298436	2.36439191	301.581509	301.43171	301.278887	301.581509	0.302621817	0.0564121578	0	0	0	0	3
451	1173	357.849248	2.36964611	301.584597	301.434949	301.282317	301.584597	0.302280542	0.0564121578	0	0	0	0	3
452	1175	358.384453	2.37490032	301.587597	301.438091	301.285806	301.587597	0.301790892	0.0564121578	0	0	0	0	3
453	1177	358.934618	2.38015452	301.590678	301.44132	301.289158	301.590678	0.301519511	0.0564121578	0	0	0	0	3
454	1180	359.4676	2.38540872	301.593662	301.444448	301.29259	301.593662	0.30107206	0.0564121578	0	0	0	0	3
455	1182	360.01773	2.39066293	301.596723	301.447669	301.295902	301.596723	0.300821147	0.0564121578	0	0	0	0	3
456	1185	360.552463	2.39591713	301.598825	301.450786	301.299301	301.598825	0.29952411	0.0564121578	0	0	0	0	3
457	1187	361.102012	2.40117134	301.600802	301.453978	301.30259	301.600802	0.298211587	0.0564121578	0	0	0	0	3
458	1190	361.636358	2.40642554	301.60244	301.457063	301.30597	301.60244	0.296470263	0.0564121578	0	0	0	0	3
459	1192	362.185433	2.41167975	301.603843	301.460218	301.30924	301.603843	0.294602328	0.0564121578	0	0	0	0	3
460	1194	362.719747	2.41693395	301.604984	301.463264	301.312603	301.604984	0.292381365	0.0564121578	0	0	0	0	3
461	1197	363.268301	2.42218815	301.605979	301.466371	301.315859	301.605979	0.290120491	0.0564121578	0	0	0	0	3
462	1199	363.800081	2.42744236	301.606815	301.469362	301.319206	301.606815	0.287609294	0.0564121578	0	0	0	0	3
463	1202	364.348979	2.43269656	301.607588	301.472418	301.322448	301.607588	0.285140406	0.0564121578	0	0	0	0	3
464	1204	364.882464	2.43795077	301.608271	301.475361	301.325785	301.608271	0.282485888	0.0564121578	0	0	0	0	3
465	1207	365.43073	2.44320497	301.608928	301.478362	301.32902	301.608928	0.279908082	0.0564121578	0	0	0	0	3
466	1209	365.964172	2.44845918	301.609533	301.481253	301.332349	301.609533	0.277184322	0.0564121578	0	0	0	0	3
467	1212	366.512187	2.45371338	301.610132	301.484199	301.335575	301.610132	0.27455661	0.0564121578	0	0	0	0	3
468	1214	367.045234	2.45896758	301.610696	301.487034	301.338896	301.610696	0.271799547	0.0564121578	0	0	0	0	3
469	1217	367.593029	2.46422179	301.611263	301.489923	301.342114	301.611263	0.269148985	0.0564121578	0	0	0	0	3
470	1219	368.125837	2.46947599	301.611807	301.492703	301.345425	301.611807	0.266381364	0.0564121578	0	0	0	0	3
471	1222	368.673328	2.4747302	301.612362	301.495535	301.348636	301.612362	0.263726553	0.0564121578	0	0	0	0	3
472	1224	369.206057	2.4799844	301.612895	301.49826	301.351942	301.612895	0.260953483	0.0564121578	0	0	0	0	3
473	1227	369.753514	2.4852386	301.613441	301.501036	301.355146	301.613441	0.258294747	0.0564121578	0	0	0	0	3
474	1229	370.2859	2.49049281	301.61397	301.503706	301.358444	301.61397	0.255526222	0.0564121578	0	0	0	0	3
475	1231	370.833349	2.49574701	301.614514	301.506425	301.361641	301.614514	0.252873449	0.0564121578	0	0	0	0	3
476	1234	371.365543	2.50100122	301.615042	301.509039	301.364934	301.615042	0.250108009	0.0564121578	0	0	0	0	3
477	1236	371.912767	2.50625542	301.615583	301.511702	301.368127	301.615583	0.247456116	0.0564121578	0	0	0	0	3
478	1239	372.444999	2.51150963	301.616108	301.514262	301.371414	301.616108	0.244694525	0.0564121578	0	0	0	0	3
479	1241	372.992047	2.51676383	301.616648	301.516868	301.374601	301.616648	0.242047281	0.0564121578	0	0	0	0	3
480	1244	373.524111	2.52201803	301.617172	301.519373	301.377884	301.617172	0.239288172	0.0564121578	0	0	0	0	3
481	1246	374.071133	2.52727224	301.61771	301.521923	301.381069	301.61771	0.236640986	0.0564121578	0	0	0	0	3
482	1249	374.603183	2.53252644	301.618232	301.524374	301.384346	301.618232	0.23388574	0.0564121578	0	0	0	0	3
483	1251	375.150194	2.53778065	301.61877	301.526869	301.387524	301.61877	0.231245529	0.0564121578	0	0	0	0	3
484	1253	375.682193	2.54303485	301.619291	301.529265	301.390796	301.619291	0.228495019	0.0564121578	0	0	0	0	3
485	1256	376.229021	2.54828906	301.619827	301.531702	301.393968	301.619827	0.225858915	0.0564121578	0	0	0	0	3
486	1258	376.76078	2.55354326	301.620349	301.534043	301.397233	301.620349	0.22311559	0.0564121578	0	0	0	0	3
487	1261	377.307699	2.55879746	301.620884	301.536424	301.400398	301.620884	0.220486843	0.0564121578	0	0	0	0	3
488	1263	377.839414	2.56405167	301.621405	301.538709	301.403658	301.621405	0.217746905	0.0564121578	0	0	0	0	3
489	1265	378.386174	2.56930587	301.62194	301.541033	301.40682	301.62194	0.215119754	0.0564121578	0	0	0	0	3
490	1268	378.917952	2.57456008	301.622461	301.543265	301.410075	301.622461	0.212386032	0.0564121578	0	0	0	0	3
491	1270	379.464608	2.57981428	301.622996	301.545534	301.413231	301.622996	0.209765558	0.0564121578	0	0	0	0	3
492	1272	379.996121	2.58506849	301.623517	301.54771	301.416476	301.623517	0.207040824	0.0564121578	0	0	0	0	3
493	1275	380.542904	2.59032269	301.624052	301.549921	301.419615	301.624052	0.204436968	0.0564121578	0	0	0	0	3
494	1277	381.074442	2.59557689	301.624573	301.552037	301.422851	301.624573	0.201722194	0.0564121578	0	0	0	0	3
495	1279	381.621024	2.6008311	301.625109	301.55419	301.425983	301.625109	0.199125976	0.0564121578	0	0	0	0	3
496	1282	382.152744	2.6060853	301.625629	301.556252	301.429213	301.625629	0.196415848	0.0564121578	0	0	0	0	3
497	1284	382.699284	2.61133951	301.626164	301.558349	301.432352	301.626164	0.193812125	0.0564121578	0	0	0	0	3
498	1286	383.230704	2.61659371	301.626685	301.56036	301.435574	301.626685	0.191110924	0.0564121578	0	0	0	0	3
499	1289	383.777335	2.62184791	301.627221	301.5624	301.438707	301.627221	0.188514173	0.0564121578	0	0	0	0	3
500	1291	384.308743	2.62710212	301.627743	301.564358	301.441923	301.627743	0.185819886	0.0564121578	0	0	0	0	3
501	1294	384.855212	2.63235632	301.628279	301.566341	301.445039	301.628279	0.183239867	0.0564121578	0	0	0	0	3
502	1297	385.386846	2.63761053	301.6288	301.568239	301.448248	301.6288	0.18055158	0.0564121578	0	0	0	0	3
503	1299	385.933504	2.64286473	301.629336	301.570167	301.451354	301.629336	0.177981829	0.0564121578	0	0	0	0	3
504	1301	386.464799	2.64811894	301.629857	301.572009	301.454558	301.629857	0.175299257	0.0564121578	0	0	0	0	3
505	1304	387.011463	2.65337314	301.630393	301.573881	301.457663	301.630393	0.172730015	0.0564121578	0	0	0	0	3
506	1306	387.542766	2.65862734	301.630914	301.575671	301.46086	301.630914	0.170054503	0.0564121578	0	0	0	0	3
507	1308	388.089211	2.66388155	301.63145	301.577486	301.463967	301.63145	0.167483304	0.0564121578	0	0	0	0	3
508	1310	388.620592	2.66913575	301.631971	301.579225	301.467157	301.631971	0.1648149	0.0564121578	0	0	0	0	3
509	1313	389.166984	2.67438996	301.632508	301.580984	301.470246	301.632508	0.16226169	0.0564121578	0	0	0	0	3
510	1315	389.697999	2.67964416	301.633027	301.582664	301.473432	301.633027	0.15959551	0.0564121578	0	0	0	0	3
511	1318	390.244287	2.68489837	301.633563	301.584368	301.476515	301.633563	0.157048323	0.0564121578	0	0	0	0	3
512	1320	390.775418	2.69015257	301.634084	301.585994	301.479695	301.634084	0.154389072	0.0564121578	0	0	0	0	3
513	1322	391.32169	2.69540677	301.63462	301.587642	301.482778	301.63462	0.151842093	0.0564121578	0	0	0	0	3
514	1324	391.852824	2.70066098	301.63514	301.589216	301.485954	301.63514	0.149186305	0.0564121578	0	0	0	0	3
515	1327	392.39915	2.70591518	301.635674	301.590809	301.489038	301.635674	0.146636857	0.0564121578	0	0	0	0	3
516	1329	392.93001	2.71116939	301.636194	301.592331	301.492205	301.636194	0.143988796	0.0564121578	0	0	0	0	3
517	1331	393.476329	2.71642359	301.63673	301.593869	301.495273	301.63673	0.141456335	0.0564121578	0	0	0	0	3
518	1334	394.007406	2.7216778	301.63725	301.595334	301.498437	301.63725	0.138813306	0.0564121578	0	0	0	0	3
519	1336	394.55359	2.726932	301.637785	301.596816	301.501499	301.637785	0.136285706	0.0564121578	0	0	0	0	3
520	1338	395.084753	2.7321862	301.638305	301.598227	301.504657	301.638305	0.133647231	0.0564121578	0	0	0	0	3
521	1341	395.630905	2.73744041	301.638839	301.599655	301.507719	301.638839	0.131119807	0.0564121578	0	0	0	0	3
522	1343	396.161774	2.74269461	301.639358	301.601014	301.510872	301.639358	0.128486274	0.0564121578	0	0	0	0	3
523	1345	396.708072	2.74794882	301.639893	301.602386	301.513934	301.639893	0.125958415	0.0564121578	0	0	0	0	3
524	1348	397.239099	2.75320302	301.640412	301.603694	301.517079	301.640412	0.12333305	0.0564121578	0	0	0	0	3
525	1350	397.78519	2.75845723	301.640946	301.60501	301.520127	301.640946	0.120818481	0.0564121578	0	0	0	0	3
526	1352	398.316416	2.76371143	301.641464	301.606262	301.523268	301.641464	0.118195478	0.0564121578	0	0	0	0	3
527	1354	398.862608	2.76896563	301.641997	301.607524	301.526309	301.641997	0.115687783	0.0564121578	0	0	0	0	3
528	1357	399.393465	2.77421984	301.642516	301.608722	301.529444	301.642516	0.113071408	0.0564121578	0	0	0	0	3
529	1359	399.939735	2.77947404	301.643049	301.60993	301.532484	301.643049	0.110565317	0.0564121578	0	0	0	0	3
530	1361	400.470671	2.78472825	301.643566	301.611076	301.535615	301.643566	0.107951488	0.0564121578	0	0	0	0	3
531	1364	401.016618	2.78998245	301.644098	301.612228	301.538656	301.644098	0.105441641	0.0564121578	0	0	0	0	3
532	1366	401.547725	2.79523665	301.644616	301.613323	301.541781	301.644616	0.102835031	0.0564121578	0	0	0	0	3
533	1368	402.093823	2.80049086	301.645148	301.614421	301.544807	301.645148	0.10034069	0.0564121578	0	0	0	0	3
534	1371	402.624535	2.80574506	301.645665	301.61546	301.547929	301.645665	0.0977366844	0.0564121578	0	0	0	0	3
535	1373	403.170578	2.81099927	301.646196	301.616504	301.550948	301.646196	0.0952484812	0.0564121578	0	0	0	0	3
536	1375	403.701382	2.81625347	301.646712	301.61749	301.554062	301.646712	0.0926499272	0.0564121578	0	0	0	0	3
537	1378	404.247116	2.82150768	301.647241	301.618479	301.557081	301.647241	0.0901603129	0.0564121578	0	0	0	0	3
538	1380	404.775981	2.82676188	301.647756	301.619413	301.560192	301.647756	0.0875642824	0.0564121578	0	0	0	0	3
