Iteration	CPUTime	PhysTime	Travels	Value	AvValue	MinValue	MaxValue	Delta	Criteria	PrevAvRefValue	Progress	CriteriaType	CriteriaVarType	CriteriaPercentage
1	29	0.0162367046	0.00525420424	101324.674	101324.674	101324.674	101324.674	0	0	0	0	0	0	3
2	31	0.0324781022	0.0105084085	101324.674	101324.674	101324.674	101324.674	9.20063758e-05	0	0	0	0	0	3
3	33	0.0487542881	0.0157626127	101324.674	101324.674	101324.674	101324.674	0.000201765593	0	0	0	0	0	3
4	36	0.0652875332	0.021016817	101324.675	101324.674	101324.674	101324.675	0.000329331233	0	0	0	0	0	3
5	38	0.0837201606	0.0262710212	101324.675	101324.674	101324.674	101324.675	0.000490759194	0	0	0	0	0	3
6	40	0.132420249	0.0315252254	101324.676	101324.675	101324.674	101324.676	0.00112136888	0	0	0	0	0	3
7	42	0.336429492	0.0367794297	101324.683	101324.68	101324.674	101324.683	0.00580602176	0	0	0	0	0	3
8	46	1.67553863	0.0420336339	101324.751	101324.736	101324.674	101324.751	0.0624800967	0	0	0	0	0	3
9	50	10.7473596	0.0472878381	101325.241	101325.162	101324.674	101325.241	0.488526542	0	0	0	0	0	3
10	55	44.8039731	0.0525420424	101326.565	101326.228	101324.674	101326.565	1.55436643	0	0	0	0	0	3
11	58	45.6867102	0.0577962466	101326.612	101326.236	101324.674	101326.612	1.56178582	0	0	0	0	0	3
12	61	46.3795552	0.0630504509	101326.65	101326.242	101324.674	101326.65	1.56797951	0	0	0	0	0	3
13	64	46.8586132	0.0683046551	101326.676	101326.246	101324.674	101326.676	1.57242037	0	0	0	0	0	3
14	66	47.2647115	0.0735588593	101326.698	101326.25	101324.674	101326.698	1.5762999	0	0	0	0	0	3
15	69	47.6243691	0.0788130636	101326.717	101326.254	101324.674	101326.717	1.57982258	0	0	0	0	0	3
16	72	48.1363147	0.0840672678	101326.743	101326.259	101324.674	101326.743	1.58502615	0	0	0	0	0	3
17	74	48.6168349	0.0893214721	101326.768	101326.264	101324.674	101326.768	1.59005295	0	0	0	0	0	3
18	77	49.0827006	0.0945756763	101326.791	101326.269	101324.674	101326.791	1.59505693	0	0	0	0	0	3
19	79	49.5540243	0.0998298805	101326.815	101326.274	101324.674	101326.815	1.60024837	0	0	0	0	0	3
20	82	50.047109	0.105084085	101326.839	101326.28	101324.674	101326.839	1.60581694	0	0	0	0	0	3
21	85	50.8057684	0.110338289	101326.877	101326.289	101324.674	101326.877	1.61472965	0	0	0	0	0	3
22	87	51.5990821	0.115592493	101326.915	101326.298	101324.674	101326.915	1.62435916	0	0	0	0	0	3
23	90	52.4251184	0.120846697	101326.954	101326.309	101324.674	101326.954	1.634696	0	0	0	0	0	3
24	93	53.2727271	0.126100902	101326.994	101326.32	101324.674	101326.994	1.64560044	0	0	0	0	0	3
25	95	54.130989	0.131355106	101327.034	101326.331	101324.674	101327.034	1.65692041	0	0	0	0	0	3
26	98	55.4182895	0.13660931	101327.091	101326.349	101324.674	101327.091	1.67457894	0	0	0	0	0	3
27	101	56.6950026	0.141863514	101327.147	101326.367	101324.674	101327.147	1.69255469	0	0	0	0	0	3
28	104	57.9460995	0.147117719	101327.2	101326.385	101324.674	101327.2	1.71054912	0	0	0	0	0	3
29	107	59.1662014	0.152371923	101327.251	101326.402	101324.674	101327.251	1.72840891	0	0	0	0	0	3
30	110	60.355004	0.157626127	101327.304	101326.42	101324.674	101327.304	1.74617541	0	0	0	0	0	3
31	113	61.8847727	0.162880331	101327.393	101326.444	101324.674	101327.393	1.77022489	0	0	0	0	0	3
32	116	63.379911	0.168134536	101327.489	101326.469	101324.674	101327.489	1.79487711	0	0	0	0	0	3
33	119	64.8470579	0.17338874	101327.594	101326.494	101324.674	101327.594	1.82033364	0	0	0	0	0	3
34	122	66.2896594	0.178642944	101327.707	101326.521	101324.674	101327.707	1.8467211	0	0	0	0	0	3
35	124	67.7108526	0.183897148	101327.826	101326.548	101324.674	101327.826	1.87411243	0	0	0	0	0	3
36	128	69.1116691	0.189151353	101327.948	101326.576	101324.674	101327.948	1.90249622	0	0	0	0	0	3
37	131	70.4936093	0.194405557	101328.073	101326.606	101324.674	101328.073	1.93183314	0	0	0	0	0	3
38	133	71.8566672	0.199659761	101328.198	101326.636	101324.674	101328.198	1.96203177	0	0	0	0	0	3
39	136	73.2023027	0.204913965	101328.321	101326.667	101324.674	101328.321	1.99300836	0	0	0	0	0	3
40	139	74.5301983	0.21016817	101328.442	101326.699	101324.674	101328.442	2.02463736	0	0	0	0	0	3
41	142	75.8411404	0.215422374	101328.561	101326.731	101324.674	101328.561	2.05682453	0	0	0	0	0	3
42	145	77.1354356	0.220676578	101328.676	101326.763	101324.674	101328.676	2.08946345	0	0	0	0	0	3
43	148	78.4134466	0.225930782	101328.788	101326.796	101324.674	101328.788	2.12246115	0	0	0	0	0	3
44	151	79.6755359	0.231184986	101328.896	101326.83	101324.674	101328.896	2.15572487	0	0	0	0	0	3
45	154	80.9223344	0.236439191	101329.001	101326.863	101324.674	101329.001	2.18918498	0	0	0	0	0	3
46	157	82.1541264	0.241693395	101329.103	101326.897	101324.674	101329.103	2.22276404	0	0	0	0	0	3
47	160	83.3718609	0.246947599	101329.201	101326.93	101324.674	101329.201	2.25641959	0	0	0	0	0	3
48	162	84.5752894	0.252201803	101329.296	101326.964	101324.674	101329.296	2.29008066	0	0	0	0	0	3
49	165	85.7659717	0.257456008	101329.388	101326.998	101324.674	101329.388	2.32372723	0	0	0	0	0	3
50	168	86.9434252	0.262710212	101329.476	101327.031	101324.674	101329.476	2.35729721	0	0	0	0	0	3
51	171	88.1093756	0.267964416	101329.562	101327.065	101324.674	101329.562	2.39079228	0	0	0	0	0	3
52	174	89.2629975	0.27321862	101329.646	101327.098	101324.674	101329.646	2.42414915	0	0	0	0	0	3
53	176	90.4060462	0.278472825	101329.727	101327.131	101324.674	101329.727	2.45738306	0	0	0	0	0	3
54	179	91.5377194	0.283727029	101329.805	101327.164	101324.674	101329.805	2.49043786	0	0	0	0	0	3
55	182	92.6598196	0.288981233	101329.881	101327.197	101324.674	101329.881	2.52333787	0	0	0	0	0	3
56	185	93.7715015	0.294235437	101329.955	101327.23	101324.674	101329.955	2.5560327	0	0	0	0	0	3
57	188	94.8744384	0.299489642	101330.027	101327.263	101324.674	101330.027	2.58854812	0	0	0	0	0	3
58	190	95.9676129	0.304743846	101330.097	101327.295	101324.674	101330.097	2.62083197	0	0	0	0	0	3
59	193	97.0527481	0.30999805	101330.164	101327.327	101324.674	101330.164	2.6529158	0	0	0	0	0	3
60	196	98.1287847	0.315252254	101330.23	101327.359	101324.674	101330.23	2.68475437	0	0	0	0	0	3
61	199	99.1976554	0.320506459	101330.294	101327.39	101324.674	101330.294	2.71638671	0	0	0	0	0	3
62	202	100.258183	0.325760663	101330.357	101327.422	101324.674	101330.357	2.74777048	0	0	0	0	0	3
63	204	101.311257	0.331014867	101330.418	101327.453	101324.674	101330.418	2.77891846	0	0	0	0	0	3
64	207	102.357164	0.336269071	101330.478	101327.484	101324.674	101330.478	2.80983231	0	0	0	0	0	3
65	210	103.395719	0.341523275	101330.537	101327.514	101324.674	101330.537	2.84049681	0	0	0	0	0	3
66	212	104.427781	0.34677748	101330.594	101327.545	101324.674	101330.594	2.87093317	0	0	0	0	0	3
67	215	105.453104	0.352031684	101330.651	101327.575	101324.674	101330.651	2.90112941	0	0	0	0	0	3
68	218	106.47211	0.357285888	101330.706	101327.605	101324.674	101330.706	2.93109109	0	0	0	0	0	3
69	221	107.484994	0.362540092	101330.76	101327.635	101324.674	101330.76	2.96082198	0	0	0	0	0	3
70	223	108.491859	0.367794297	101330.814	101327.664	101324.674	101330.814	2.99032236	0	0	0	0	0	3
71	226	109.493136	0.373048501	101330.866	101327.694	101324.674	101330.866	3.01959952	0	0	0	0	0	3
72	229	110.48873	0.378302705	101330.918	101327.723	101324.674	101330.918	3.04865233	0	0	0	0	0	3
73	231	111.478853	0.383556909	101330.969	101327.751	101324.674	101330.969	3.07748372	0	0	0	0	0	3
74	234	112.464077	0.388811114	101331.019	101327.78	101324.674	101331.019	3.10610593	0	0	0	0	0	3
75	237	113.443263	0.394065318	101331.068	101327.808	101324.674	101331.068	3.13448861	0	0	0	0	0	3
76	240	114.417958	0.399319522	101331.117	101327.837	101324.674	101331.117	3.162674	0	0	0	0	0	3
77	242	115.386896	0.404573726	101331.165	101327.865	101324.674	101331.165	3.19062384	0	0	0	0	0	3
78	245	116.351776	0.409827931	101331.212	101327.892	101324.674	101331.212	3.21838324	0	0	0	0	0	3
79	248	117.311409	0.415082135	101331.258	101327.92	101324.674	101331.258	3.24591789	0	0	0	0	0	3
80	251	118.267444	0.420336339	101331.304	101327.947	101324.674	101331.304	3.27327553	0	0	0	0	0	3
81	253	119.218561	0.425590543	101331.35	101327.974	101324.674	101331.35	3.3004196	0	0	0	0	0	3
82	256	120.16619	0.430844748	101331.397	101328.001	101324.674	101331.397	3.32740786	0	0	0	0	0	3
83	258	121.109036	0.436098952	101331.457	101328.028	101324.674	101331.457	3.35431342	0	0	0	0	0	3
84	261	122.048265	0.441353156	101331.526	101328.055	101324.674	101331.526	3.38122699	0	0	0	0	0	3
85	264	122.983322	0.44660736	101331.603	101328.082	101324.674	101331.603	3.4082027	0	0	0	0	0	3
86	267	123.91461	0.451861564	101331.689	101328.109	101324.674	101331.689	3.43531152	0	0	0	0	0	3
87	270	124.842341	0.457115769	101331.782	101328.137	101324.674	101331.782	3.46260799	0	0	0	0	0	3
88	273	125.765674	0.462369973	101331.882	101328.164	101324.674	101331.882	3.49010769	0	0	0	0	0	3
89	276	126.685654	0.467624177	101331.987	101328.192	101324.674	101331.987	3.51787045	0	0	0	0	0	3
90	278	127.600797	0.472878381	101332.095	101328.22	101324.674	101332.095	3.54586056	0	0	0	0	0	3
91	281	128.512689	0.478132586	101332.204	101328.248	101324.674	101332.204	3.57413032	0	0	0	0	0	3
92	284	129.420043	0.48338679	101332.314	101328.277	101324.674	101332.314	3.60263656	0	0	0	0	0	3
93	286	130.32358	0.488640994	101332.424	101328.305	101324.674	101332.424	3.63139203	0	0	0	0	0	3
94	289	131.223462	0.493895198	101332.532	101328.334	101324.674	101332.532	3.66038024	0	0	0	0	0	3
95	292	132.118622	0.499149403	101332.639	101328.364	101324.674	101332.639	3.68954665	0	0	0	0	0	3
96	295	133.010281	0.504403607	101332.743	101328.393	101324.674	101332.743	3.71890714	0	0	0	0	0	3
97	298	133.897049	0.509657811	101332.845	101328.423	101324.674	101332.845	3.74875633	0	0	0	0	0	3
98	300	134.779986	0.514912015	101332.944	101328.453	101324.674	101332.944	3.77872475	0	0	0	0	0	3
99	303	135.658406	0.52016622	101333.04	101328.483	101324.675	101333.04	3.80876654	0	0	0	0	0	3
100	306	136.532588	0.525420424	101333.134	101328.513	101324.675	101333.134	3.83885935	0	0	0	0	0	3
101	309	137.403119	0.530674628	101333.225	101328.544	101324.676	101333.225	3.86861469	0	0	0	0	0	3
102	312	138.268708	0.535928832	101333.313	101328.575	101324.683	101333.313	3.89518094	0	0	0	0	0	3
103	314	139.130761	0.541183037	101333.399	101328.611	101324.751	101333.399	3.87419059	0	0	0	0	0	3
104	317	139.988093	0.546437241	101333.483	101328.678	101325.241	101333.483	3.51571529	0	0	0	0	0	3
105	320	140.842276	0.551691445	101333.564	101328.95	101326.565	101333.564	2.7216261	0	0	0	0	0	3
106	322	141.692186	0.556945649	101333.643	101329.83	101326.612	101333.643	3.59380851	0	0	0	0	0	3
107	325	142.53944	0.562199853	101333.72	101329.893	101326.65	101333.72	3.65096794	0	0	0	0	0	3
108	328	143.382779	0.567454058	101333.794	101329.95	101326.676	101333.794	3.70360679	0	0	0	0	0	3
109	330	144.223358	0.572708262	101333.867	101330	101326.698	101333.867	3.74965478	0	0	0	0	0	3
110	333	145.060041	0.577962466	101333.938	101330.047	101326.717	101333.938	3.79353775	0	0	0	0	0	3
111	335	145.892958	0.58321667	101334.008	101330.093	101326.743	101334.008	3.83409297	0	0	0	0	0	3
112	338	146.722343	0.588470875	101334.075	101330.144	101326.768	101334.075	3.87996374	0	0	0	0	0	3
113	341	147.548949	0.593725079	101334.142	101330.194	101326.791	101334.142	3.92476157	0	0	0	0	0	3
114	343	148.371499	0.598979283	101334.206	101330.243	101326.815	101334.206	3.96877546	0	0	0	0	0	3
115	346	149.191393	0.604233487	101334.27	101330.292	101326.839	101334.27	4.01255866	0	0	0	0	0	3
116	348	150.007513	0.609487692	101334.332	101330.342	101326.877	101334.332	4.05365644	0	0	0	0	0	3
117	351	150.821518	0.614741896	101334.393	101330.402	101326.915	101334.393	4.10328464	0	0	0	0	0	3
118	354	151.631739	0.6199961	101334.453	101330.462	101326.954	101334.453	4.15341439	0	0	0	0	0	3
119	356	152.440835	0.625250304	101334.513	101330.524	101326.994	101334.513	4.20425273	0	0	0	0	0	3
120	359	153.245536	0.630504509	101334.57	101330.586	101327.034	101334.57	4.25542772	0	0	0	0	0	3
121	361	154.049107	0.635758713	101334.626	101330.649	101327.091	101334.626	4.30077358	0	0	0	0	0	3
122	364	154.848083	0.641012917	101334.68	101330.728	101327.147	101334.68	4.36125761	0	0	0	0	0	3
123	367	155.646418	0.646267121	101334.735	101330.806	101327.2	101334.735	4.42179627	0	0	0	0	0	3
124	369	156.443696	0.651521326	101334.789	101330.884	101327.251	101334.789	4.48198168	0	0	0	0	0	3
125	372	157.240514	0.65677553	101334.843	101330.962	101327.304	101334.843	4.54158745	0	0	0	0	0	3
126	374	158.035365	0.662029734	101334.897	101331.038	101327.393	101334.897	4.59406849	0	0	0	0	0	3
127	377	158.827885	0.667283938	101334.95	101331.128	101327.489	101334.95	4.65891729	0	0	0	0	0	3
128	379	159.617132	0.672538143	101335.003	101331.216	101327.594	101335.003	4.72177382	0	0	0	0	0	3
129	382	160.404378	0.677792347	101335.056	101331.303	101327.707	101335.056	4.78263496	0	0	0	0	0	3
130	384	161.188516	0.683046551	101335.108	101331.389	101327.826	101335.108	4.84135445	0	0	0	0	0	3
131	387	161.97083	0.688300755	101335.16	101331.474	101327.948	101335.16	4.89799955	0	0	0	0	0	3
132	390	162.747933	0.693554959	101335.211	101331.558	101328.073	101335.211	4.95242483	0	0	0	0	0	3
133	392	163.535396	0.698809164	101335.263	101331.641	101328.198	101335.263	5.0053481	0	0	0	0	0	3
134	395	164.311637	0.704063368	101335.313	101331.723	101328.321	101335.313	5.05596668	0	0	0	0	0	3
135	397	165.092032	0.709317572	101335.364	101331.804	101328.442	101335.364	5.10507857	0	0	0	0	0	3
136	399	165.858274	0.714571776	101335.413	101331.883	101328.561	101335.413	5.15205225	0	0	0	0	0	3
137	402	166.639231	0.719825981	101335.464	101331.962	101328.676	101335.464	5.19817632	0	0	0	0	0	3
138	404	167.407477	0.725080185	101335.513	101332.039	101328.788	101335.513	5.24250824	0	0	0	0	0	3
139	407	168.182998	0.730334389	101335.562	101332.116	101328.896	101335.562	5.28596306	0	0	0	0	0	3
140	409	168.939097	0.735588593	101335.609	101332.191	101329.001	101335.609	5.32760957	0	0	0	0	0	3
141	412	169.71173	0.740842798	101335.657	101332.266	101329.103	101335.657	5.36897755	0	0	0	0	0	3
142	414	170.46465	0.746097002	101335.703	101332.339	101329.201	101335.703	5.40875038	0	0	0	0	0	3
143	417	171.233429	0.751351206	101335.751	101332.412	101329.296	101335.751	5.44843531	0	0	0	0	0	3
144	419	171.98159	0.75660541	101335.796	101332.484	101329.388	101335.796	5.48666067	0	0	0	0	0	3
145	422	172.746519	0.761859615	101335.843	101332.556	101329.476	101335.843	5.52502291	0	0	0	0	0	3
146	424	173.490658	0.767113819	101335.888	101332.627	101329.562	101335.888	5.56207764	0	0	0	0	0	3
147	426	174.251597	0.772368023	101335.934	101332.698	101329.646	101335.934	5.5994135	0	0	0	0	0	3
148	429	174.991797	0.777622227	101335.979	101332.767	101329.727	101335.979	5.63557577	0	0	0	0	0	3
149	431	175.748755	0.782876432	101336.024	101332.837	101329.805	101336.024	5.67212689	0	0	0	0	0	3
150	434	176.485066	0.788130636	101336.068	101332.905	101329.881	101336.068	5.70761959	0	0	0	0	0	3
151	436	177.237932	0.79338484	101336.112	101332.974	101329.955	101336.112	5.74359131	0	0	0	0	0	3
152	439	177.970544	0.798639044	101336.156	101333.041	101330.027	101336.156	5.77861667	0	0	0	0	0	3
153	441	178.7196	0.803893248	101336.2	101333.109	101330.097	101336.2	5.81420303	0	0	0	0	0	3
154	443	179.449263	0.809147453	101336.243	101333.176	101330.164	101336.243	5.84896158	0	0	0	0	0	3
155	446	180.194906	0.814401657	101336.29	101333.243	101330.23	101336.29	5.8843553	0	0	0	0	0	3
156	448	180.921696	0.819655861	101336.345	101333.309	101330.294	101336.345	5.91910566	0	0	0	0	0	3
157	451	181.664345	0.824910065	101336.407	101333.376	101330.357	101336.407	5.9546947	0	0	0	0	0	3
158	453	182.38801	0.83016427	101336.475	101333.443	101330.418	101336.475	5.98983856	0	0	0	0	0	3
159	456	183.127942	0.835418474	101336.553	101333.51	101330.478	101336.553	6.02597915	0	0	0	0	0	3
160	459	183.848217	0.840672678	101336.635	101333.576	101330.537	101336.635	6.06184826	0	0	0	0	0	3
161	461	184.585145	0.845926882	101336.725	101333.644	101330.594	101336.725	6.09887677	0	0	0	0	0	3
162	464	185.301945	0.851181087	101336.818	101333.711	101330.651	101336.818	6.13573404	0	0	0	0	0	3
163	466	186.035498	0.856435291	101336.917	101333.779	101330.706	101336.917	6.17389671	0	0	0	0	0	3
164	469	186.748391	0.861689495	101337.015	101333.847	101330.76	101337.015	6.21191864	0	0	0	0	0	3
165	471	187.478604	0.866943699	101337.118	101333.916	101330.814	101337.118	6.25136125	0	0	0	0	0	3
166	474	188.187669	0.872197904	101337.218	101333.984	101330.866	101337.218	6.29065969	0	0	0	0	0	3
167	476	188.914413	0.877452108	101337.321	101334.054	101330.918	101337.321	6.33145531	0	0	0	0	0	3
168	479	189.620192	0.882706312	101337.421	101334.124	101330.969	101337.421	6.3721129	0	0	0	0	0	3
169	481	190.343207	0.887960516	101337.522	101334.194	101331.019	101337.522	6.41425734	0	0	0	0	0	3
170	484	191.045551	0.893214721	101337.619	101334.265	101331.068	101337.619	6.45629998	0	0	0	0	0	3
171	487	191.765119	0.898468925	101337.716	101334.336	101331.117	101337.716	6.49978358	0	0	0	0	0	3
172	489	192.463852	0.903723129	101337.809	101334.408	101331.165	101337.809	6.54312729	0	0	0	0	0	3
173	491	193.180126	0.908977333	101337.902	101334.48	101331.212	101337.902	6.58792511	0	0	0	0	0	3
174	494	193.8754	0.914231537	101337.991	101334.552	101331.258	101337.991	6.63255116	0	0	0	0	0	3
175	496	194.588091	0.919485742	101338.079	101334.626	101331.304	101338.079	6.67862834	0	0	0	0	0	3
176	499	195.279719	0.924739946	101338.164	101334.699	101331.35	101338.164	6.7244945	0	0	0	0	0	3
177	501	195.989061	0.92999415	101338.248	101334.773	101331.397	101338.248	6.77179303	0	0	0	0	0	3
178	504	196.676677	0.935248354	101338.328	101334.847	101331.457	101338.328	6.81865804	0	0	0	0	0	3
179	506	197.382426	0.940502559	101338.408	101334.922	101331.526	101338.408	6.86659282	0	0	0	0	0	3
180	509	198.066794	0.945756763	101338.485	101334.996	101331.603	101338.485	6.88143291	0	0	0	0	0	3
181	511	198.768919	0.951010967	101338.561	101335.071	101331.689	101338.561	6.87166135	0	0	0	0	0	3
182	514	199.450243	0.956265171	101338.634	101335.145	101331.782	101338.634	6.85155748	0	0	0	0	0	3
183	517	200.149165	0.961519376	101338.706	101335.219	101331.882	101338.706	6.82375065	0	0	0	0	0	3
184	519	200.827531	0.96677358	101338.776	101335.292	101331.987	101338.776	6.78914594	0	0	0	0	0	3
185	521	201.523257	0.972027784	101338.846	101335.366	101332.095	101338.846	6.75119949	0	0	0	0	0	3
186	524	202.198439	0.977281988	101338.913	101335.438	101332.204	101338.913	6.70868005	0	0	0	0	0	3
187	526	202.89099	0.982536193	101338.979	101335.511	101332.314	101338.979	6.66462935	0	0	0	0	0	3
188	529	203.563001	0.987790397	101339.043	101335.582	101332.424	101339.043	6.61915266	0	0	0	0	0	3
189	531	204.252351	0.993044601	101339.107	101335.653	101332.532	101339.107	6.57486858	0	0	0	0	0	3
190	534	204.9211	0.998298805	101339.169	101335.723	101332.639	101339.169	6.53015044	0	0	0	0	0	3
191	536	205.607491	1.00355301	101339.231	101335.794	101332.743	101339.231	6.48744251	0.436689581	0	0	0	0	3
192	539	206.273191	1.00880721	101339.291	101335.863	101332.845	101339.291	6.44600542	0.438504233	0	0	0	0	3
193	541	206.956641	1.01406142	101339.351	101335.932	101332.944	101339.351	6.40687475	0.439402072	0	0	0	0	3
194	544	207.619536	1.01931562	101339.409	101336	101333.04	101339.409	6.36876917	0.44027963	0	0	0	0	3
195	546	208.299755	1.02456983	101339.467	101336.068	101333.134	101339.467	6.33313467	0.441150379	0	0	0	0	3
196	549	208.959801	1.02982403	101339.524	101336.135	101333.225	101339.524	6.29902121	0.442008549	0	0	0	0	3
197	551	209.636941	1.03507823	101339.58	101336.202	101333.313	101339.58	6.26704662	0.442828247	0	0	0	0	3
198	554	210.294379	1.04033244	101339.636	101336.268	101333.399	101339.636	6.23666317	0.443360242	0	0	0	0	3
199	556	210.968644	1.04558664	101339.691	101336.335	101333.483	101339.691	6.20819588	0.442126932	0	0	0	0	3
200	559	211.623549	1.05084085	101339.746	101336.4	101333.564	101339.746	6.18166965	0.4369381	0	0	0	0	3
201	562	212.295389	1.05609505	101339.799	101336.466	101333.643	101339.799	6.15637196	0.436689581	0	0	0	0	3
202	564	212.947526	1.06134926	101339.852	101336.531	101333.72	101339.852	6.13274193	0.436689581	0	0	0	0	3
203	567	213.61693	1.06660346	101339.905	101336.596	101333.794	101339.905	6.11091647	0.436689581	0	0	0	0	3
204	569	214.266368	1.07185766	101339.958	101336.66	101333.867	101339.958	6.09058042	0.436689581	0	0	0	0	3
205	572	214.933131	1.07711187	101340.01	101336.725	101333.938	101340.01	6.0715737	0.436689581	0	0	0	0	3
206	574	215.57996	1.08236607	101340.061	101336.789	101334.008	101340.061	6.05289623	0.436689581	0	0	0	0	3
207	576	216.244082	1.08762028	101340.112	101336.853	101334.075	101340.112	6.03696272	0.436689581	0	0	0	0	3
208	579	216.888495	1.09287448	101340.163	101336.916	101334.142	101340.163	6.02158747	0.436689581	0	0	0	0	3
209	581	217.550156	1.09812869	101340.213	101336.98	101334.206	101340.213	6.00731222	0.436689581	0	0	0	0	3
210	584	218.191919	1.10338289	101340.263	101337.043	101334.27	101340.263	5.99337066	0.436689581	0	0	0	0	3
211	586	218.851333	1.10863709	101340.313	101337.106	101334.332	101340.313	5.9816836	0.436689581	0	0	0	0	3
212	589	219.490515	1.1138913	101340.363	101337.169	101334.393	101340.363	5.97022595	0.436689581	0	0	0	0	3
213	591	220.147705	1.1191455	101340.412	101337.232	101334.453	101340.412	5.95851092	0.436689581	0	0	0	0	3
214	594	220.784634	1.12439971	101340.461	101337.295	101334.513	101340.461	5.94746062	0.436689581	0	0	0	0	3
215	596	221.439106	1.12965391	101340.509	101337.358	101334.57	101340.509	5.9392016	0.436689581	0	0	0	0	3
216	598	222.073834	1.13490812	101340.557	101337.42	101334.626	101340.557	5.93103014	0.436689581	0	0	0	0	3
217	601	222.725681	1.14016232	101340.605	101337.483	101334.68	101340.605	5.92491128	0.436689581	0	0	0	0	3
218	603	223.358369	1.14541652	101340.653	101337.545	101334.735	101340.653	5.91822996	0.436689581	0	0	0	0	3
219	606	224.007905	1.15067073	101340.699	101337.608	101334.789	101340.699	5.91030557	0.436689581	0	0	0	0	3
220	608	224.638372	1.15592493	101340.747	101337.669	101334.843	101340.747	5.90353571	0.436689581	0	0	0	0	3
221	611	225.285751	1.16117914	101340.794	101337.732	101334.897	101340.794	5.89703777	0.436689581	0	0	0	0	3
222	613	225.913901	1.16643334	101340.84	101337.794	101334.95	101340.84	5.8898325	0.436689581	0	0	0	0	3
223	616	226.559322	1.17168755	101340.886	101337.857	101335.003	101340.886	5.88240968	0.436689581	0	0	0	0	3
224	618	227.185205	1.17694175	101340.932	101337.919	101335.056	101340.932	5.87602216	0.436689581	0	0	0	0	3
225	620	227.828458	1.18219595	101340.978	101337.981	101335.108	101340.978	5.87008968	0.436689581	0	0	0	0	3
226	623	228.452279	1.18745016	101341.024	101338.043	101335.16	101341.024	5.86334092	0.436689581	0	0	0	0	3
227	625	229.093319	1.19270436	101341.069	101338.106	101335.211	101341.069	5.85766604	0.436689581	0	0	0	0	3
228	628	229.715262	1.19795857	101341.115	101338.167	101335.263	101341.115	5.85150323	0.436689581	0	0	0	0	3
229	630	230.353941	1.20321277	101341.159	101338.23	101335.313	101341.159	5.84647166	0.436689581	0	0	0	0	3
230	632	230.973836	1.20846697	101341.204	101338.292	101335.364	101341.204	5.83999662	0.436689581	0	0	0	0	3
231	635	231.610483	1.21372118	101341.249	101338.354	101335.413	101341.249	5.83535792	0.436689581	0	0	0	0	3
232	637	232.228511	1.21897538	101341.294	101338.416	101335.464	101341.294	5.83053322	0.436689581	0	0	0	0	3
233	640	232.863238	1.22422959	101341.338	101338.478	101335.513	101341.338	5.82577785	0.436689581	0	0	0	0	3
234	642	233.479548	1.22948379	101341.383	101338.54	101335.562	101341.383	5.8207846	0.436689581	0	0	0	0	3
235	645	234.112221	1.234738	101341.427	101338.603	101335.609	101341.427	5.81769429	0.436689581	0	0	0	0	3
236	647	234.726528	1.2399922	101341.472	101338.664	101335.657	101341.472	5.81474058	0.436689581	0	0	0	0	3
237	649	235.357203	1.2452464	101341.515	101338.727	101335.703	101341.515	5.81175305	0.436689581	0	0	0	0	3
238	652	235.969665	1.25050061	101341.559	101338.788	101335.751	101341.559	5.8085555	0.436689581	0	0	0	0	3
239	654	236.598192	1.25575481	101341.602	101338.851	101335.796	101341.602	5.80593771	0.436689581	0	0	0	0	3
240	657	237.208788	1.26100902	101341.646	101338.912	101335.843	101341.646	5.8029014	0.436689581	0	0	0	0	3
241	659	237.835358	1.26626322	101341.689	101338.975	101335.888	101341.689	5.80094201	0.436689581	0	0	0	0	3
242	661	238.444025	1.27151743	101341.733	101339.036	101335.934	101341.733	5.79882739	0.436689581	0	0	0	0	3
243	664	239.068774	1.27677163	101341.775	101339.099	101335.979	101341.775	5.79675151	0.436689581	0	0	0	0	3
244	666	239.675689	1.28202583	101341.819	101339.16	101336.024	101341.819	5.79557719	0.436689581	0	0	0	0	3
245	669	240.298631	1.28728004	101341.857	101339.223	101336.068	101341.857	5.78963921	0.436689581	0	0	0	0	3
246	671	240.903761	1.29253424	101341.889	101339.284	101336.112	101341.889	5.77710574	0.436689581	0	0	0	0	3
247	674	241.524949	1.29778845	101341.92	101339.347	101336.156	101341.92	5.76387296	0.436689581	0	0	0	0	3
248	676	242.128416	1.30304265	101341.939	101339.407	101336.2	101341.939	5.73931506	0.436689581	0	0	0	0	3
249	679	242.748015	1.30829686	101341.949	101339.469	101336.243	101341.949	5.70559252	0.436689581	0	0	0	0	3
250	681	243.349732	1.31355106	101341.955	101339.53	101336.29	101341.955	5.66524687	0.436689581	0	0	0	0	3
251	684	243.967796	1.31880526	101341.959	101339.591	101336.345	101341.959	5.6141512	0.436689581	0	0	0	0	3
252	686	244.567764	1.32405947	101341.955	101339.65	101336.407	101341.959	5.55198525	0.436689581	0	0	0	0	3
253	689	245.184859	1.32931367	101341.95	101339.711	101336.475	101341.959	5.48348544	0.436689581	0	0	0	0	3
254	691	245.783159	1.33456788	101341.939	101339.769	101336.553	101341.959	5.40605926	0.436689581	0	0	0	0	3
255	694	246.399695	1.33982208	101341.924	101339.827	101336.635	101341.959	5.32363224	0.436689581	0	0	0	0	3
256	696	246.9964	1.34507629	101341.91	101339.883	101336.725	101341.959	5.23354405	0.436689581	0	0	0	0	3
257	699	247.612088	1.35033049	101341.899	101339.94	101336.818	101341.959	5.14063644	0.436689581	0	0	0	0	3
258	701	248.207087	1.35558469	101341.884	101339.994	101336.917	101341.959	5.04196389	0.436689581	0	0	0	0	3
259	704	248.821689	1.3608389	101341.868	101340.048	101337.015	101341.959	4.94345154	0.436689581	0	0	0	0	3
260	706	249.41572	1.3660931	101341.855	101340.1	101337.118	101341.959	4.84114239	0.436689581	0	0	0	0	3
261	709	250.029162	1.37134731	101341.84	101340.152	101337.218	101341.959	4.74063568	0.436689581	0	0	0	0	3
262	711	250.621859	1.37660151	101341.83	101340.201	101337.321	101341.959	4.6377331	0.436689581	0	0	0	0	3
263	714	251.234262	1.38185571	101341.819	101340.251	101337.421	101341.959	4.537915	0.436689581	0	0	0	0	3
264	716	251.828142	1.38710992	101341.812	101340.298	101337.522	101341.959	4.43658638	0.436689581	0	0	0	0	3
265	719	252.439574	1.39236412	101341.804	101340.345	101337.619	101341.959	4.33971874	0.436689581	0	0	0	0	3
266	721	253.033342	1.39761833	101341.801	101340.39	101337.716	101341.959	4.24294049	0.436689581	0	0	0	0	3
267	724	253.643952	1.40287253	101341.797	101340.434	101337.809	101341.959	4.15002762	0.436689581	0	0	0	0	3
268	726	254.235578	1.40812674	101341.797	101340.477	101337.902	101341.959	4.05734151	0.436689581	0	0	0	0	3
269	729	254.845577	1.41338094	101341.797	101340.52	101337.991	101341.959	3.96823717	0.436689581	0	0	0	0	3
270	731	255.435307	1.41863514	101341.8	101340.561	101338.079	101341.959	3.87941089	0.436689581	0	0	0	0	3
271	734	256.044616	1.42388935	101341.803	101340.602	101338.164	101341.959	3.7949228	0.436689581	0	0	0	0	3
272	736	256.63481	1.42914355	101341.81	101340.641	101338.248	101341.959	3.71092384	0.436689581	0	0	0	0	3
273	739	257.24339	1.43439776	101341.815	101340.681	101338.328	101341.959	3.63057054	0.436689581	0	0	0	0	3
274	741	257.833535	1.43965196	101341.825	101340.718	101338.408	101341.959	3.55100081	0.436689581	0	0	0	0	3
275	744	258.441225	1.44490617	101341.835	101340.756	101338.485	101341.959	3.47427842	0.436689581	0	0	0	0	3
276	746	259.030098	1.45016037	101341.851	101340.792	101338.561	101341.959	3.39803358	0.436689581	0	0	0	0	3
277	748	259.636298	1.45541457	101341.868	101340.828	101338.634	101341.959	3.32483404	0.436689581	0	0	0	0	3
278	751	260.222841	1.46066878	101341.88	101340.863	101338.706	101341.959	3.25287082	0.436689581	0	0	0	0	3
279	753	260.828128	1.46592298	101341.899	101340.898	101338.776	101341.959	3.18260211	0.436689581	0	0	0	0	3
280	756	261.414697	1.47117719	101341.911	101340.932	101338.846	101341.959	3.11311595	0.436689581	0	0	0	0	3
281	758	262.019333	1.47643139	101341.926	101340.966	101338.913	101341.959	3.04632772	0.436689581	0	0	0	0	3
282	761	262.605403	1.4816856	101341.945	101340.998	101338.979	101341.959	2.98018683	0.436689581	0	0	0	0	3
283	763	263.208977	1.4869398	101341.961	101341.031	101339.043	101341.961	2.91738271	0.436689581	0	0	0	0	3
284	765	263.795253	1.492194	101341.982	101341.063	101339.107	101341.982	2.87435788	0.436689581	0	0	0	0	3
285	768	264.39756	1.49744821	101341.998	101341.094	101339.169	101341.998	2.82866721	0.436689581	0	0	0	0	3
286	770	264.98103	1.50270241	101342.02	101341.125	101339.231	101342.02	2.78952429	0.436689581	0	0	0	0	3
287	773	265.582259	1.50795662	101342.038	101341.156	101339.291	101342.038	2.74643328	0.436689581	0	0	0	0	3
288	775	266.163879	1.51321082	101342.059	101341.185	101339.351	101342.059	2.7078552	0.436689581	0	0	0	0	3
289	777	266.764428	1.51846502	101342.076	101341.215	101339.409	101342.076	2.66683099	0.436689581	0	0	0	0	3
290	780	267.346126	1.52371923	101342.1	101341.244	101339.467	101342.1	2.6328252	0.436689581	0	0	0	0	3
291	782	267.945797	1.52897343	101342.12	101341.273	101339.524	101342.12	2.59540815	0.436689581	0	0	0	0	3
292	785	268.527045	1.53422764	101342.144	101341.301	101339.58	101342.144	2.56334432	0.436689581	0	0	0	0	3
293	787	269.125456	1.53948184	101342.165	101341.329	101339.636	101342.165	2.52886038	0.436689581	0	0	0	0	3
294	790	269.70695	1.54473605	101342.188	101341.356	101339.691	101342.188	2.49724213	0.436689581	0	0	0	0	3
295	792	270.304368	1.54999025	101342.209	101341.384	101339.746	101342.209	2.46357248	0.436689581	0	0	0	0	3
296	794	270.883235	1.55524445	101342.235	101341.41	101339.799	101342.235	2.43552513	0.436689581	0	0	0	0	3
297	797	271.479687	1.56049866	101342.257	101341.437	101339.852	101342.257	2.40408502	0.436689581	0	0	0	0	3
298	800	272.058616	1.56575286	101342.274	101341.462	101339.905	101342.274	2.36836631	0.436689581	0	0	0	0	3
299	802	272.654112	1.57100707	101342.299	101341.489	101339.958	101342.299	2.34146853	0.436689581	0	0	0	0	3
300	804	273.231767	1.57626127	101342.319	101341.514	101340.01	101342.319	2.3094027	0.436689581	0	0	0	0	3
301	808	273.826268	1.58151548	101342.346	101341.539	101340.061	101342.346	2.28480859	0.436689581	0	0	0	0	3
302	810	274.403918	1.58676968	101342.367	101341.563	101340.112	101342.367	2.25460307	0.436689581	0	0	0	0	3
303	812	274.997369	1.59202388	101342.396	101341.588	101340.163	101342.396	2.2324568	0.436689581	0	0	0	0	3
304	815	275.572247	1.59727809	101342.422	101341.612	101340.213	101342.422	2.20828798	0.436689581	0	0	0	0	3
305	817	276.165263	1.60253229	101342.451	101341.636	101340.263	101342.451	2.18754994	0.436689581	0	0	0	0	3
306	820	276.740921	1.6077865	101342.47	101341.66	101340.313	101342.47	2.15696183	0.436689581	0	0	0	0	3
307	822	277.333104	1.6130407	101342.496	101341.683	101340.363	101342.496	2.1328827	0.436689581	0	0	0	0	3
308	824	277.907029	1.61829491	101342.516	101341.706	101340.412	101342.516	2.10428918	0.436689581	0	0	0	0	3
309	827	278.498155	1.62354911	101342.544	101341.729	101340.461	101342.544	2.08359874	0.436689581	0	0	0	0	3
310	829	279.072202	1.62880331	101342.571	101341.751	101340.509	101342.571	2.06168395	0.436689581	0	0	0	0	3
311	832	279.66218	1.63405752	101342.593	101341.773	101340.557	101342.593	2.03579627	0.436689581	0	0	0	0	3
312	834	280.233785	1.63931172	101342.618	101341.795	101340.605	101342.618	2.01300576	0.436689581	0	0	0	0	3
313	837	280.822933	1.64456593	101342.641	101341.817	101340.653	101342.641	1.98770356	0.436689581	0	0	0	0	3
314	839	281.395206	1.64982013	101342.666	101341.838	101340.699	101342.666	1.96678981	0.436689581	0	0	0	0	3
315	841	281.983653	1.65507434	101342.69	101341.859	101340.747	101342.69	1.94263521	0.436689581	0	0	0	0	3
316	844	282.555151	1.66032854	101342.716	101341.88	101340.794	101342.716	1.92256964	0.436689581	0	0	0	0	3
317	847	283.142924	1.66558274	101342.746	101341.901	101340.84	101342.746	1.90617739	0.436689581	0	0	0	0	3
318	851	283.713708	1.67083695	101342.766	101341.921	101340.886	101342.766	1.8801548	0.436689581	0	0	0	0	3
319	855	284.300545	1.67609115	101342.791	101341.941	101340.932	101342.791	1.8590969	0.436689581	0	0	0	0	3
320	858	284.868435	1.68134536	101342.818	101341.961	101340.978	101342.818	1.83977544	0.436689581	0	0	0	0	3
321	860	285.45431	1.68659956	101342.839	101341.981	101341.024	101342.839	1.81576665	0.436689581	0	0	0	0	3
322	863	286.023159	1.69185376	101342.867	101342	101341.069	101342.867	1.7979034	0.436689581	0	0	0	0	3
323	865	286.608424	1.69710797	101342.897	101342.02	101341.115	101342.897	1.78203301	0.436689581	0	0	0	0	3
324	868	287.176652	1.70236217	101342.917	101342.038	101341.159	101342.917	1.7572518	0.436689581	0	0	0	0	3
325	870	287.761304	1.70761638	101342.943	101342.057	101341.204	101342.943	1.73882594	0.436689581	0	0	0	0	3
326	872	288.328513	1.71287058	101342.968	101342.075	101341.249	101342.968	1.71974976	0.436689581	0	0	0	0	3
327	875	288.912405	1.71812479	101342.996	101342.094	101341.294	101342.996	1.70142947	0.436689581	0	0	0	0	3
328	877	289.47708	1.72337899	101343.016	101342.112	101341.338	101343.016	1.67789166	0.436689581	0	0	0	0	3
329	880	290.060399	1.72863319	101343.039	101342.13	101341.383	101343.039	1.65607345	0.436689581	0	0	0	0	3
330	882	290.625968	1.7338874	101343.066	101342.147	101341.427	101343.066	1.63918146	0.436689581	0	0	0	0	3
331	884	291.208334	1.7391416	101343.085	101342.165	101341.472	101343.085	1.61365631	0.436689581	0	0	0	0	3
332	887	291.772902	1.74439581	101343.112	101342.181	101341.515	101343.112	1.59650136	0.436689581	0	0	0	0	3
333	889	292.354136	1.74965001	101343.134	101342.199	101341.559	101343.134	1.57487795	0.436689581	0	0	0	0	3
334	892	292.918126	1.75490422	101343.161	101342.215	101341.602	101343.161	1.55899413	0.436689581	0	0	0	0	3
335	894	293.498571	1.76015842	101343.181	101342.232	101341.646	101343.181	1.53458261	0.436689581	0	0	0	0	3
336	896	294.061683	1.76541262	101343.207	101342.248	101341.689	101343.207	1.5180299	0.436689581	0	0	0	0	3
337	899	294.641015	1.77066683	101343.23	101342.264	101341.733	101343.23	1.49701187	0.436689581	0	0	0	0	3
338	901	295.203062	1.77592103	101343.259	101342.279	101341.775	101343.259	1.48368497	0.436689581	0	0	0	0	3
339	903	295.781525	1.78117524	101343.278	101342.295	101341.797	101343.278	1.48086517	0.436689581	0	0	0	0	3
340	906	296.342865	1.78642944	101343.299	101342.31	101341.797	101343.299	1.50237789	0.436689581	0	0	0	0	3
341	908	296.92058	1.79168365	101343.319	101342.325	101341.797	101343.319	1.52181317	0.436689581	0	0	0	0	3
342	910	297.481028	1.79693785	101343.346	101342.34	101341.797	101343.346	1.54884972	0.436689581	0	0	0	0	3
343	913	298.057665	1.80219205	101343.364	101342.355	101341.797	101343.364	1.56697775	0.436689581	0	0	0	0	3
344	915	298.617143	1.80744626	101343.386	101342.37	101341.797	101343.386	1.58951023	0.436689581	0	0	0	0	3
345	918	299.194285	1.81270046	101343.418	101342.385	101341.797	101343.418	1.62114129	0.436689581	0	0	0	0	3
346	920	299.751495	1.81795467	101343.447	101342.4	101341.797	101343.447	1.65013014	0.436689581	0	0	0	0	3
347	923	300.327288	1.82320887	101343.47	101342.416	101341.797	101343.47	1.67330859	0.436689581	0	0	0	0	3
348	925	300.885475	1.82846307	101343.482	101342.431	101341.797	101343.482	1.68496658	0.436689581	0	0	0	0	3
349	928	301.460325	1.83371728	101343.491	101342.448	101341.797	101343.491	1.69443543	0.436689581	0	0	0	0	3
350	930	302.017737	1.83897148	101343.494	101342.463	101341.797	101343.494	1.69755101	0.436689581	0	0	0	0	3
351	933	302.591764	1.84422569	101343.491	101342.48	101341.797	101343.494	1.69755101	0.436689581	0	0	0	0	3
352	935	303.148727	1.84947989	101343.481	101342.496	101341.797	101343.494	1.69755101	0.436689581	0	0	0	0	3
353	938	303.721981	1.8547341	101343.464	101342.512	101341.797	101343.494	1.69755101	0.436689581	0	0	0	0	3
354	940	304.277983	1.8599883	101343.444	101342.528	101341.797	101343.494	1.69755101	0.436689581	0	0	0	0	3
355	943	304.85021	1.8652425	101343.421	101342.544	101341.797	101343.494	1.69755101	0.436689581	0	0	0	0	3
356	945	305.40537	1.87049671	101343.399	101342.56	101341.797	101343.494	1.69755101	0.436689581	0	0	0	0	3
357	948	305.976981	1.87575091	101343.372	101342.576	101341.797	101343.494	1.69755101	0.436689581	0	0	0	0	3
358	950	306.531555	1.88100512	101343.341	101342.592	101341.797	101343.494	1.69755101	0.436689581	0	0	0	0	3
359	953	307.102389	1.88625932	101343.311	101342.608	101341.797	101343.494	1.69755101	0.436689581	0	0	0	0	3
360	955	307.656073	1.89151353	101343.282	101342.623	101341.797	101343.494	1.69755101	0.436689581	0	0	0	0	3
361	958	308.226113	1.89676773	101343.252	101342.638	101341.797	101343.494	1.69755101	0.436689581	0	0	0	0	3
362	960	308.779346	1.90202193	101343.221	101342.653	101341.797	101343.494	1.69755101	0.436689581	0	0	0	0	3
363	963	309.349214	1.90727614	101343.19	101342.668	101341.797	101343.494	1.69753821	0.436689581	0	0	0	0	3
364	965	309.902291	1.91253034	101343.166	101342.682	101341.797	101343.494	1.69753821	0.436689581	0	0	0	0	3
365	968	310.471763	1.91778455	101343.143	101342.697	101341.8	101343.494	1.69393905	0.436689581	0	0	0	0	3
366	970	311.024078	1.92303875	101343.119	101342.71	101341.803	101343.494	1.69147259	0.436689581	0	0	0	0	3
367	972	311.592654	1.92829296	101343.098	101342.724	101341.81	101343.494	1.68460155	0.436689581	0	0	0	0	3
368	975	312.144263	1.93354716	101343.078	101342.737	101341.815	101343.494	1.67897074	0.436689581	0	0	0	0	3
369	978	312.712461	1.93880136	101343.058	101342.751	101341.825	101343.494	1.66917143	0.436689581	0	0	0	0	3
370	981	313.26391	1.94405557	101343.041	101342.764	101341.835	101343.494	1.65967927	0.436689581	0	0	0	0	3
371	983	313.831916	1.94930977	101343.025	101342.776	101341.851	101343.494	1.64335844	0.436689581	0	0	0	0	3
372	985	314.3829	1.95456398	101343.014	101342.789	101341.868	101343.494	1.62623382	0.436689581	0	0	0	0	3
373	988	314.950246	1.95981818	101342.993	101342.801	101341.88	101343.494	1.61393956	0.436689581	0	0	0	0	3
374	990	315.500549	1.96507239	101342.981	101342.812	101341.899	101343.494	1.59576244	0.436689581	0	0	0	0	3
375	993	316.067347	1.97032659	101342.972	101342.824	101341.911	101343.494	1.58311547	0.436689581	0	0	0	0	3
376	995	316.617253	1.97558079	101342.966	101342.835	101341.926	101343.494	1.56826469	0.436689581	0	0	0	0	3
377	998	317.183679	1.980835	101342.959	101342.846	101341.945	101343.494	1.54940036	0.436689581	0	0	0	0	3
378	1000	317.733092	1.9860892	101342.952	101342.857	101341.961	101343.494	1.53368286	0.436689581	0	0	0	0	3
379	1002	318.298958	1.99134341	101342.946	101342.868	101341.982	101343.494	1.51269866	0.436689581	0	0	0	0	3
380	1005	318.847874	1.99659761	101342.941	101342.878	101341.998	101343.494	1.49653077	0.436689581	0	0	0	0	3
381	1007	319.413385	2.00185181	101342.941	101342.888	101342.02	101343.494	1.47419857	0.436689581	0	0	0	0	3
382	1009	319.962064	2.00710602	101342.939	101342.898	101342.038	101343.494	1.45680117	0.436689581	0	0	0	0	3
383	1012	320.527309	2.01236022	101342.939	101342.908	101342.059	101343.494	1.43552334	0.436689581	0	0	0	0	3
384	1014	321.075651	2.01761443	101342.938	101342.917	101342.076	101343.494	1.41843498	0.436689581	0	0	0	0	3
385	1017	321.640539	2.02286863	101342.938	101342.926	101342.1	101343.494	1.39448779	0.436689581	0	0	0	0	3
386	1019	322.188637	2.02812284	101342.932	101342.935	101342.12	101343.494	1.37480843	0.436689581	0	0	0	0	3
387	1021	322.753339	2.03337704	101342.931	101342.944	101342.144	101343.494	1.35071392	0.436689581	0	0	0	0	3
388	1024	323.301187	2.03863124	101342.936	101342.953	101342.165	101343.494	1.32981033	0.436689581	0	0	0	0	3
389	1026	323.865446	2.04388545	101342.941	101342.961	101342.188	101343.494	1.3062127	0.436689581	0	0	0	0	3
390	1028	324.412621	2.04913965	101342.945	101342.969	101342.209	101343.494	1.2852586	0.436689581	0	0	0	0	3
391	1031	324.976183	2.05439386	101342.949	101342.977	101342.235	101343.494	1.25955115	0.436689581	0	0	0	0	3
392	1033	325.522837	2.05964806	101342.955	101342.985	101342.257	101343.494	1.23788599	0.436689581	0	0	0	0	3
393	1035	326.086185	2.06490227	101342.96	101342.993	101342.274	101343.494	1.22068216	0.436689581	0	0	0	0	3
394	1038	326.632823	2.07015647	101342.965	101343	101342.299	101343.494	1.19496238	0.436689581	0	0	0	0	3
395	1040	327.19596	2.07541067	101342.974	101343.007	101342.319	101343.494	1.17522808	0.436689581	0	0	0	0	3
396	1042	327.742325	2.08066488	101342.987	101343.014	101342.346	101343.494	1.14889098	0.436689581	0	0	0	0	3
397	1045	328.304155	2.08591908	101342.996	101343.022	101342.367	101343.494	1.1276002	0.436689581	0	0	0	0	3
398	1047	328.847924	2.09117329	101343.005	101343.028	101342.396	101343.494	1.09864349	0.436689581	0	0	0	0	3
399	1049	329.408894	2.09642749	101343.014	101343.035	101342.422	101343.494	1.07264079	0.436689581	0	0	0	0	3
400	1052	329.952171	2.1016817	101343.024	101343.041	101342.451	101343.494	1.043762	0.436689581	0	0	0	0	3
401	1055	330.512675	2.1069359	101343.032	101343.048	101342.47	101343.494	1.02422636	0.436689581	0	0	0	0	3
402	1058	331.057441	2.1121901	101343.04	101343.054	101342.496	101343.494	0.998119158	0.436689581	0	0	0	0	3
403	1060	331.61732	2.11744431	101343.048	101343.06	101342.516	101343.494	0.978436315	0.436689581	0	0	0	0	3
404	1062	332.161801	2.12269851	101343.057	101343.066	101342.544	101343.494	0.950167821	0.436689581	0	0	0	0	3
405	1065	332.720881	2.12795272	101343.067	101343.071	101342.571	101343.494	0.923624229	0.436689581	0	0	0	0	3
406	1067	333.262984	2.13320692	101343.076	101343.077	101342.593	101343.494	0.901751311	0.436689581	0	0	0	0	3
407	1070	333.821712	2.13846112	101343.086	101343.082	101342.618	101343.494	0.87612519	0.436689581	0	0	0	0	3
408	1072	334.36275	2.14371533	101343.096	101343.087	101342.641	101343.494	0.853542362	0.436689581	0	0	0	0	3
409	1074	334.921078	2.14896953	101343.107	101343.092	101342.666	101343.494	0.828266822	0.436689581	0	0	0	0	3
410	1077	335.462474	2.15422374	101343.115	101343.097	101342.69	101343.494	0.804821517	0.436689581	0	0	0	0	3
411	1079	336.020202	2.15947794	101343.125	101343.102	101342.716	101343.494	0.778202935	0.436689581	0	0	0	0	3
412	1081	336.562652	2.16473215	101343.136	101343.106	101342.746	101343.494	0.748393351	0.436689581	0	0	0	0	3
413	1084	337.119663	2.16998635	101343.144	101343.11	101342.766	101343.494	0.728417541	0.436689581	0	0	0	0	3
414	1086	337.659578	2.17524055	101343.156	101343.114	101342.791	101343.494	0.703090627	0.436689581	0	0	0	0	3
415	1088	338.216552	2.18049476	101343.166	101343.118	101342.818	101343.494	0.676385382	0.436689581	0	0	0	0	3
416	1091	338.75599	2.18574896	101343.178	101343.122	101342.839	101343.494	0.654919762	0.436689581	0	0	0	0	3
417	1093	339.312621	2.19100317	101343.189	101343.126	101342.867	101343.494	0.627606983	0.436689581	0	0	0	0	3
418	1095	339.85252	2.19625737	101343.201	101343.129	101342.897	101343.494	0.597885598	0.436689581	0	0	0	0	3
419	1098	340.40888	2.20151158	101343.214	101343.133	101342.917	101343.494	0.57767503	0.436689581	0	0	0	0	3
420	1100	340.949576	2.20676578	101343.227	101343.136	101342.931	101343.494	0.563289075	0.436689581	0	0	0	0	3
421	1102	341.505336	2.21201998	101343.237	101343.139	101342.931	101343.494	0.563289075	0.436689581	0	0	0	0	3
422	1105	342.043648	2.21727419	101343.248	101343.142	101342.931	101343.494	0.563289075	0.436689581	0	0	0	0	3
423	1107	342.599169	2.22252839	101343.258	101343.145	101342.931	101343.494	0.563289075	0.436689581	0	0	0	0	3
424	1109	343.13728	2.2277826	101343.268	101343.147	101342.931	101343.494	0.563289075	0.436689581	0	0	0	0	3
425	1112	343.692422	2.2330368	101343.279	101343.15	101342.931	101343.494	0.563289075	0.436689581	0	0	0	0	3
426	1114	344.230839	2.23829101	101343.29	101343.152	101342.931	101343.494	0.563289075	0.436689581	0	0	0	0	3
427	1117	344.785697	2.24354521	101343.303	101343.155	101342.931	101343.494	0.563289075	0.436689581	0	0	0	0	3
428	1119	345.324994	2.24879941	101343.315	101343.157	101342.931	101343.494	0.563289075	0.436689581	0	0	0	0	3
429	1121	345.879119	2.25405362	101343.326	101343.159	101342.931	101343.494	0.563289075	0.436689581	0	0	0	0	3
430	1124	346.416312	2.25930782	101343.338	101343.16	101342.931	101343.494	0.563289075	0.436689581	0	0	0	0	3
431	1126	346.970339	2.26456203	101343.35	101343.162	101342.931	101343.494	0.563289075	0.436689581	0	0	0	0	3
432	1128	347.506922	2.26981623	101343.362	101343.164	101342.931	101343.494	0.563289075	0.436689581	0	0	0	0	3
433	1131	348.060686	2.27507044	101343.375	101343.165	101342.931	101343.494	0.563289075	0.436689581	0	0	0	0	3
434	1133	348.597483	2.28032464	101343.388	101343.166	101342.931	101343.494	0.563289075	0.436689581	0	0	0	0	3
435	1135	349.150842	2.28557884	101343.399	101343.168	101342.931	101343.494	0.563289075	0.436689581	0	0	0	0	3
436	1138	349.688922	2.29083305	101343.41	101343.169	101342.931	101343.494	0.563289075	0.436689581	0	0	0	0	3
437	1140	350.241622	2.29608725	101343.414	101343.17	101342.931	101343.494	0.563289075	0.436689581	0	0	0	0	3
438	1142	350.777251	2.30134146	101343.423	101343.17	101342.931	101343.494	0.563289075	0.436689581	0	0	0	0	3
439	1145	351.330017	2.30659566	101343.425	101343.171	101342.931	101343.494	0.563289075	0.436689581	0	0	0	0	3
440	1147	351.865089	2.31184986	101343.434	101343.171	101342.931	101343.494	0.563289075	0.436689581	0	0	0	0	3
441	1149	352.417538	2.31710407	101343.449	101343.171	101342.931	101343.494	0.563289075	0.436689581	0	0	0	0	3
442	1152	352.953231	2.32235827	101343.463	101343.172	101342.931	101343.494	0.563289075	0.436689581	0	0	0	0	3
443	1154	353.505437	2.32761248	101343.478	101343.171	101342.931	101343.494	0.563289075	0.436689581	0	0	0	0	3
444	1156	354.042107	2.33286668	101343.492	101343.171	101342.931	101343.494	0.563289075	0.436689581	0	0	0	0	3
445	1159	354.593585	2.33812089	101343.505	101343.171	101342.931	101343.505	0.57357923	0.436689581	0	0	0	0	3
446	1161	355.127894	2.34337509	101343.517	101343.172	101342.931	101343.517	0.58574373	0.436689581	0	0	0	0	3
447	1163	355.679068	2.34862929	101343.529	101343.172	101342.931	101343.529	0.5978288	0.436689581	0	0	0	0	3
448	1166	356.213099	2.3538835	101343.54	101343.172	101342.931	101343.54	0.609198115	0.436689581	0	0	0	0	3
449	1168	356.764078	2.3591377	101343.553	101343.173	101342.931	101343.553	0.621979698	0.436689581	0	0	0	0	3
450	1170	357.298436	2.36439191	101343.566	101343.174	101342.931	101343.566	0.629656285	0.436689581	0	0	0	0	3
451	1173	357.849248	2.36964611	101343.581	101343.176	101342.931	101343.581	0.615442131	0.436689581	0	0	0	0	3
452	1175	358.384453	2.37490032	101343.595	101343.178	101342.931	101343.595	0.601159325	0.436689581	0	0	0	0	3
453	1177	358.934618	2.38015452	101343.609	101343.18	101342.931	101343.609	0.588051696	0.436689581	0	0	0	0	3
454	1180	359.4676	2.38540872	101343.621	101343.183	101342.931	101343.621	0.574983726	0.436689581	0	0	0	0	3
455	1182	360.01773	2.39066293	101343.632	101343.186	101342.931	101343.632	0.563118996	0.436689581	0	0	0	0	3
456	1185	360.552463	2.39591713	101343.636	101343.19	101342.931	101343.636	0.551252466	0.436689581	0	0	0	0	3
457	1187	361.102012	2.40117134	101343.635	101343.194	101342.931	101343.636	0.540507049	0.436689581	0	0	0	0	3
458	1190	361.636358	2.40642554	101343.63	101343.198	101342.931	101343.636	0.529753228	0.436689581	0	0	0	0	3
459	1192	362.185433	2.41167975	101343.615	101343.202	101342.931	101343.636	0.519964824	0.436689581	0	0	0	0	3
460	1194	362.719747	2.41693395	101343.595	101343.206	101342.931	101343.636	0.509894451	0.436689581	0	0	0	0	3
461	1197	363.268301	2.42218815	101343.569	101343.211	101342.931	101343.636	0.50064418	0.436689581	0	0	0	0	3
462	1199	363.800081	2.42744236	101343.538	101343.215	101342.931	101343.636	0.490978992	0.436689581	0	0	0	0	3
463	1202	364.348979	2.43269656	101343.502	101343.219	101342.931	101343.636	0.481986716	0.436689581	0	0	0	0	3
464	1204	364.882464	2.43795077	101343.467	101343.223	101342.931	101343.636	0.472564152	0.436689581	0	0	0	0	3
465	1207	365.43073	2.44320497	101343.426	101343.227	101342.931	101343.636	0.463709772	0.436689581	0	0	0	0	3
466	1209	365.964172	2.44845918	101343.384	101343.231	101342.931	101343.636	0.454372339	0.436689581	0	0	0	0	3
467	1212	366.512187	2.45371338	101343.34	101343.234	101342.931	101343.636	0.445517123	0.436689581	0	0	0	0	3
468	1214	367.045234	2.45896758	101343.298	101343.237	101342.931	101343.636	0.436288494	0.436689581	0	0	0	0	3
469	1217	367.593029	2.46422179	101343.26	101343.24	101342.931	101343.636	0.427597382	0.436689581	0	0	0	0	3
470	1219	368.125837	2.46947599	101343.22	101343.242	101342.931	101343.636	0.418454842	0.436689581	0	0	0	0	3
471	1222	368.673328	2.4747302	101343.181	101343.245	101342.931	101343.636	0.4096165	0.436689581	0	0	0	0	3
472	1224	369.206057	2.4799844	101343.143	101343.247	101342.931	101343.636	0.400267649	0.436689581	0	0	0	0	3
473	1227	369.753514	2.4852386	101343.108	101343.248	101342.931	101343.636	0.391289355	0.436689581	0	0	0	0	3
474	1229	370.2859	2.49049281	101343.073	101343.25	101342.931	101343.636	0.381880845	0.436689581	0	0	0	0	3
475	1231	370.833349	2.49574701	101343.037	101343.251	101342.931	101343.636	0.372771892	0.436689581	0	0	0	0	3
476	1234	371.365543	2.50100122	101343.004	101343.251	101342.931	101343.636	0.363219227	0.436689581	0	0	0	0	3
477	1236	371.912767	2.50625542	101342.973	101343.252	101342.931	101343.636	0.353938838	0.436689581	0	0	0	0	3
478	1239	372.444999	2.51150963	101342.944	101343.252	101342.931	101343.636	0.344247847	0.436689581	0	0	0	0	3
479	1241	372.992047	2.51676383	101342.915	101343.252	101342.915	101343.636	0.334956954	0.436689581	0	0	0	0	3
480	1244	373.524111	2.52201803	101342.888	101343.251	101342.888	101343.636	0.325534812	0.436689581	0	0	0	0	3
481	1246	374.071133	2.52727224	101342.861	101343.251	101342.861	101343.636	0.31671608	0.436689581	0	0	0	0	3
482	1249	374.603183	2.53252644	101342.84	101343.25	101342.84	101343.636	0.307834264	0.436689581	0	0	0	0	3
483	1251	375.150194	2.53778065	101342.817	101343.249	101342.817	101343.636	0.299424257	0.436689581	0	0	0	0	3
484	1253	375.682193	2.54303485	101342.796	101343.248	101342.796	101343.636	0.290933576	0.436689581	0	0	0	0	3
485	1256	376.229021	2.54828906	101342.777	101343.246	101342.777	101343.636	0.282877968	0.436689581	0	0	0	0	3
486	1258	376.76078	2.55354326	101342.756	101343.244	101342.756	101343.636	0.274776294	0.436689581	0	0	0	0	3
487	1261	377.307699	2.55879746	101342.741	101343.242	101342.741	101343.636	0.267136974	0.436689581	0	0	0	0	3
488	1263	377.839414	2.56405167	101342.725	101343.24	101342.725	101343.636	0.259442089	0.436689581	0	0	0	0	3
489	1265	378.386174	2.56930587	101342.712	101343.237	101342.712	101343.636	0.252093276	0.436689581	0	0	0	0	3
490	1268	378.917952	2.57456008	101342.697	101343.235	101342.697	101343.636	0.244708038	0.436689581	0	0	0	0	3
491	1270	379.464608	2.57981428	101342.687	101343.232	101342.687	101343.636	0.237622232	0.436689581	0	0	0	0	3
492	1272	379.996121	2.58506849	101342.674	101343.229	101342.674	101343.636	0.230509468	0.436689581	0	0	0	0	3
493	1275	380.542904	2.59032269	101342.66	101343.225	101342.66	101343.636	0.223732355	0.436689581	0	0	0	0	3
494	1277	381.074442	2.59557689	101342.651	101343.222	101342.651	101343.636	0.216983804	0.436689581	0	0	0	0	3
495	1279	381.621024	2.6008311	101342.641	101343.218	101342.641	101343.636	0.210611635	0.436689581	0	0	0	0	3
496	1282	382.152744	2.6060853	101342.631	101343.214	101342.631	101343.636	0.204264017	0.436689581	0	0	0	0	3
497	1284	382.699284	2.61133951	101342.624	101343.21	101342.624	101343.636	0.19822011	0.436689581	0	0	0	0	3
498	1286	383.230704	2.61659371	101342.617	101343.205	101342.617	101343.636	0.192198575	0.436689581	0	0	0	0	3
499	1289	383.777335	2.62184791	101342.61	101343.201	101342.61	101343.636	0.186475552	0.436689581	0	0	0	0	3
500	1291	384.308743	2.62710212	101342.603	101343.196	101342.603	101343.636	0.180774813	0.436689581	0	0	0	0	3
501	1294	384.855212	2.63235632	101342.596	101343.191	101342.596	101343.636	0.175421135	0.436689581	0	0	0	0	3
502	1297	385.386846	2.63761053	101342.59	101343.186	101342.59	101343.636	0.170049374	0.436689581	0	0	0	0	3
503	1299	385.933504	2.64286473	101342.586	101343.181	101342.586	101343.636	0.165009758	0.436689581	0	0	0	0	3
504	1301	386.464799	2.64811894	101342.581	101343.176	101342.581	101343.636	0.159946223	0.436689581	0	0	0	0	3
505	1304	387.011463	2.65337314	101342.577	101343.17	101342.577	101343.636	0.155206247	0.436689581	0	0	0	0	3
506	1306	387.542766	2.65862734	101342.572	101343.165	101342.572	101343.636	0.15048278	0.436689581	0	0	0	0	3
507	1308	388.089211	2.66388155	101342.57	101343.159	101342.57	101343.636	0.146058614	0.436689581	0	0	0	0	3
508	1310	388.620592	2.66913575	101342.568	101343.153	101342.568	101343.636	0.141749016	0.436689581	0	0	0	0	3
509	1313	389.166984	2.67438996	101342.563	101343.147	101342.563	101343.636	0.137652606	0.436689581	0	0	0	0	3
510	1315	389.697999	2.67964416	101342.561	101343.141	101342.561	101343.636	0.133606176	0.436689581	0	0	0	0	3
511	1318	390.244287	2.68489837	101342.557	101343.135	101342.557	101343.636	0.129846593	0.436689581	0	0	0	0	3
512	1320	390.775418	2.69015257	101342.554	101343.128	101342.554	101343.636	0.126078685	0.436689581	0	0	0	0	3
513	1322	391.32169	2.69540677	101342.553	101343.121	101342.553	101343.636	0.130521024	0.436689581	0	0	0	0	3
514	1324	391.852824	2.70066098	101342.554	101343.115	101342.553	101343.636	0.137147886	0.436689581	0	0	0	0	3
515	1327	392.39915	2.70591518	101342.554	101343.108	101342.553	101343.636	0.144100806	0.436689581	0	0	0	0	3
516	1329	392.93001	2.71116939	101342.552	101343.101	101342.552	101343.636	0.151022665	0.436689581	0	0	0	0	3
517	1331	393.476329	2.71642359	101342.549	101343.094	101342.549	101343.636	0.158280281	0.436689581	0	0	0	0	3
518	1334	394.007406	2.7216778	101342.545	101343.087	101342.545	101343.636	0.165480934	0.436689581	0	0	0	0	3
519	1336	394.55359	2.726932	101342.544	101343.079	101342.544	101343.636	0.173010846	0.436689581	0	0	0	0	3
520	1338	395.084753	2.7321862	101342.546	101343.072	101342.544	101343.636	0.180420409	0.436689581	0	0	0	0	3
521	1341	395.630905	2.73744041	101342.545	101343.064	101342.544	101343.636	0.188167254	0.436689581	0	0	0	0	3
522	1343	396.161774	2.74269461	101342.546	101343.056	101342.544	101343.636	0.195803219	0.436689581	0	0	0	0	3
523	1345	396.708072	2.74794882	101342.545	101343.048	101342.544	101343.636	0.203824829	0.436689581	0	0	0	0	3
524	1348	397.239099	2.75320302	101342.542	101343.04	101342.542	101343.636	0.21177835	0.436689581	0	0	0	0	3
525	1350	397.78519	2.75845723	101342.541	101343.032	101342.541	101343.636	0.220079881	0.436689581	0	0	0	0	3
526	1352	398.316416	2.76371143	101342.543	101343.024	101342.541	101343.636	0.228257373	0.436689581	0	0	0	0	3
527	1354	398.862608	2.76896563	101342.546	101343.015	101342.541	101343.636	0.23677656	0.436689581	0	0	0	0	3
528	1357	399.393465	2.77421984	101342.548	101343.007	101342.541	101343.636	0.245145545	0.436689581	0	0	0	0	3
529	1359	399.939735	2.77947404	101342.548	101342.998	101342.541	101343.636	0.253899024	0.436689581	0	0	0	0	3
530	1361	400.470671	2.78472825	101342.548	101342.989	101342.541	101343.636	0.262537159	0.436689581	0	0	0	0	3
531	1364	401.016618	2.78998245	101342.549	101342.98	101342.541	101343.636	0.271543417	0.436689581	0	0	0	0	3
532	1366	401.547725	2.79523665	101342.548	101342.972	101342.541	101343.636	0.280429145	0.436689581	0	0	0	0	3
533	1368	402.093823	2.80049086	101342.546	101342.962	101342.541	101343.636	0.289629737	0.436689581	0	0	0	0	3
534	1371	402.624535	2.80574506	101342.546	101342.953	101342.541	101343.636	0.298651696	0.436689581	0	0	0	0	3
535	1373	403.170578	2.81099927	101342.549	101342.944	101342.541	101343.636	0.30794117	0.436689581	0	0	0	0	3
536	1375	403.701382	2.81625347	101342.55	101342.935	101342.541	101343.636	0.317038708	0.436689581	0	0	0	0	3
537	1378	404.247116	2.82150768	101342.553	101342.925	101342.541	101343.636	0.32653369	0.436689581	0	0	0	0	3
538	1380	404.775981	2.82676188	101342.556	101342.916	101342.541	101343.636	0.335867959	0.436689581	0	0	0	0	3
