#Layer_Color=16711935
#
#Feature symbol names
#
$0 r7.874

#
#Feature attribute names
#

#
#Layer features
#
L -0.0017296 -0.2506996 -0.0017296 -0.1360488 0 P 0
L -0.0017297 0.2574979 -0.0017297 0.3721487 0 P 0
L -0.0248451 -0.6055996 0.0307507 -0.6055996 0 P 0
L -0.0248451 -0.7202504 -0.0248451 -0.6055996 0 P 0
L -0.0248451 -0.7202504 0.0307507 -0.7202504 0 P 0
L -0.0287822 0.6229196 -0.0287822 0.7375704 0 P 0
L -0.0287822 0.6229196 0.0268136 0.6229196 0 P 0
L -0.0287822 0.7375704 0.0268136 0.7375704 0 P 0
L -0.0573254 -0.1360488 -0.0017296 -0.1360488 0 P 0
L -0.0573254 -0.2506996 -0.0017296 -0.2506996 0 P 0
L -0.0573254 -0.2506996 -0.0573254 -0.1360488 0 P 0
L -0.0573255 0.2574979 -0.0017297 0.2574979 0 P 0
L -0.0573255 0.2574979 -0.0573255 0.3721487 0 P 0
L -0.0573255 0.3721487 -0.0017297 0.3721487 0 P 0
L -0.0757874 0.992126 -0.0757874 1.1102362 0 P 0
L -0.1231376 1.119685 -0.1231376 1.2740158 0 P 0
L -0.1355879 0.2564464 -0.1355879 0.3120422 0 P 0
L -0.135588 -0.2522073 -0.135588 -0.1966115 0 P 0
L -0.135588 -0.3358688 -0.135588 -0.280273 0 P 0
L -0.135588 -0.8148058 -0.135588 -0.75921 0 P 0
L -0.135588 0.1641312 -0.135588 0.219727 0 P 0
L -0.1355881 0.504478 -0.1355881 0.5600738 0 P 0
L -0.1355881 0.6218681 -0.1355881 0.6774639 0 P 0
L -0.1356742 -0.7213019 -0.1356742 -0.6657061 0 P 0
L -0.2037402 0.992126 -0.0757874 0.992126 0 P 0
L -0.2037402 0.992126 -0.2037402 1.1102362 0 P 0
L -0.2037402 1.1102362 -0.0757874 1.1102362 0 P 0
L -0.2502387 0.2564464 -0.1355879 0.2564464 0 P 0
L -0.2502387 0.2564464 -0.2502387 0.3120422 0 P 0
L -0.2502387 0.3120422 -0.1355879 0.3120422 0 P 0
L -0.2502388 -0.1966115 -0.135588 -0.1966115 0 P 0
L -0.2502388 -0.2522073 -0.135588 -0.2522073 0 P 0
L -0.2502388 -0.2522073 -0.2502388 -0.1966115 0 P 0
L -0.2502388 -0.280273 -0.135588 -0.280273 0 P 0
L -0.2502388 -0.3358688 -0.135588 -0.3358688 0 P 0
L -0.2502388 -0.3358688 -0.2502388 -0.280273 0 P 0
L -0.2502388 -0.75921 -0.135588 -0.75921 0 P 0
L -0.2502388 -0.8148058 -0.135588 -0.8148058 0 P 0
L -0.2502388 -0.8148058 -0.2502388 -0.75921 0 P 0
L -0.2502388 0.1641312 -0.135588 0.1641312 0 P 0
L -0.2502388 0.1641312 -0.2502388 0.219727 0 P 0
L -0.2502388 0.219727 -0.135588 0.219727 0 P 0
L -0.2502389 0.504478 -0.1355881 0.504478 0 P 0
L -0.2502389 0.504478 -0.2502389 0.5600738 0 P 0
L -0.2502389 0.5600738 -0.1355881 0.5600738 0 P 0
L -0.2502389 0.6218681 -0.1355881 0.6218681 0 P 0
L -0.2502389 0.6218681 -0.2502389 0.6774639 0 P 0
L -0.2502389 0.6774639 -0.1355881 0.6774639 0 P 0
L -0.250325 -0.6657061 -0.1356742 -0.6657061 0 P 0
L -0.250325 -0.7213019 -0.1356742 -0.7213019 0 P 0
L -0.250325 -0.7213019 -0.250325 -0.6657061 0 P 0
L -0.3099332 1.119685 -0.1231376 1.119685 0 P 0
L -0.3099332 1.119685 -0.3099332 1.2740158 0 P 0
L -0.3099332 1.2740158 -0.1231376 1.2740158 0 P 0
L -0.428895 1.1867691 -0.428895 1.3014199 0 P 0
L -0.4844908 1.1867691 -0.428895 1.1867691 0 P 0
L -0.4844908 1.1867691 -0.4844908 1.3014199 0 P 0
L -0.4844908 1.3014199 -0.428895 1.3014199 0 P 0
L -0.5029528 0.5569126 -0.5029528 0.8996764 0 P 0
L -0.5118111 -0.4194134 -0.5118111 -0.0766496 0 P 0
L -0.5118111 -0.9351614 -0.5118111 -0.5923976 0 P 0
L -0.5118111 0.0648386 -0.5118111 0.4076024 0 P 0
L -0.6060606 1.3186588 -0.6060606 1.3742546 0 P 0
L -0.7207114 1.3186588 -0.6060606 1.3186588 0 P 0
L -0.7207114 1.3186588 -0.7207114 1.3742546 0 P 0
L -0.7207114 1.3742546 -0.6060606 1.3742546 0 P 0
L -0.7391732 0.5569126 -0.5029528 0.5569126 0 P 0
L -0.7391732 0.5569126 -0.7391732 0.8996764 0 P 0
L -0.7391732 0.6544755 -0.7391732 0.7666803 0 P 0
L -0.7391732 0.8996764 -0.5029528 0.8996764 0 P 0
L -0.7480315 -0.0766496 -0.5118111 -0.0766496 0 P 0
L -0.7480315 -0.3218505 -0.7480315 -0.2096457 0 P 0
L -0.7480315 -0.4194134 -0.5118111 -0.4194134 0 P 0
L -0.7480315 -0.4194134 -0.7480315 -0.0766496 0 P 0
L -0.7480315 -0.5923976 -0.5118111 -0.5923976 0 P 0
L -0.7480315 -0.8375985 -0.7480315 -0.7253937 0 P 0
L -0.7480315 -0.9351614 -0.5118111 -0.9351614 0 P 0
L -0.7480315 -0.9351614 -0.7480315 -0.5923976 0 P 0
L -0.7480315 0.0648386 -0.5118111 0.0648386 0 P 0
L -0.7480315 0.0648386 -0.7480315 0.4076024 0 P 0
L -0.7480315 0.1624015 -0.7480315 0.2746063 0 P 0
L -0.7480315 0.4076024 -0.5118111 0.4076024 0 P 0
L -0.7870957 1.2359819 -0.7870957 1.2915777 0 P 0
L -0.8041338 0.6544755 -0.7391732 0.6544755 0 P 0
L -0.8041338 0.6544755 -0.8041338 0.7666803 0 P 0
L -0.8041338 0.7666803 -0.7391732 0.7666803 0 P 0
L -0.8129921 -0.2096457 -0.7480315 -0.2096457 0 P 0
L -0.8129921 -0.3218505 -0.7480315 -0.3218505 0 P 0
L -0.8129921 -0.3218505 -0.8129921 -0.2096457 0 P 0
L -0.8129921 -0.7253937 -0.7480315 -0.7253937 0 P 0
L -0.8129921 -0.8375985 -0.7480315 -0.8375985 0 P 0
L -0.8129921 -0.8375985 -0.8129921 -0.7253937 0 P 0
L -0.8129921 0.1624015 -0.7480315 0.1624015 0 P 0
L -0.8129921 0.1624015 -0.8129921 0.2746063 0 P 0
L -0.8129921 0.2746063 -0.7480315 0.2746063 0 P 0
L -0.846218 1.0935035 -0.846218 1.2063315 0 P 0
L -0.9017465 1.2359819 -0.7870957 1.2359819 0 P 0
L -0.9017465 1.2359819 -0.9017465 1.2915777 0 P 0
L -0.9017465 1.2915777 -0.7870957 1.2915777 0 P 0
L -0.9037822 1.0935035 -0.846218 1.0935035 0 P 0
L -0.9037822 1.0935035 -0.9037822 1.2063315 0 P 0
L -0.9037822 1.2063315 -0.846218 1.2063315 0 P 0
L -0.9298793 1.0920597 -0.9298793 1.2067105 0 P 0
L -0.9854751 1.0920597 -0.9298793 1.0920597 0 P 0
L -0.9854751 1.0920597 -0.9854751 1.2067105 0 P 0
L -0.9854751 1.2067105 -0.9298793 1.2067105 0 P 0
L 0.0268136 0.6229196 0.0268136 0.7375704 0 P 0
L 0.0307507 -0.7202504 0.0307507 -0.6055996 0 P 0
L 0.0542191 0.9644066 0.0542191 1.0790574 0 P 0
L 0.0542191 0.9644066 0.1098149 0.9644066 0 P 0
L 0.0542191 1.0790574 0.1098149 1.0790574 0 P 0
L 0.1098149 0.9644066 0.1098149 1.0790574 0 P 0
L 0.1336195 0.683026 0.1336195 0.7386218 0 P 0
L 0.1336195 0.683026 0.2482703 0.683026 0 P 0
L 0.1336195 0.7386218 0.2482703 0.7386218 0 P 0
L 0.1372324 -0.5641313 0.2518832 -0.5641313 0 P 0
L 0.1372324 -0.6197271 0.1372324 -0.5641313 0 P 0
L 0.1372324 -0.6197271 0.2518832 -0.6197271 0 P 0
L 0.1375565 -0.0844068 0.2522073 -0.0844068 0 P 0
L 0.1375565 -0.1400026 0.1375565 -0.0844068 0 P 0
L 0.1375565 -0.1400026 0.2522073 -0.1400026 0 P 0
L 0.1385407 0.3786982 0.1385407 0.434294 0 P 0
L 0.1385407 0.3786982 0.2531915 0.3786982 0 P 0
L 0.1385407 0.434294 0.2531915 0.434294 0 P 0
L 0.2482703 0.683026 0.2482703 0.7386218 0 P 0
L 0.2518832 -0.6197271 0.2518832 -0.5641313 0 P 0
L 0.2522073 -0.1400026 0.2522073 -0.0844068 0 P 0
L 0.2531915 0.3786982 0.2531915 0.434294 0 P 0
L 0.432832 1.2064541 0.432832 1.2620499 0 P 0
L 0.432832 1.2064541 0.5474828 1.2064541 0 P 0
L 0.432832 1.2620499 0.5474828 1.2620499 0 P 0
L 0.4485801 -0.0858687 0.4485801 0.0287821 0 P 0
L 0.4485801 -0.0858687 0.5041759 -0.0858687 0 P 0
L 0.4485801 0.0287821 0.5041759 0.0287821 0 P 0
L 0.4594068 0.8708242 0.4594068 0.985475 0 P 0
L 0.4594068 0.8708242 0.5150026 0.8708242 0 P 0
L 0.4594068 0.985475 0.5150026 0.985475 0 P 0
L 0.4682651 -0.5273203 0.5238609 -0.5273203 0 P 0
L 0.4682651 -0.6419711 0.4682651 -0.5273203 0 P 0
L 0.4682651 -0.6419711 0.5238609 -0.6419711 0 P 0
L 0.4682651 0.3826352 0.4682651 0.497286 0 P 0
L 0.4682651 0.3826352 0.5238609 0.3826352 0 P 0
L 0.4682651 0.497286 0.5238609 0.497286 0 P 0
L 0.5041759 -0.0858687 0.5041759 0.0287821 0 P 0
L 0.5150026 0.8708242 0.5150026 0.985475 0 P 0
L 0.5238609 -0.6419711 0.5238609 -0.5273203 0 P 0
L 0.5238609 0.3826352 0.5238609 0.497286 0 P 0
L 0.5474828 1.2064541 0.5474828 1.2620499 0 P 0
L 0.5561023 -0.4419292 0.7706693 -0.4419292 0 P 0
L 0.5561023 -0.5679134 0.5561023 -0.4419292 0 P 0
L 0.5561023 -0.5679134 0.7706693 -0.5679134 0 P 0
L 0.5561023 0.4655512 0.5561023 0.5915354 0 P 0
L 0.5561023 0.4655512 0.7706693 0.4655512 0 P 0
L 0.5561023 0.5915354 0.7706693 0.5915354 0 P 0
L 0.5570866 0.9557087 0.5570866 1.0816929 0 P 0
L 0.5570866 0.9557087 0.7716536 0.9557087 0 P 0
L 0.5570866 1.0816929 0.7716536 1.0816929 0 P 0
L 0.5580707 -0.0206693 0.5580707 0.1053149 0 P 0
L 0.5580707 -0.0206693 0.7726377 -0.0206693 0 P 0
L 0.5580707 0.1053149 0.7726377 0.1053149 0 P 0
L 0.5697103 1.2064541 0.5697103 1.2620499 0 P 0
L 0.5697103 1.2064541 0.6843611 1.2064541 0 P 0
L 0.5697103 1.2620499 0.6843611 1.2620499 0 P 0
L 0.6843611 1.2064541 0.6843611 1.2620499 0 P 0
L 0.7706693 -0.5679134 0.7706693 -0.4419292 0 P 0
L 0.7706693 0.4655512 0.7706693 0.5915354 0 P 0
L 0.7716536 0.9557087 0.7716536 1.0816929 0 P 0
L 0.7726377 -0.0206693 0.7726377 0.1053149 0 P 0
L 0.8098005 -0.4682652 0.8653963 -0.4682652 0 P 0
L 0.8098005 -0.582916 0.8098005 -0.4682652 0 P 0
L 0.8098005 -0.582916 0.8653963 -0.582916 0 P 0
L 0.8127534 0.9052729 0.8127534 0.9608687 0 P 0
L 0.8127534 0.9052729 0.9274042 0.9052729 0 P 0
L 0.8127534 0.9608687 0.9274042 0.9608687 0 P 0
L 0.8147217 0.4367691 0.8147217 0.5514199 0 P 0
L 0.8147217 0.4367691 0.8703175 0.4367691 0 P 0
L 0.8147217 0.5514199 0.8703175 0.5514199 0 P 0
L 0.8147218 -0.0445301 0.8147218 0.0701207 0 P 0
L 0.8147218 -0.0445301 0.8703176 -0.0445301 0 P 0
L 0.8147218 0.0701207 0.8703176 0.0701207 0 P 0
L 0.8653963 -0.582916 0.8653963 -0.4682652 0 P 0
L 0.8703175 0.4367691 0.8703175 0.5514199 0 P 0
L 0.8703176 -0.0445301 0.8703176 0.0701207 0 P 0
L 0.9274042 0.9052729 0.9274042 0.9608687 0 P 0
L 0.9308635 1.1326352 0.9308635 1.247286 0 P 0
L 0.9308635 1.1326352 0.9864593 1.1326352 0 P 0
L 0.9308635 1.247286 0.9864593 1.247286 0 P 0
L 0.9864593 1.1326352 0.9864593 1.247286 0 P 0
S P 0
OB -0.4231929 1.0102362 I
OS -0.4901929 1.0102362
OS -0.4901929 1.1452362
OS -0.4231929 1.1452362
OS -0.4231929 1.0102362
OE
SE
S P 0
OB -0.4680432 -1.2251495 I
OS -0.5890432 -1.2251495
OS -0.5890432 -1.1311495
OS -0.4680432 -1.1311495
OS -0.4680432 -1.2251495
OE
SE
S P 0
OB -0.5068544 1.1765947 I
OS -0.5738544 1.1765947
OS -0.5738544 1.3115947
OS -0.5068544 1.3115947
OS -0.5068544 1.1765947
OE
SE
