#Layer_Color=16711935
#
#Feature symbol names
#
$0 r3.937
$1 r7.874
$2 r1
$3 r5

#
#Feature attribute names
#

#
#Layer features
#
A -0.1072835 -0.0275591 -0.1072835 -0.0275591 -0.1269685 -0.0275591 0 P 0 N
A -0.1082677 -0.4537402 -0.1082677 -0.4537402 -0.1279527 -0.4537402 0 P 0 N
A -0.1102362 0.3198819 -0.1102362 0.3198819 -0.1299212 0.3198819 0 P 0 N
A -0.1102363 0.8970473 -0.1102363 0.8970473 -0.1299213 0.8970473 0 P 0 N
A -0.589567 -0.1026051 -0.589567 -0.1026051 -0.609252 -0.1026051 0 P 0 N
A -0.589567 -0.6368971 -0.589567 -0.6368971 -0.609252 -0.6368971 0 P 0 N
A -0.589567 0.3862526 -0.589567 0.3862526 -0.609252 0.3862526 0 P 0 N
A -0.589567 0.8785894 -0.589567 0.8785894 -0.609252 0.8785894 0 P 0 N
A 0.1689672 -0.2029527 0.1689672 -0.2029527 0.1492822 -0.2029527 0 P 0 N
A 0.1689672 0.3202679 0.1689672 0.3202679 0.1492822 0.3202679 0 P 0 N
A 0.1689672 0.6182995 0.1689672 0.6182995 0.1492822 0.6182995 0 P 0 N
A 0.1729042 -0.6765748 0.1729042 -0.6765748 0.1532192 -0.6765748 0 P 0 N
A 0.4015748 1.3858268 0.4015748 1.3858268 0.3976378 1.3858268 1 P 0 N
A 0.680118 -0.1025984 0.680118 -0.1025984 0.660433 -0.1025984 0 P 0 N
A 0.680118 -0.636811 0.680118 -0.636811 0.660433 -0.636811 0 P 0 N
A 0.680118 0.3862599 0.680118 0.3862599 0.660433 0.3862599 0 P 0 N
A 0.680118 0.8785827 0.680118 0.8785827 0.660433 0.8785827 0 P 0 N
L -0.0019685 1.1122048 -0.0019685 1.5531497 3 P 0
L -0.0019685 1.1122048 0.3720473 1.1122048 3 P 0
L -0.0019685 1.5531497 0.3720473 1.5531497 3 P 0
L -0.0826771 1.2519685 -0.0826771 1.527559 1 P 0
L -0.0915355 -0.1850394 -0.0915355 0.007874 0 P 0
L -0.0925197 -0.6112205 -0.0925197 -0.4183071 0 P 0
L -0.0944882 0.1624016 -0.0944882 0.355315 0 P 0
L -0.0944883 0.739567 -0.0944883 0.9324804 0 P 0
L -0.2450788 -0.1850394 -0.0915355 -0.1850394 0 P 0
L -0.2450788 -0.1850394 -0.2450788 0.007874 0 P 0
L -0.2450788 0.007874 -0.0915355 0.007874 0 P 0
L -0.246063 -0.4183071 -0.0925197 -0.4183071 0 P 0
L -0.246063 -0.6112205 -0.0925197 -0.6112205 0 P 0
L -0.246063 -0.6112205 -0.246063 -0.4183071 0 P 0
L -0.2480315 0.1624016 -0.0944882 0.1624016 0 P 0
L -0.2480315 0.1624016 -0.2480315 0.355315 0 P 0
L -0.2480315 0.355315 -0.0944882 0.355315 0 P 0
L -0.2480316 0.739567 -0.0944883 0.739567 0 P 0
L -0.2480316 0.739567 -0.2480316 0.9324804 0 P 0
L -0.2480316 0.9324804 -0.0944883 0.9324804 0 P 0
L -0.3582677 1.2519685 -0.0826771 1.2519685 1 P 0
L -0.3582677 1.2519685 -0.3582677 1.527559 1 P 0
L -0.3582677 1.527559 -0.0826771 1.527559 1 P 0
L -0.3718503 -1.347244 -0.3718503 -1.2330708 0 P 0
L -0.4381929 1.0432362 -0.4381929 1.1122362 2 P 0
L -0.4751929 1.0432362 -0.4381929 1.0432362 2 P 0
L -0.4751929 1.0432362 -0.4751929 1.1122362 2 P 0
L -0.4751929 1.1122362 -0.4381929 1.1122362 2 P 0
L -0.4931102 -1.1860236 -0.4931102 -1.132874 0 P 0
L -0.5040432 -1.2176495 -0.5040432 -1.1386495 2 P 0
L -0.5218544 1.2095947 -0.5218544 1.2785947 2 P 0
L -0.5530432 -1.1386495 -0.5040432 -1.1386495 2 P 0
L -0.5530432 -1.2176495 -0.5040432 -1.2176495 2 P 0
L -0.5530432 -1.2176495 -0.5530432 -1.1386495 2 P 0
L -0.5588544 1.2095947 -0.5218544 1.2095947 2 P 0
L -0.5588544 1.2095947 -0.5588544 1.2785947 2 P 0
L -0.5588544 1.2785947 -0.5218544 1.2785947 2 P 0
L -0.5639764 -1.132874 -0.4931102 -1.132874 0 P 0
L -0.5639764 -1.1860236 -0.4931102 -1.1860236 0 P 0
L -0.5639764 -1.1860236 -0.5639764 -1.132874 0 P 0
L -0.573819 -0.1852823 -0.573819 -0.0671721 0 P 0
L -0.573819 -0.7195743 -0.573819 -0.6014641 0 P 0
L -0.573819 0.3035754 -0.573819 0.4216856 0 P 0
L -0.573819 0.7959122 -0.573819 0.9140224 0 P 0
L -0.6338584 1.1830709 -0.6338584 1.2972441 0 P 0
L -0.6852361 -1.2330708 -0.3718503 -1.2330708 0 P 0
L -0.6852361 -1.347244 -0.3718503 -1.347244 0 P 0
L -0.6852361 -1.347244 -0.6852361 -1.2330708 0 P 0
L -0.6919292 -0.0671721 -0.573819 -0.0671721 0 P 0
L -0.6919292 -0.1852823 -0.573819 -0.1852823 0 P 0
L -0.6919292 -0.1852823 -0.6919292 -0.0671721 0 P 0
L -0.6919292 -0.6014641 -0.573819 -0.6014641 0 P 0
L -0.6919292 -0.7195743 -0.573819 -0.7195743 0 P 0
L -0.6919292 -0.7195743 -0.6919292 -0.6014641 0 P 0
L -0.6919292 0.3035754 -0.573819 0.3035754 0 P 0
L -0.6919292 0.3035754 -0.6919292 0.4216856 0 P 0
L -0.6919292 0.4216856 -0.573819 0.4216856 0 P 0
L -0.6919292 0.7959122 -0.573819 0.7959122 0 P 0
L -0.6919292 0.7959122 -0.6919292 0.9140224 0 P 0
L -0.6919292 0.9140224 -0.573819 0.9140224 0 P 0
L -0.6968506 1.1830709 -0.6338584 1.1830709 0 P 0
L -0.6968506 1.1830709 -0.6968506 1.2972441 0 P 0
L -0.6968506 1.2598425 -0.659449 1.2972441 0 P 0
L -0.6968506 1.2972441 -0.6338584 1.2972441 0 P 0
L 0.0019685 1.5531497 0.0019685 1.6318898 3 P 0
L 0.0019685 1.6318898 0.3681103 1.6318898 3 P 0
L 0.066269 0.9902359 0.066269 1.0532281 1 P 0
L 0.066269 0.9902359 0.097765 0.9902359 1 P 0
L 0.066269 1.0532281 0.097765 1.0532281 1 P 0
L 0.097765 0.9902359 0.097765 1.0532281 1 P 0
L 0.1138492 -0.1675196 0.2673925 -0.1675196 0 P 0
L 0.1138492 -0.360433 0.1138492 -0.1675196 0 P 0
L 0.1138492 -0.360433 0.2673925 -0.360433 0 P 0
L 0.1138492 0.1627876 0.1138492 0.355701 0 P 0
L 0.1138492 0.1627876 0.2673925 0.1627876 0 P 0
L 0.1138492 0.355701 0.2673925 0.355701 0 P 0
L 0.1138492 0.4608192 0.1138492 0.6537326 0 P 0
L 0.1138492 0.4608192 0.2673925 0.4608192 0 P 0
L 0.1138492 0.6537326 0.2673925 0.6537326 0 P 0
L 0.1177862 -0.6411417 0.2713295 -0.6411417 0 P 0
L 0.1177862 -0.8340551 0.1177862 -0.6411417 0 P 0
L 0.1177862 -0.8340551 0.2713295 -0.8340551 0 P 0
L 0.1801181 0.9646453 0.1801181 1.0788185 0 P 0
L 0.1801181 0.9646453 0.2431102 0.9646453 0 P 0
L 0.1801181 1.0788185 0.2431102 1.0788185 0 P 0
L 0.1830709 -0.7982284 0.246063 -0.7982284 0 P 0
L 0.1830709 -0.9281496 0.1830709 -0.7982284 0 P 0
L 0.1830709 -0.9281496 0.246063 -0.9281496 0 P 0
L 0.2431102 0.9646453 0.2431102 1.0788185 0 P 0
L 0.246063 -0.9281496 0.246063 -0.7982284 0 P 0
L 0.2673925 -0.360433 0.2673925 -0.1675196 0 P 0
L 0.2673925 0.1627876 0.2673925 0.355701 0 P 0
L 0.2673925 0.4608192 0.2673925 0.6537326 0 P 0
L 0.2713295 -0.8340551 0.2713295 -0.6411417 0 P 0
L 0.2942914 -1.0295275 0.3257874 -1.0295275 1 P 0
L 0.2942914 -1.0925197 0.2942914 -1.0295275 1 P 0
L 0.2942914 -1.0925197 0.3257874 -1.0925197 1 P 0
L 0.3159685 -1.1950668 0.3359685 -1.1950668 2 P 0
L 0.3159685 -1.1950668 0.3869685 -1.1950668 2 P 0
L 0.3159685 -1.2340668 0.3159685 -1.1950668 2 P 0
L 0.3159685 -1.2340668 0.3159685 -1.1950668 2 P 0
L 0.3159685 -1.2340668 0.3359685 -1.2340668 2 P 0
L 0.3159685 -1.2340668 0.3869685 -1.2340668 2 P 0
L 0.3257874 -1.0925197 0.3257874 -1.0295275 1 P 0
L 0.3359685 -1.2340668 0.3359685 -1.1950668 2 P 0
L 0.3669685 -1.1950668 0.3869685 -1.1950668 2 P 0
L 0.3669685 -1.2340668 0.3669685 -1.1950668 2 P 0
L 0.3669685 -1.2340668 0.3869685 -1.2340668 2 P 0
L 0.3681103 1.5531497 0.3681103 1.6318898 3 P 0
L 0.3720473 1.1122048 0.3720473 1.5531497 3 P 0
L 0.3869685 -1.2340668 0.3869685 -1.1950668 2 P 0
L 0.3869685 -1.2340668 0.3869685 -1.1950668 2 P 0
L 0.4045276 -1.0146852 0.4675197 -1.0146852 0 P 0
L 0.4045276 -1.1288584 0.4045276 -1.0146852 0 P 0
L 0.4045276 -1.1288584 0.4675197 -1.1288584 0 P 0
L 0.4357365 1.2858661 0.4357365 1.4558661 1 P 0
L 0.4357365 1.2858661 0.6057365 1.2858661 1 P 0
L 0.4357365 1.4558661 0.6057365 1.4558661 1 P 0
L 0.4675197 -1.1288584 0.4675197 -1.0146852 0 P 0
L 0.4941181 -1.1950669 0.5141181 -1.1950669 2 P 0
L 0.4941181 -1.1950669 0.5651181 -1.1950669 2 P 0
L 0.4941181 -1.2340669 0.4941181 -1.1950669 2 P 0
L 0.4941181 -1.2340669 0.4941181 -1.1950669 2 P 0
L 0.4941181 -1.2340669 0.5141181 -1.2340669 2 P 0
L 0.4941181 -1.2340669 0.5651181 -1.2340669 2 P 0
L 0.5141181 -1.2340669 0.5141181 -1.1950669 2 P 0
L 0.5451181 -1.1950669 0.5651181 -1.1950669 2 P 0
L 0.5451181 -1.2340669 0.5451181 -1.1950669 2 P 0
L 0.5451181 -1.2340669 0.5651181 -1.2340669 2 P 0
L 0.5651181 -1.2340669 0.5651181 -1.1950669 2 P 0
L 0.5651181 -1.2340669 0.5651181 -1.1950669 2 P 0
L 0.6057365 1.2858661 0.6057365 1.4558661 1 P 0
L 0.625 -0.0671654 0.7431102 -0.0671654 0 P 0
L 0.625 -0.1852756 0.625 -0.0671654 0 P 0
L 0.625 -0.1852756 0.7431102 -0.1852756 0 P 0
L 0.625 -0.601378 0.7431102 -0.601378 0 P 0
L 0.625 -0.7194882 0.625 -0.601378 0 P 0
L 0.625 -0.7194882 0.7431102 -0.7194882 0 P 0
L 0.625 0.3035827 0.625 0.4216929 0 P 0
L 0.625 0.3035827 0.7431102 0.3035827 0 P 0
L 0.625 0.4216929 0.7431102 0.4216929 0 P 0
L 0.625 0.7959055 0.625 0.9140157 0 P 0
L 0.625 0.7959055 0.7431102 0.7959055 0 P 0
L 0.625 0.9140157 0.7431102 0.9140157 0 P 0
L 0.6250001 -1.066929 0.6564961 -1.066929 1 P 0
L 0.6250001 -1.1299212 0.6250001 -1.066929 1 P 0
L 0.6250001 -1.1299212 0.6564961 -1.1299212 1 P 0
L 0.6564961 -1.1299212 0.6564961 -1.066929 1 P 0
L 0.7431102 -0.1852756 0.7431102 -0.0671654 0 P 0
L 0.7431102 -0.7194882 0.7431102 -0.601378 0 P 0
L 0.7431102 0.3035827 0.7431102 0.4216929 0 P 0
L 0.7431102 0.7959055 0.7431102 0.9140157 0 P 0
L 0.7952755 1.1348426 0.7952755 1.2490158 0 P 0
L 0.7952755 1.1348426 0.8582676 1.1348426 0 P 0
L 0.7952755 1.2490158 0.8582676 1.2490158 0 P 0
L 0.8582676 1.1348426 0.8582676 1.2490158 0 P 0
L 0.9429134 1.1584645 0.9429134 1.2214567 1 P 0
L 0.9429134 1.1584645 0.9744094 1.1584645 1 P 0
L 0.9429134 1.2214567 0.9744094 1.2214567 1 P 0
L 0.9744094 1.1584645 0.9744094 1.2214567 1 P 0
