#Layer_Color=32896
#
#Feature symbol names
#
$0 r7.874

#
#Feature attribute names
#

#
#Layer features
#
L -0.0127952 -0.6314289 0.0187008 -0.6314289 0 P 0
L -0.0127952 -0.6944211 -0.0127952 -0.6314289 0 P 0
L -0.0127952 -0.6944211 0.0187008 -0.6944211 0 P 0
L -0.0137795 -0.2248703 -0.0137795 -0.1618781 0 P 0
L -0.0137796 0.2833272 -0.0137796 0.3463194 0 P 0
L -0.0167323 0.6487489 -0.0167323 0.7117411 0 P 0
L -0.0167323 0.6487489 0.0147637 0.6487489 0 P 0
L -0.0167323 0.7117411 0.0147637 0.7117411 0 P 0
L -0.0452755 -0.1618781 -0.0137795 -0.1618781 0 P 0
L -0.0452755 -0.2248703 -0.0137795 -0.2248703 0 P 0
L -0.0452755 -0.2248703 -0.0452755 -0.1618781 0 P 0
L -0.0452756 0.2833272 -0.0137796 0.2833272 0 P 0
L -0.0452756 0.2833272 -0.0452756 0.3463194 0 P 0
L -0.0452756 0.3463194 -0.0137796 0.3463194 0 P 0
L -0.0807087 1.023622 -0.0807087 1.0787402 0 P 0
L -0.1259842 0.0383859 -0.1259842 0.0698819 0 P 0
L -0.1279527 0.9635827 -0.1279527 0.9950787 0 P 0
L -0.128937 0.3907481 -0.128937 0.4222441 0 P 0
L -0.1397637 -0.382874 -0.1397637 -0.351378 0 P 0
L -0.1614172 0.2684963 -0.1614172 0.2999923 0 P 0
L -0.1614173 -0.2401574 -0.1614173 -0.2086614 0 P 0
L -0.1614173 -0.3238189 -0.1614173 -0.2923229 0 P 0
L -0.1614173 -0.8027559 -0.1614173 -0.7712599 0 P 0
L -0.1614173 0.1761811 -0.1614173 0.2076771 0 P 0
L -0.1614174 0.5165279 -0.1614174 0.5480239 0 P 0
L -0.1614174 0.633918 -0.1614174 0.665414 0 P 0
L -0.1615035 -0.709252 -0.1615035 -0.677756 0 P 0
L -0.1889764 0.0383859 -0.1259842 0.0383859 0 P 0
L -0.1889764 0.0383859 -0.1889764 0.0698819 0 P 0
L -0.1889764 0.0698819 -0.1259842 0.0698819 0 P 0
L -0.1909448 1.1393701 -0.1909448 1.2543307 0 P 0
L -0.1909449 0.9635827 -0.1279527 0.9635827 0 P 0
L -0.1909449 0.9635827 -0.1909449 0.9950787 0 P 0
L -0.1909449 0.9950787 -0.1279527 0.9950787 0 P 0
L -0.1919292 0.3907481 -0.128937 0.3907481 0 P 0
L -0.1919292 0.3907481 -0.1919292 0.4222441 0 P 0
L -0.1919292 0.4222441 -0.128937 0.4222441 0 P 0
L -0.1988189 1.023622 -0.0807087 1.023622 0 P 0
L -0.1988189 1.023622 -0.1988189 1.0787402 0 P 0
L -0.1988189 1.0787402 -0.0807087 1.0787402 0 P 0
L -0.2027559 -0.351378 -0.1397637 -0.351378 0 P 0
L -0.2027559 -0.382874 -0.1397637 -0.382874 0 P 0
L -0.2027559 -0.382874 -0.2027559 -0.351378 0 P 0
L -0.2244094 0.2684963 -0.1614172 0.2684963 0 P 0
L -0.2244094 0.2684963 -0.2244094 0.2999923 0 P 0
L -0.2244094 0.2999923 -0.1614172 0.2999923 0 P 0
L -0.2244095 -0.2086614 -0.1614173 -0.2086614 0 P 0
L -0.2244095 -0.2401574 -0.1614173 -0.2401574 0 P 0
L -0.2244095 -0.2401574 -0.2244095 -0.2086614 0 P 0
L -0.2244095 -0.2923229 -0.1614173 -0.2923229 0 P 0
L -0.2244095 -0.3238189 -0.1614173 -0.3238189 0 P 0
L -0.2244095 -0.3238189 -0.2244095 -0.2923229 0 P 0
L -0.2244095 -0.7712599 -0.1614173 -0.7712599 0 P 0
L -0.2244095 -0.8027559 -0.1614173 -0.8027559 0 P 0
L -0.2244095 -0.8027559 -0.2244095 -0.7712599 0 P 0
L -0.2244095 0.1761811 -0.1614173 0.1761811 0 P 0
L -0.2244095 0.1761811 -0.2244095 0.2076771 0 P 0
L -0.2244095 0.2076771 -0.1614173 0.2076771 0 P 0
L -0.2244096 0.5165279 -0.1614174 0.5165279 0 P 0
L -0.2244096 0.5165279 -0.2244096 0.5480239 0 P 0
L -0.2244096 0.5480239 -0.1614174 0.5480239 0 P 0
L -0.2244096 0.633918 -0.1614174 0.633918 0 P 0
L -0.2244096 0.633918 -0.2244096 0.665414 0 P 0
L -0.2244096 0.665414 -0.1614174 0.665414 0 P 0
L -0.2244957 -0.677756 -0.1615035 -0.677756 0 P 0
L -0.2244957 -0.709252 -0.1615035 -0.709252 0 P 0
L -0.2244957 -0.709252 -0.2244957 -0.677756 0 P 0
L -0.242126 1.1393701 -0.1909448 1.1393701 0 P 0
L -0.242126 1.1393701 -0.242126 1.2543307 0 P 0
L -0.242126 1.2543307 -0.1909448 1.2543307 0 P 0
L -0.4183071 -0.0561024 -0.4183071 0.0068898 0 P 0
L -0.4183071 -0.601378 -0.4183071 -0.5383858 0 P 0
L -0.4183071 0.9005905 -0.4183071 0.9635827 0 P 0
L -0.4242126 0.3956693 -0.4242126 0.4586615 0 P 0
L -0.4409449 1.2125984 -0.4409449 1.2755906 0 P 0
L -0.4498031 -0.0561024 -0.4183071 -0.0561024 0 P 0
L -0.4498031 -0.0561024 -0.4498031 0.0068898 0 P 0
L -0.4498031 -0.5383858 -0.4183071 -0.5383858 0 P 0
L -0.4498031 -0.601378 -0.4183071 -0.601378 0 P 0
L -0.4498031 -0.601378 -0.4498031 -0.5383858 0 P 0
L -0.4498031 0.0068898 -0.4183071 0.0068898 0 P 0
L -0.4498031 0.9005905 -0.4183071 0.9005905 0 P 0
L -0.4498031 0.9005905 -0.4498031 0.9635827 0 P 0
L -0.4498031 0.9635827 -0.4183071 0.9635827 0 P 0
L -0.4557086 0.3956693 -0.4242126 0.3956693 0 P 0
L -0.4557086 0.3956693 -0.4557086 0.4586615 0 P 0
L -0.4557086 0.4586615 -0.4242126 0.4586615 0 P 0
L -0.4724409 1.2125984 -0.4409449 1.2125984 0 P 0
L -0.4724409 1.2125984 -0.4724409 1.2755906 0 P 0
L -0.4724409 1.2755906 -0.4409449 1.2755906 0 P 0
L -0.4970471 -1.4074802 -0.4970471 -1.3759842 0 P 0
L -0.5226378 0.6416803 -0.5226378 0.8149087 0 P 0
L -0.5314961 -0.3346457 -0.5314961 -0.1614173 0 P 0
L -0.5314961 -0.8503937 -0.5314961 -0.6771653 0 P 0
L -0.5314961 0.1496063 -0.5314961 0.3228347 0 P 0
L -0.5600393 -1.3759842 -0.4970471 -1.3759842 0 P 0
L -0.5600393 -1.4074802 -0.4970471 -1.4074802 0 P 0
L -0.5600393 -1.4074802 -0.5600393 -1.3759842 0 P 0
L -0.6318899 1.3307087 -0.6318899 1.3622047 0 P 0
L -0.6948821 1.3307087 -0.6318899 1.3307087 0 P 0
L -0.6948821 1.3307087 -0.6948821 1.3622047 0 P 0
L -0.6948821 1.3622047 -0.6318899 1.3622047 0 P 0
L -0.7194882 0.6416803 -0.5226378 0.6416803 0 P 0
L -0.7194882 0.6416803 -0.7194882 0.8149087 0 P 0
L -0.7194882 0.8149087 -0.5226378 0.8149087 0 P 0
L -0.7283465 -0.1614173 -0.5314961 -0.1614173 0 P 0
L -0.7283465 -0.3346457 -0.5314961 -0.3346457 0 P 0
L -0.7283465 -0.3346457 -0.7283465 -0.1614173 0 P 0
L -0.7283465 -0.6771653 -0.5314961 -0.6771653 0 P 0
L -0.7283465 -0.8503937 -0.5314961 -0.8503937 0 P 0
L -0.7283465 -0.8503937 -0.7283465 -0.6771653 0 P 0
L -0.7283465 0.1496063 -0.5314961 0.1496063 0 P 0
L -0.7283465 0.1496063 -0.7283465 0.3228347 0 P 0
L -0.7283465 0.3228347 -0.5314961 0.3228347 0 P 0
L -0.753937 0.6771133 -0.753937 0.7440425 0 P 0
L -0.7627953 -0.2992127 -0.7627953 -0.2322835 0 P 0
L -0.7627953 -0.8149607 -0.7627953 -0.7480315 0 P 0
L -0.7627953 0.1850393 -0.7627953 0.2519685 0 P 0
L -0.7706693 0.4931102 -0.7706693 0.5561024 0 P 0
L -0.7721456 0.9291339 -0.7721456 0.9606299 0 P 0
L -0.7755906 -0.0187793 -0.7755906 0.0442129 0 P 0
L -0.7854331 -0.5472441 -0.7854331 -0.4842519 0 P 0
L -0.78937 0.6771133 -0.753937 0.6771133 0 P 0
L -0.78937 0.6771133 -0.78937 0.7440425 0 P 0
L -0.78937 0.7440425 -0.753937 0.7440425 0 P 0
L -0.7982283 -0.2322835 -0.7627953 -0.2322835 0 P 0
L -0.7982283 -0.2992127 -0.7627953 -0.2992127 0 P 0
L -0.7982283 -0.2992127 -0.7982283 -0.2322835 0 P 0
L -0.7982283 -0.7480315 -0.7627953 -0.7480315 0 P 0
L -0.7982283 -0.8149607 -0.7627953 -0.8149607 0 P 0
L -0.7982283 -0.8149607 -0.7982283 -0.7480315 0 P 0
L -0.7982283 0.1850393 -0.7627953 0.1850393 0 P 0
L -0.7982283 0.1850393 -0.7982283 0.2519685 0 P 0
L -0.7982283 0.2519685 -0.7627953 0.2519685 0 P 0
L -0.8021653 0.4931102 -0.7706693 0.4931102 0 P 0
L -0.8021653 0.4931102 -0.8021653 0.5561024 0 P 0
L -0.8021653 0.5561024 -0.7706693 0.5561024 0 P 0
L -0.8070866 -0.0187793 -0.7755906 -0.0187793 0 P 0
L -0.8070866 -0.0187793 -0.8070866 0.0442129 0 P 0
L -0.8070866 0.0442129 -0.7755906 0.0442129 0 P 0
L -0.812925 1.2480318 -0.812925 1.2795278 0 P 0
L -0.8169291 -0.4842519 -0.7854331 -0.4842519 0 P 0
L -0.8169291 -0.5472441 -0.7854331 -0.5472441 0 P 0
L -0.8169291 -0.5472441 -0.8169291 -0.4842519 0 P 0
L -0.8351378 0.9291339 -0.7721456 0.9291339 0 P 0
L -0.8351378 0.9291339 -0.8351378 0.9606299 0 P 0
L -0.8351378 0.9606299 -0.7721456 0.9606299 0 P 0
L -0.8582678 1.1194057 -0.8582678 1.1804293 0 P 0
L -0.8759172 1.2480318 -0.812925 1.2480318 0 P 0
L -0.8759172 1.2480318 -0.8759172 1.2795278 0 P 0
L -0.8759172 1.2795278 -0.812925 1.2795278 0 P 0
L -0.8917324 1.1194057 -0.8582678 1.1194057 0 P 0
L -0.8917324 1.1194057 -0.8917324 1.1804293 0 P 0
L -0.8917324 1.1804293 -0.8582678 1.1804293 0 P 0
L -0.9419292 1.117889 -0.9419292 1.1808812 0 P 0
L -0.9734252 1.117889 -0.9419292 1.117889 0 P 0
L -0.9734252 1.117889 -0.9734252 1.1808812 0 P 0
L -0.9734252 1.1808812 -0.9419292 1.1808812 0 P 0
L 0.0147637 0.6487489 0.0147637 0.7117411 0 P 0
L 0.0187008 -0.6944211 0.0187008 -0.6314289 0 P 0
L 0.0246064 -0.0028855 0.0561024 -0.0028855 0 P 0
L 0.0246064 -0.0658777 0.0246064 -0.0028855 0 P 0
L 0.0246064 -0.0658777 0.0561024 -0.0658777 0 P 0
L 0.0246064 0.2829413 0.0246064 0.3459335 0 P 0
L 0.0246064 0.2829413 0.0561024 0.2829413 0 P 0
L 0.0246064 0.3459335 0.0561024 0.3459335 0 P 0
L 0.0246064 0.8601064 0.0246064 0.9230986 0 P 0
L 0.0246064 0.8601064 0.0561024 0.8601064 0 P 0
L 0.0246064 0.9230986 0.0561024 0.9230986 0 P 0
L 0.0246065 -0.4280824 0.0561025 -0.4280824 0 P 0
L 0.0246065 -0.4910746 0.0246065 -0.4280824 0 P 0
L 0.0246065 -0.4910746 0.0561025 -0.4910746 0 P 0
L 0.0561024 -0.0658777 0.0561024 -0.0028855 0 P 0
L 0.0561024 0.2829413 0.0561024 0.3459335 0 P 0
L 0.0561024 0.8601064 0.0561024 0.9230986 0 P 0
L 0.0561025 -0.4910746 0.0561025 -0.4280824 0 P 0
L 0.132874 -0.0492126 0.1958662 -0.0492126 0 P 0
L 0.132874 -0.0807086 0.132874 -0.0492126 0 P 0
L 0.132874 -0.0807086 0.1958662 -0.0807086 0 P 0
L 0.132874 -0.1240158 0.1958662 -0.1240158 0 P 0
L 0.132874 -0.1555118 0.132874 -0.1240158 0 P 0
L 0.132874 -0.1555118 0.1958662 -0.1555118 0 P 0
L 0.132874 0.8444882 0.132874 0.8759842 0 P 0
L 0.132874 0.8444882 0.1958662 0.8444882 0 P 0
L 0.132874 0.8759842 0.1958662 0.8759842 0 P 0
L 0.1328741 0.7627953 0.1328741 0.7942913 0 P 0
L 0.1328741 0.7627953 0.1958663 0.7627953 0 P 0
L 0.1328741 0.7942913 0.1958663 0.7942913 0 P 0
L 0.1338581 -0.5541339 0.1968503 -0.5541339 0 P 0
L 0.1338581 -0.5856299 0.1338581 -0.5541339 0 P 0
L 0.1338581 -0.5856299 0.1968503 -0.5856299 0 P 0
L 0.1338582 0.1830709 0.1338582 0.2145669 0 P 0
L 0.1338582 0.1830709 0.1968504 0.1830709 0 P 0
L 0.1338582 0.2145669 0.1968504 0.2145669 0 P 0
L 0.1338582 0.2684964 0.1338582 0.2999924 0 P 0
L 0.1338582 0.2684964 0.1968504 0.2684964 0 P 0
L 0.1338582 0.2999924 0.1968504 0.2999924 0 P 0
L 0.1348425 -0.4744095 0.1978347 -0.4744095 0 P 0
L 0.1348425 -0.5059055 0.1348425 -0.4744095 0 P 0
L 0.1348425 -0.5059055 0.1978347 -0.5059055 0 P 0
L 0.1594488 0.6950759 0.1594488 0.7265719 0 P 0
L 0.1594488 0.6950759 0.222441 0.6950759 0 P 0
L 0.1594488 0.7265719 0.222441 0.7265719 0 P 0
L 0.1630617 -0.5761812 0.2260539 -0.5761812 0 P 0
L 0.1630617 -0.6076772 0.1630617 -0.5761812 0 P 0
L 0.1630617 -0.6076772 0.2260539 -0.6076772 0 P 0
L 0.1633858 -0.0964567 0.226378 -0.0964567 0 P 0
L 0.1633858 -0.1279527 0.1633858 -0.0964567 0 P 0
L 0.1633858 -0.1279527 0.226378 -0.1279527 0 P 0
L 0.16437 0.3907481 0.16437 0.4222441 0 P 0
L 0.16437 0.3907481 0.2273622 0.3907481 0 P 0
L 0.16437 0.4222441 0.2273622 0.4222441 0 P 0
L 0.1958662 -0.0807086 0.1958662 -0.0492126 0 P 0
L 0.1958662 -0.1555118 0.1958662 -0.1240158 0 P 0
L 0.1958662 0.8444882 0.1958662 0.8759842 0 P 0
L 0.1958663 0.7627953 0.1958663 0.7942913 0 P 0
L 0.1968503 -0.5856299 0.1968503 -0.5541339 0 P 0
L 0.1968504 0.1830709 0.1968504 0.2145669 0 P 0
L 0.1968504 0.2684964 0.1968504 0.2999924 0 P 0
L 0.1978347 -0.5059055 0.1978347 -0.4744095 0 P 0
L 0.222441 0.6950759 0.222441 0.7265719 0 P 0
L 0.2234253 -1.0295275 0.2549213 -1.0295275 0 P 0
L 0.2234253 -1.0925197 0.2234253 -1.0295275 0 P 0
L 0.2234253 -1.0925197 0.2549213 -1.0925197 0 P 0
L 0.2260539 -0.6076772 0.2260539 -0.5761812 0 P 0
L 0.226378 -0.1279527 0.226378 -0.0964567 0 P 0
L 0.2273622 0.3907481 0.2273622 0.4222441 0 P 0
L 0.2549213 -1.0925197 0.2549213 -1.0295275 0 P 0
L 0.3287404 -0.8001969 0.3917326 -0.8001969 0 P 0
L 0.3287404 -0.8316929 0.3287404 -0.8001969 0 P 0
L 0.3287404 -0.8316929 0.3917326 -0.8316929 0 P 0
L 0.3287404 -0.8946851 0.3917326 -0.8946851 0 P 0
L 0.3287404 -0.9261811 0.3287404 -0.8946851 0 P 0
L 0.3287404 -0.9261811 0.3917326 -0.9261811 0 P 0
L 0.3917326 -0.8316929 0.3917326 -0.8001969 0 P 0
L 0.3917326 -0.9261811 0.3917326 -0.8946851 0 P 0
L 0.4586613 1.218504 0.4586613 1.25 0 P 0
L 0.4586613 1.218504 0.5216535 1.218504 0 P 0
L 0.4586613 1.25 0.5216535 1.25 0 P 0
L 0.46063 -0.0600394 0.46063 0.0029528 0 P 0
L 0.46063 -0.0600394 0.492126 -0.0600394 0 P 0
L 0.46063 0.0029528 0.492126 0.0029528 0 P 0
L 0.4714567 0.8966535 0.4714567 0.9596457 0 P 0
L 0.4714567 0.8966535 0.5029527 0.8966535 0 P 0
L 0.4714567 0.9596457 0.5029527 0.9596457 0 P 0
L 0.480315 -0.5531496 0.511811 -0.5531496 0 P 0
L 0.480315 -0.6161418 0.480315 -0.5531496 0 P 0
L 0.480315 -0.6161418 0.511811 -0.6161418 0 P 0
L 0.480315 0.4084645 0.480315 0.4714567 0 P 0
L 0.480315 0.4084645 0.511811 0.4084645 0 P 0
L 0.480315 0.4714567 0.511811 0.4714567 0 P 0
L 0.492126 -0.0600394 0.492126 0.0029528 0 P 0
L 0.5029527 0.8966535 0.5029527 0.9596457 0 P 0
L 0.511811 -0.6161418 0.511811 -0.5531496 0 P 0
L 0.511811 0.4084645 0.511811 0.4714567 0 P 0
L 0.5216535 1.218504 0.5216535 1.25 0 P 0
L 0.5462599 -1.066929 0.5777559 -1.066929 0 P 0
L 0.5462599 -1.1299212 0.5462599 -1.066929 0 P 0
L 0.5462599 -1.1299212 0.5777559 -1.1299212 0 P 0
L 0.5777559 -1.1299212 0.5777559 -1.066929 0 P 0
L 0.5856299 -0.1614173 0.7824803 -0.1614173 0 P 0
L 0.5856299 -0.3346457 0.5856299 -0.1614173 0 P 0
L 0.5856299 -0.3346457 0.7824803 -0.3346457 0 P 0
L 0.5856299 -0.6771502 0.7824803 -0.6771502 0 P 0
L 0.5856299 -0.8503786 0.5856299 -0.6771502 0 P 0
L 0.5856299 -0.8503786 0.7824803 -0.8503786 0 P 0
L 0.5856299 0.1496063 0.5856299 0.3228347 0 P 0
L 0.5856299 0.1496063 0.7824803 0.1496063 0 P 0
L 0.5856299 0.3228347 0.7824803 0.3228347 0 P 0
L 0.5856299 0.6416929 0.5856299 0.8149213 0 P 0
L 0.5856299 0.6416929 0.7824803 0.6416929 0 P 0
L 0.5856299 0.8149213 0.7824803 0.8149213 0 P 0
L 0.5955396 1.218504 0.5955396 1.25 0 P 0
L 0.5955396 1.218504 0.6585318 1.218504 0 P 0
L 0.5955396 1.25 0.6585318 1.25 0 P 0
L 0.6585318 1.218504 0.6585318 1.25 0 P 0
L 0.7824803 -0.3346457 0.7824803 -0.1614173 0 P 0
L 0.7824803 -0.8503786 0.7824803 -0.6771502 0 P 0
L 0.7824803 0.1496063 0.7824803 0.3228347 0 P 0
L 0.7824803 0.6416929 0.7824803 0.8149213 0 P 0
L 0.8080709 -0.2224409 0.8435039 -0.2224409 0 P 0
L 0.8080709 -0.2893701 0.8080709 -0.2224409 0 P 0
L 0.8080709 -0.2893701 0.8435039 -0.2893701 0 P 0
L 0.8100394 -0.742126 0.8454724 -0.742126 0 P 0
L 0.8100394 -0.8090552 0.8100394 -0.742126 0 P 0
L 0.8100394 -0.8090552 0.8454724 -0.8090552 0 P 0
L 0.8169292 0.1889763 0.8169292 0.2559055 0 P 0
L 0.8169292 0.1889763 0.8523622 0.1889763 0 P 0
L 0.8169292 0.2559055 0.8523622 0.2559055 0 P 0
L 0.8169292 0.6791338 0.8169292 0.746063 0 P 0
L 0.8169292 0.6791338 0.8523622 0.6791338 0 P 0
L 0.8169292 0.746063 0.8523622 0.746063 0 P 0
L 0.8218504 -0.4940945 0.8533464 -0.4940945 0 P 0
L 0.8218504 -0.5570867 0.8218504 -0.4940945 0 P 0
L 0.8218504 -0.5570867 0.8533464 -0.5570867 0 P 0
L 0.8267716 0.4625984 0.8267716 0.5255906 0 P 0
L 0.8267716 0.4625984 0.8582676 0.4625984 0 P 0
L 0.8267716 0.5255906 0.8582676 0.5255906 0 P 0
L 0.8267717 -0.0187008 0.8267717 0.0442914 0 P 0
L 0.8267717 -0.0187008 0.8582677 -0.0187008 0 P 0
L 0.8267717 0.0442914 0.8582677 0.0442914 0 P 0
L 0.8385827 0.9173228 0.8385827 0.9488188 0 P 0
L 0.8385827 0.9173228 0.9015749 0.9173228 0 P 0
L 0.8385827 0.9488188 0.9015749 0.9488188 0 P 0
L 0.8435039 -0.2893701 0.8435039 -0.2224409 0 P 0
L 0.8454724 -0.8090552 0.8454724 -0.742126 0 P 0
L 0.8523622 0.1889763 0.8523622 0.2559055 0 P 0
L 0.8523622 0.6791338 0.8523622 0.746063 0 P 0
L 0.8533464 -0.5570867 0.8533464 -0.4940945 0 P 0
L 0.8582676 0.4625984 0.8582676 0.5255906 0 P 0
L 0.8582677 -0.0187008 0.8582677 0.0442914 0 P 0
L 0.9015749 0.9173228 0.9015749 0.9488188 0 P 0
