UNITS=MM
#Layer_Color=16711935
#
#Feature symbol names
#
$0 r149.9997

#
#Feature attribute names
#

#
#Layer features
#
A -2.50002294 -0.00002032 -2.50002294 -0.00002032 -4.00002248 -0.00002032 0 P 0 N
A -2.50002294 -4.00002248 -2.50002294 -4.00002248 -4.00002248 -4.00002248 0 P 0 N
A -2.50002294 -8.00001956 -2.50002294 -8.00001956 -4.00002248 -8.00001956 0 P 0 N
A -2.50002294 -11.9000016 -2.50002294 -11.9000016 -4.00002248 -11.9000016 0 P 0 N
A -2.50002294 -16.00002388 -2.50002294 -16.00002388 -4.00002248 -16.00002388 0 P 0 N
A -2.50002294 3.89999728 -2.50002294 3.89999728 -4.00002248 3.89999728 0 P 0 N
A -2.50002294 7.99997384 -2.50002294 7.99997384 -4.00002248 7.99997384 0 P 0 N
A -2.50002294 11.9000016 -2.50002294 11.9000016 -4.00002248 11.9000016 0 P 0 N
A -2.50002294 15.99997816 -2.50002294 15.99997816 -4.00002248 15.99997816 0 P 0 N
A -6.50001494 -0.00002032 -6.50001494 -0.00002032 -8.00001448 -0.00002032 0 P 0 N
A -6.50001494 -4.00002248 -6.50001494 -4.00002248 -8.00001448 -4.00002248 0 P 0 N
A -6.50001494 -8.00001956 -6.50001494 -8.00001956 -8.00001448 -8.00001956 0 P 0 N
A -6.50001494 -11.9000016 -6.50001494 -11.9000016 -8.00001448 -11.9000016 0 P 0 N
A -6.5000251 3.89999728 -6.5000251 3.89999728 -8.00002464 3.89999728 0 P 0 N
A -6.5000251 7.99997384 -6.5000251 7.99997384 -8.00002464 7.99997384 0 P 0 N
A -6.5000251 11.9000016 -6.5000251 11.9000016 -8.00002464 11.9000016 0 P 0 N
A -10.5000171 -0.00002032 -10.5000171 -0.00002032 -12.00001664 -0.00002032 0 P 0 N
A -10.5000171 -4.00002248 -10.5000171 -4.00002248 -12.00001664 -4.00002248 0 P 0 N
A -10.5000171 -8.00001956 -10.5000171 -8.00001956 -12.00001664 -8.00001956 0 P 0 N
A -10.5000171 -11.9000016 -10.5000171 -11.9000016 -12.00001664 -11.9000016 0 P 0 N
A -10.50002218 3.89999728 -10.50002218 3.89999728 -12.00002172 3.89999728 0 P 0 N
A -10.50002218 7.99997384 -10.50002218 7.99997384 -12.00002172 7.99997384 0 P 0 N
A -10.50002218 11.9000016 -10.50002218 11.9000016 -12.00002172 11.9000016 0 P 0 N
A -14.50001926 -0.00002032 -14.50001926 -0.00002032 -16.0000188 -0.00002032 0 P 0 N
A -14.50001926 -4.00002248 -14.50001926 -4.00002248 -16.0000188 -4.00002248 0 P 0 N
A -14.50002434 3.89999728 -14.50002434 3.89999728 -16.00002388 3.89999728 0 P 0 N
A 1.49997922 -0.00002032 1.49997922 -0.00002032 -0.00002032 -0.00002032 0 P 0 N
A 1.49997922 -4.00002248 1.49997922 -4.00002248 -0.00002032 -4.00002248 0 P 0 N
A 1.49997922 -8.00001956 1.49997922 -8.00001956 -0.00002032 -8.00001956 0 P 0 N
A 1.49997922 -11.99999632 1.49997922 -11.99999632 -0.00002032 -11.99999632 0 P 0 N
A 1.49997922 -16.00002388 1.49997922 -16.00002388 -0.00002032 -16.00002388 0 P 0 N
A 1.49997922 4.10000704 1.49997922 4.10000704 -0.00002032 4.10000704 0 P 0 N
A 1.49997922 7.99997384 1.49997922 7.99997384 -0.00002032 7.99997384 0 P 0 N
A 1.49997922 12.1000012 1.49997922 12.1000012 -0.00002032 12.1000012 0 P 0 N
A 1.49997922 15.99997816 1.49997922 15.99997816 -0.00002032 15.99997816 0 P 0 N
A 5.49997884 -0.00002032 5.49997884 -0.00002032 3.9999793 -0.00002032 0 P 0 N
A 5.49998138 -4.00002248 5.49998138 -4.00002248 3.99998184 -4.00002248 0 P 0 N
A 5.49998138 -8.00001956 5.49998138 -8.00001956 3.99998184 -8.00001956 0 P 0 N
A 5.49998138 -11.99999632 5.49998138 -11.99999632 3.99998184 -11.99999632 0 P 0 N
A 5.49998138 -16.00002388 5.49998138 -16.00002388 3.99998184 -16.00002388 0 P 0 N
A 5.49998138 3.99998184 5.49998138 3.99998184 3.99998184 3.99998184 0 P 0 N
A 5.49998138 7.99997384 5.49998138 7.99997384 3.99998184 7.99997384 0 P 0 N
A 5.49998138 11.999976 5.49998138 11.999976 3.99998184 11.999976 0 P 0 N
A 5.49998138 15.99997816 5.49998138 15.99997816 3.99998184 15.99997816 0 P 0 N
A 9.49997338 3.99998184 9.49997338 3.99998184 7.99997384 3.99998184 0 P 0 N
A 9.49997338 7.99997384 9.49997338 7.99997384 7.99997384 7.99997384 0 P 0 N
A 9.49997338 11.999976 9.49997338 11.999976 7.99997384 11.999976 0 P 0 N
A 9.49998354 -4.00002248 9.49998354 -4.00002248 7.999984 -4.00002248 0 P 0 N
A 9.49998354 -8.00001956 9.49998354 -8.00001956 7.999984 -8.00001956 0 P 0 N
A 9.49998354 -11.99999632 9.49998354 -11.99999632 7.999984 -11.99999632 0 P 0 N
A 9.49998862 -0.00002032 9.49998862 -0.00002032 7.99998908 -0.00002032 0 P 0 N
A 13.49997554 -0.00002032 13.49997554 -0.00002032 11.999976 -0.00002032 0 P 0 N
A 13.49997554 -4.00002248 13.49997554 -4.00002248 11.999976 -4.00002248 0 P 0 N
A 13.49997554 -8.00001956 13.49997554 -8.00001956 11.999976 -8.00001956 0 P 0 N
A 13.49997554 -12.00001664 13.49997554 -12.00001664 11.999976 -12.00001664 0 P 0 N
A 13.49997554 3.99998184 13.49997554 3.99998184 11.999976 3.99998184 0 P 0 N
A 13.49997554 7.99997384 13.49997554 7.99997384 11.999976 7.99997384 0 P 0 N
A 13.49997554 11.999976 13.49997554 11.999976 11.999976 11.999976 0 P 0 N
A 17.4999777 -0.00002032 17.4999777 -0.00002032 15.99997816 -0.00002032 0 P 0 N
A 17.4999777 -4.00002248 17.4999777 -4.00002248 15.99997816 -4.00002248 0 P 0 N
A 17.4999777 3.99998184 17.4999777 3.99998184 15.99997816 3.99998184 0 P 0 N
