#Layer_Color=0
#
#Feature symbol names
#
$0 r3.937

#
#Feature attribute names
#

#
#Layer features
#
L -0.0009843 0.66056 -0.0009843 0.69993 0 P 0
L -0.0167322 -0.662925 0.0226378 -0.662925 0 P 0
L -0.0206693 0.680245 0.0187007 0.680245 0 P 0
L -0.0295275 -0.2130592 -0.0295275 -0.1736892 0 P 0
L -0.0295276 0.2951383 -0.0295276 0.3345083 0 P 0
L -0.0492125 -0.1933742 -0.0098425 -0.1933742 0 P 0
L -0.0492126 0.3148233 -0.0098426 0.3148233 0 P 0
L -0.1397638 1.0314961 -0.1397638 1.0708661 0 P 0
L -0.1594488 1.0511811 -0.1200788 1.0511811 0 P 0
L -0.1929133 0.2645593 -0.1929133 0.3039293 0 P 0
L -0.1929134 -0.2440944 -0.1929134 -0.2047244 0 P 0
L -0.1929134 -0.3277559 -0.1929134 -0.2883859 0 P 0
L -0.1929134 -0.8066929 -0.1929134 -0.7673229 0 P 0
L -0.1929134 0.1722441 -0.1929134 0.2116141 0 P 0
L -0.1929135 0.5125909 -0.1929135 0.5519609 0 P 0
L -0.1929135 0.629981 -0.1929135 0.669351 0 P 0
L -0.1929996 -0.713189 -0.1929996 -0.673819 0 P 0
L -0.2125983 0.2842443 -0.1732283 0.2842443 0 P 0
L -0.2125984 -0.2244094 -0.1732284 -0.2244094 0 P 0
L -0.2125984 -0.3080709 -0.1732284 -0.3080709 0 P 0
L -0.2125984 -0.7870079 -0.1732284 -0.7870079 0 P 0
L -0.2125984 0.1919291 -0.1732284 0.1919291 0 P 0
L -0.2125985 0.5322759 -0.1732285 0.5322759 0 P 0
L -0.2125985 0.649666 -0.1732285 0.649666 0 P 0
L -0.2126846 -0.693504 -0.1733146 -0.693504 0 P 0
L -0.2165354 1.1771654 -0.2165354 1.2165354 0 P 0
L -0.2362204 1.1968504 -0.1968504 1.1968504 0 P 0
L -0.4566929 1.2244095 -0.4566929 1.2637795 0 P 0
L -0.4763779 1.2440945 -0.4370079 1.2440945 0 P 0
L -0.621063 0.7086095 -0.621063 0.7479795 0 P 0
L -0.6299213 -0.2677165 -0.6299213 -0.2283465 0 P 0
L -0.6299213 -0.7834645 -0.6299213 -0.7440945 0 P 0
L -0.6299213 0.2165355 -0.6299213 0.2559055 0 P 0
L -0.640748 0.7282945 -0.601378 0.7282945 0 P 0
L -0.6496063 -0.2480315 -0.6102363 -0.2480315 0 P 0
L -0.6496063 -0.7637795 -0.6102363 -0.7637795 0 P 0
L -0.6496063 0.2362205 -0.6102363 0.2362205 0 P 0
L -0.663386 1.3267717 -0.663386 1.3661417 0 P 0
L -0.683071 1.3464567 -0.643701 1.3464567 0 P 0
L -0.7716535 0.6908929 -0.7716535 0.7302629 0 P 0
L -0.7805118 -0.2854331 -0.7805118 -0.2460631 0 P 0
L -0.7805118 -0.8011811 -0.7805118 -0.7618111 0 P 0
L -0.7805118 0.1988189 -0.7805118 0.2381889 0 P 0
L -0.7913385 0.7105779 -0.7519685 0.7105779 0 P 0
L -0.8001968 -0.2657481 -0.7608268 -0.2657481 0 P 0
L -0.8001968 -0.7814961 -0.7608268 -0.7814961 0 P 0
L -0.8001968 0.2185039 -0.7608268 0.2185039 0 P 0
L -0.8444211 1.2440948 -0.8444211 1.2834648 0 P 0
L -0.8641061 1.2637798 -0.8247361 1.2637798 0 P 0
L -0.8750001 1.1302325 -0.8750001 1.1696025 0 P 0
L -0.8946851 1.1499175 -0.8553151 1.1499175 0 P 0
L -0.9576772 1.1297001 -0.9576772 1.1690701 0 P 0
L -0.9773622 1.1493851 -0.9379922 1.1493851 0 P 0
L -1.1377953 -0.4734101 -1.1377953 -0.4340401 0 P 0
L -1.1377953 0.4331306 -1.1377953 0.4725006 0 P 0
L -1.1574803 -0.4537251 -1.1181103 -0.4537251 0 P 0
L -1.1574803 0.4528156 -1.1181103 0.4528156 0 P 0
L 0.0029528 -0.68261 0.0029528 -0.64324 0 P 0
L 0.062332 1.021732 0.101702 1.021732 0 P 0
L 0.082017 1.002047 0.082017 1.041417 0 P 0
L 0.1712599 0.7108239 0.2106299 0.7108239 0 P 0
L 0.1748728 -0.5919292 0.2142428 -0.5919292 0 P 0
L 0.1751969 -0.1122047 0.2145669 -0.1122047 0 P 0
L 0.1761811 0.4064961 0.2155511 0.4064961 0 P 0
L 0.1909449 0.6911389 0.1909449 0.7305089 0 P 0
L 0.1945578 -0.6116142 0.1945578 -0.5722442 0 P 0
L 0.1948819 -0.1318897 0.1948819 -0.0925197 0 P 0
L 0.1958661 0.3868111 0.1958661 0.4261811 0 P 0
L 0.456693 -0.0285433 0.496063 -0.0285433 0 P 0
L 0.4675197 0.9281496 0.5068897 0.9281496 0 P 0
L 0.4704724 1.234252 0.5098424 1.234252 0 P 0
L 0.476378 -0.0482283 0.476378 -0.0088583 0 P 0
L 0.476378 -0.5846457 0.515748 -0.5846457 0 P 0
L 0.476378 0.4399606 0.515748 0.4399606 0 P 0
L 0.4872047 0.9084646 0.4872047 0.9478346 0 P 0
L 0.4901574 1.214567 0.4901574 1.253937 0 P 0
L 0.496063 -0.6043307 0.496063 -0.5649607 0 P 0
L 0.496063 0.4202756 0.496063 0.4596456 0 P 0
L 0.6073507 1.234252 0.6467207 1.234252 0 P 0
L 0.6270357 1.214567 0.6270357 1.253937 0 P 0
L 0.6437008 -0.5049213 0.6830708 -0.5049213 0 P 0
L 0.6437008 0.5285433 0.6830708 0.5285433 0 P 0
L 0.6446851 1.0187008 0.6840551 1.0187008 0 P 0
L 0.6456692 0.0423228 0.6850392 0.0423228 0 P 0
L 0.6633858 -0.5246063 0.6633858 -0.4852363 0 P 0
L 0.6633858 0.5088583 0.6633858 0.5482283 0 P 0
L 0.6643701 0.9990158 0.6643701 1.0383858 0 P 0
L 0.6653542 0.0226378 0.6653542 0.0620078 0 P 0
L 0.8179134 -0.5255906 0.8572834 -0.5255906 0 P 0
L 0.8228346 0.4940945 0.8622046 0.4940945 0 P 0
L 0.8228347 0.0127953 0.8622047 0.0127953 0 P 0
L 0.8375984 -0.5452756 0.8375984 -0.5059056 0 P 0
L 0.8425196 0.4744095 0.8425196 0.5137795 0 P 0
L 0.8425197 -0.0068897 0.8425197 0.0324803 0 P 0
L 0.8503938 0.9330708 0.8897638 0.9330708 0 P 0
L 0.8700788 0.9133858 0.8700788 0.9527558 0 P 0
L 0.9389764 1.1899606 0.9783464 1.1899606 0 P 0
L 0.9586614 1.1702756 0.9586614 1.2096456 0 P 0
L 1.1181111 -0.4537251 1.1574811 -0.4537251 0 P 0
L 1.1181111 0.4526771 1.1574811 0.4526771 0 P 0
L 1.1377961 -0.4734101 1.1377961 -0.4340401 0 P 0
L 1.1377961 0.4329921 1.1377961 0.4723621 0 P 0
